Client_MAC,Rssi0,Rssi1,Connection_Time,EpocTime
AC:CF:85:28:94:E2,-55,-70,11312,1476567562
64:BC:0C:50:F1:30,-72,-81,85015,1476567562
AC:CF:85:28:94:E2,-59,-70,11372,1476567622
64:BC:0C:50:F1:30,-75,-80,85075,1476567622
AC:CF:85:28:94:E2,-58,-69,11432,1476567682
64:BC:0C:50:F1:30,-76,-81,85135,1476567682
AC:CF:85:28:94:E2,-57,-70,11492,1476567742
64:BC:0C:50:F1:30,-74,-80,85195,1476567742
AC:CF:85:28:94:E2,-62,-66,11552,1476567802
64:BC:0C:50:F1:30,-72,-80,85255,1476567802
AC:CF:85:28:94:E2,-62,-69,11615,1476567865
64:BC:0C:50:F1:30,-75,-79,85318,1476567865
AC:CF:85:28:94:E2,-54,-71,11675,1476567925
64:BC:0C:50:F1:30,-75,-85,85378,1476567925
AC:CF:85:28:94:E2,-52,-69,11735,1476567985
64:BC:0C:50:F1:30,-71,-80,85438,1476567985
AC:CF:85:28:94:E2,-54,-69,11795,1476568045
64:BC:0C:50:F1:30,-75,-81,85498,1476568045
AC:CF:85:28:94:E2,-54,-71,11855,1476568105
64:BC:0C:50:F1:30,-65,-79,85558,1476568105
AC:CF:85:28:94:E2,-56,-72,11918,1476568168
64:BC:0C:50:F1:30,-63,-74,85621,1476568168
AC:CF:85:28:94:E2,-57,-71,11978,1476568228
64:BC:0C:50:F1:30,-62,-76,85681,1476568228
AC:CF:85:28:94:E2,-61,-70,12038,1476568288
64:BC:0C:50:F1:30,-65,-75,85741,1476568288
AC:CF:85:28:94:E2,-57,-67,12098,1476568348
64:BC:0C:50:F1:30,-67,-76,85801,1476568348
AC:CF:85:28:94:E2,-58,-68,12158,1476568408
64:BC:0C:50:F1:30,-61,-76,85861,1476568408
AC:CF:85:28:94:E2,-57,-65,12222,1476568471
64:BC:0C:50:F1:30,-64,-77,85925,1476568471
AC:CF:85:28:94:E2,-54,-66,12282,1476568531
64:BC:0C:50:F1:30,-68,-81,85985,1476568531
AC:CF:85:28:94:E2,-55,-67,12342,1476568591
64:BC:0C:50:F1:30,-68,-76,86045,1476568591
AC:CF:85:28:94:E2,-55,-66,12402,1476568651
64:BC:0C:50:F1:30,-67,-68,86105,1476568651
AC:CF:85:28:94:E2,-57,-65,12462,1476568711
64:BC:0C:50:F1:30,-65,-76,86165,1476568711
AC:CF:85:28:94:E2,-54,-59,12522,1476568771
64:BC:0C:50:F1:30,-57,-67,86225,1476568771
AC:CF:85:28:94:E2,-85,-88,12582,1476568831
64:BC:0C:50:F1:30,-87,-89,86285,1476568831
64:BC:0C:50:F1:30,-87,-89,86345,1476568891
64:BC:0C:50:F1:30,-87,-89,86405,1476568951
64:BC:0C:50:F1:30,-87,-89,86498,1476569044
64:BC:0C:50:F1:30,-87,-89,86558,1476569104
64:BC:0C:50:F1:30,-60,-71,37,1476580661
AC:CF:85:28:94:E2,-64,-71,46,1476580661
64:BC:0C:50:F1:30,-61,-71,97,1476580721
AC:CF:85:28:94:E2,-58,-67,106,1476580721
64:BC:0C:50:F1:30,-60,-70,157,1476580781
AC:CF:85:28:94:E2,-62,-72,166,1476580781
64:BC:0C:50:F1:30,-60,-70,217,1476580841
AC:CF:85:28:94:E2,-62,-71,226,1476580841
64:BC:0C:50:F1:30,-60,-71,277,1476580901
AC:CF:85:28:94:E2,-60,-71,286,1476580901
64:BC:0C:50:F1:30,-60,-71,340,1476580964
AC:CF:85:28:94:E2,-81,-87,349,1476580964
64:BC:0C:50:F1:30,-61,-71,400,1476581024
AC:CF:85:28:94:E2,-81,-87,409,1476581024
64:BC:0C:50:F1:30,-60,-71,460,1476581084
AC:CF:85:28:94:E2,-81,-87,469,1476581084
64:BC:0C:50:F1:30,-58,-71,520,1476581144
AC:CF:85:28:94:E2,-81,-87,529,1476581144
64:BC:0C:50:F1:30,-60,-72,580,1476581204
AC:CF:85:28:94:E2,-81,-87,589,1476581204
64:BC:0C:50:F1:30,-57,-70,640,1476581264
64:BC:0C:50:F1:30,-59,-71,700,1476581324
64:BC:0C:50:F1:30,-60,-71,760,1476581384
64:BC:0C:50:F1:30,-59,-71,820,1476581444
64:BC:0C:50:F1:30,-60,-71,883,1476581507
64:BC:0C:50:F1:30,-60,-71,943,1476581567
64:BC:0C:50:F1:30,-60,-71,1003,1476581627
64:BC:0C:50:F1:30,-61,-71,1063,1476581687
64:BC:0C:50:F1:30,-61,-71,1123,1476581747
64:BC:0C:50:F1:30,-61,-71,1187,1476581810
64:BC:0C:50:F1:30,-58,-70,1247,1476581870
64:BC:0C:50:F1:30,-59,-71,1307,1476581930
64:BC:0C:50:F1:30,-60,-71,1367,1476581990
64:BC:0C:50:F1:30,-60,-71,1427,1476582050
64:BC:0C:50:F1:30,-59,-71,1521,1476582144
64:BC:0C:50:F1:30,-60,-71,1581,1476582204
64:BC:0C:50:F1:30,-60,-71,1641,1476582264
64:BC:0C:50:F1:30,-61,-71,1701,1476582324
64:BC:0C:50:F1:30,-58,-70,1761,1476582384
64:BC:0C:50:F1:30,-58,-71,1824,1476582447
64:BC:0C:50:F1:30,-59,-71,1884,1476582507
64:BC:0C:50:F1:30,-60,-71,1944,1476582567
64:BC:0C:50:F1:30,-60,-71,2004,1476582627
64:BC:0C:50:F1:30,-59,-71,2064,1476582687
64:BC:0C:50:F1:30,-60,-71,2127,1476582750
64:BC:0C:50:F1:30,-61,-71,2187,1476582810
64:BC:0C:50:F1:30,-61,-71,2247,1476582870
64:BC:0C:50:F1:30,-61,-72,2307,1476582930
64:BC:0C:50:F1:30,-62,-72,2367,1476582990
64:BC:0C:50:F1:30,-57,-70,2427,1476583050
64:BC:0C:50:F1:30,-59,-71,2487,1476583110
64:BC:0C:50:F1:30,-60,-71,2547,1476583170
64:BC:0C:50:F1:30,-60,-71,2607,1476583230
64:BC:0C:50:F1:30,-60,-71,2670,1476583293
64:BC:0C:50:F1:30,-61,-71,2730,1476583353
64:BC:0C:50:F1:30,-61,-71,2790,1476583413
64:BC:0C:50:F1:30,-62,-71,2850,1476583474
64:BC:0C:50:F1:30,-62,-72,2910,1476583534
64:BC:0C:50:F1:30,-62,-72,2973,1476583597
64:BC:0C:50:F1:30,-61,-71,3033,1476583657
64:BC:0C:50:F1:30,-61,-72,3093,1476583717
64:BC:0C:50:F1:30,-61,-72,3153,1476583777
64:BC:0C:50:F1:30,-60,-72,3213,1476583837
64:BC:0C:50:F1:30,-60,-71,3320,1476583943
64:BC:0C:50:F1:30,-60,-72,3380,1476584003
64:BC:0C:50:F1:30,-60,-71,3440,1476584063
64:BC:0C:50:F1:30,-61,-71,3500,1476584123
64:BC:0C:50:F1:30,-60,-71,3560,1476584183
64:BC:0C:50:F1:30,-60,-71,3623,1476584246
64:BC:0C:50:F1:30,-61,-71,3683,1476584306
64:BC:0C:50:F1:30,-61,-71,3743,1476584366
64:BC:0C:50:F1:30,-60,-71,3803,1476584426
64:BC:0C:50:F1:30,-61,-71,3863,1476584486
64:BC:0C:50:F1:30,-60,-71,3926,1476584549
64:BC:0C:50:F1:30,-60,-71,3986,1476584609
64:BC:0C:50:F1:30,-61,-71,4046,1476584669
64:BC:0C:50:F1:30,-61,-72,4106,1476584729
64:BC:0C:50:F1:30,-61,-72,4166,1476584789
64:BC:0C:50:F1:30,-61,-72,4226,1476584849
64:BC:0C:50:F1:30,-61,-71,4286,1476584909
64:BC:0C:50:F1:30,-61,-72,4346,1476584969
64:BC:0C:50:F1:30,-61,-71,4406,1476585029
64:BC:0C:50:F1:30,-61,-72,4469,1476585092
64:BC:0C:50:F1:30,-62,-71,4529,1476585152
64:BC:0C:50:F1:30,-62,-72,4589,1476585212
64:BC:0C:50:F1:30,-60,-71,4649,1476585272
64:BC:0C:50:F1:30,-61,-71,4709,1476585332
64:BC:0C:50:F1:30,-61,-72,4772,1476585395
64:BC:0C:50:F1:30,-61,-72,4832,1476585455
64:BC:0C:50:F1:30,-61,-72,4892,1476585515
64:BC:0C:50:F1:30,-62,-72,4952,1476585575
64:BC:0C:50:F1:30,-61,-71,5012,1476585635
64:BC:0C:50:F1:30,-61,-72,5075,1476585699
64:BC:0C:50:F1:30,-62,-72,5135,1476585759
64:BC:0C:50:F1:30,-62,-72,5195,1476585819
64:BC:0C:50:F1:30,-62,-72,5255,1476585879
64:BC:0C:50:F1:30,-62,-72,5315,1476585939
64:BC:0C:50:F1:30,-61,-71,5378,1476586002
64:BC:0C:50:F1:30,-61,-72,5438,1476586062
64:BC:0C:50:F1:30,-59,-71,5498,1476586122
64:BC:0C:50:F1:30,-60,-71,5558,1476586182
64:BC:0C:50:F1:30,-60,-71,5618,1476586242
64:BC:0C:50:F1:30,-60,-71,5711,1476586334
64:BC:0C:50:F1:30,-60,-71,5771,1476586394
64:BC:0C:50:F1:30,-60,-72,5831,1476586454
64:BC:0C:50:F1:30,-61,-72,5891,1476586514
64:BC:0C:50:F1:30,-61,-72,5951,1476586574
64:BC:0C:50:F1:30,-58,-71,6011,1476586634
64:BC:0C:50:F1:30,-59,-71,6071,1476586694
64:BC:0C:50:F1:30,-60,-71,6131,1476586754
64:BC:0C:50:F1:30,-60,-72,6191,1476586814
64:BC:0C:50:F1:30,-60,-72,6254,1476586877
64:BC:0C:50:F1:30,-61,-72,6314,1476586937
64:BC:0C:50:F1:30,-60,-71,6374,1476586997
64:BC:0C:50:F1:30,-61,-72,6434,1476587057
64:BC:0C:50:F1:30,-61,-72,6494,1476587117
64:BC:0C:50:F1:30,-61,-72,6587,1476587210
64:BC:0C:50:F1:30,-62,-72,6647,1476587270
64:BC:0C:50:F1:30,-61,-72,6707,1476587330
64:BC:0C:50:F1:30,-61,-71,6767,1476587390
64:BC:0C:50:F1:30,-58,-71,6827,1476587450
64:BC:0C:50:F1:30,-59,-71,6890,1476587513
64:BC:0C:50:F1:30,-59,-71,6950,1476587573
64:BC:0C:50:F1:30,-59,-71,7010,1476587633
64:BC:0C:50:F1:30,-58,-71,7070,1476587693
64:BC:0C:50:F1:30,-59,-71,7130,1476587753
64:BC:0C:50:F1:30,-60,-71,7193,1476587816
64:BC:0C:50:F1:30,-60,-71,7253,1476587876
64:BC:0C:50:F1:30,-61,-71,7313,1476587936
64:BC:0C:50:F1:30,-61,-71,7373,1476587996
64:BC:0C:50:F1:30,-61,-72,7433,1476588056
64:BC:0C:50:F1:30,-61,-72,7496,1476588119
64:BC:0C:50:F1:30,-61,-71,7556,1476588179
64:BC:0C:50:F1:30,-61,-72,7616,1476588239
64:BC:0C:50:F1:30,-60,-71,7676,1476588299
64:BC:0C:50:F1:30,-61,-72,7736,1476588359
64:BC:0C:50:F1:30,-61,-72,7796,1476588419
64:BC:0C:50:F1:30,-61,-72,7856,1476588479
64:BC:0C:50:F1:30,-61,-72,7916,1476588539
64:BC:0C:50:F1:30,-61,-72,7976,1476588599
64:BC:0C:50:F1:30,-61,-72,8039,1476588662
64:BC:0C:50:F1:30,-61,-72,8099,1476588722
64:BC:0C:50:F1:30,-61,-72,8159,1476588782
64:BC:0C:50:F1:30,-62,-72,8219,1476588842
64:BC:0C:50:F1:30,-62,-72,8279,1476588902
64:BC:0C:50:F1:30,-62,-72,8342,1476588965
64:BC:0C:50:F1:30,-61,-71,8402,1476589025
64:BC:0C:50:F1:30,-61,-71,8462,1476589085
64:BC:0C:50:F1:30,-60,-71,8522,1476589145
64:BC:0C:50:F1:30,-61,-71,8582,1476589205
64:BC:0C:50:F1:30,-61,-71,8645,1476589269
64:BC:0C:50:F1:30,-61,-72,8705,1476589329
64:BC:0C:50:F1:30,-61,-72,8765,1476589389
64:BC:0C:50:F1:30,-61,-72,8825,1476589449
64:BC:0C:50:F1:30,-61,-71,8885,1476589509
64:BC:0C:50:F1:30,-61,-71,8978,1476589601
64:BC:0C:50:F1:30,-62,-72,9038,1476589661
64:BC:0C:50:F1:30,-62,-72,9098,1476589721
64:BC:0C:50:F1:30,-62,-72,9158,1476589781
64:BC:0C:50:F1:30,-62,-72,9218,1476589841
64:BC:0C:50:F1:30,-61,-71,9281,1476589904
64:BC:0C:50:F1:30,-62,-71,9341,1476589964
64:BC:0C:50:F1:30,-61,-71,9401,1476590024
64:BC:0C:50:F1:30,-61,-72,9461,1476590084
64:BC:0C:50:F1:30,-61,-72,9521,1476590144
64:BC:0C:50:F1:30,-61,-72,9581,1476590204
64:BC:0C:50:F1:30,-61,-72,9641,1476590264
64:BC:0C:50:F1:30,-62,-72,9701,1476590324
64:BC:0C:50:F1:30,-61,-71,9761,1476590384
64:BC:0C:50:F1:30,-61,-72,9824,1476590447
64:BC:0C:50:F1:30,-61,-72,9884,1476590507
64:BC:0C:50:F1:30,-62,-71,9944,1476590567
64:BC:0C:50:F1:30,-62,-71,10004,1476590627
64:BC:0C:50:F1:30,-62,-72,10064,1476590687
64:BC:0C:50:F1:30,-61,-71,10127,1476590750
64:BC:0C:50:F1:30,-61,-71,10187,1476590810
64:BC:0C:50:F1:30,-62,-71,10247,1476590870
64:BC:0C:50:F1:30,-61,-72,10307,1476590930
64:BC:0C:50:F1:30,-62,-72,10367,1476590990
64:BC:0C:50:F1:30,-62,-72,10430,1476591053
64:BC:0C:50:F1:30,-58,-70,10490,1476591113
64:BC:0C:50:F1:30,-59,-71,10550,1476591173
64:BC:0C:50:F1:30,-59,-71,10610,1476591233
64:BC:0C:50:F1:30,-60,-71,10670,1476591293
64:BC:0C:50:F1:30,-60,-71,10762,1476591385
64:BC:0C:50:F1:30,-60,-71,10822,1476591445
64:BC:0C:50:F1:30,-61,-71,10882,1476591505
64:BC:0C:50:F1:30,-61,-72,10942,1476591565
64:BC:0C:50:F1:30,-58,-70,11002,1476591625
