Client_MAC,Rssi0,Rssi1,Connection_Time,EpocTime
64:BC:0C:50:F1:30,-67,-80,23595,1476506141
64:BC:0C:50:F1:30,-68,-81,23655,1476506201
64:BC:0C:50:F1:30,-68,-81,23715,1476506261
64:BC:0C:50:F1:30,-68,-81,23775,1476506321
64:BC:0C:50:F1:30,-68,-81,23842,1476506388
64:BC:0C:50:F1:30,-68,-81,23902,1476506448
64:BC:0C:50:F1:30,-68,-80,23962,1476506508
64:BC:0C:50:F1:30,-68,-80,24022,1476506568
64:BC:0C:50:F1:30,-67,-81,24082,1476506628
64:BC:0C:50:F1:30,-68,-81,24145,1476506691
64:BC:0C:50:F1:30,-68,-81,24205,1476506751
64:BC:0C:50:F1:30,-68,-82,24265,1476506811
64:BC:0C:50:F1:30,-68,-82,24325,1476506871
64:BC:0C:50:F1:30,-67,-82,24385,1476506931
64:BC:0C:50:F1:30,-68,-82,24448,1476506994
64:BC:0C:50:F1:30,-68,-81,24508,1476507054
64:BC:0C:50:F1:30,-68,-82,24568,1476507114
64:BC:0C:50:F1:30,-68,-81,24628,1476507174
64:BC:0C:50:F1:30,-68,-81,24688,1476507234
64:BC:0C:50:F1:30,-67,-81,24751,1476507297
64:BC:0C:50:F1:30,-67,-82,24811,1476507357
64:BC:0C:50:F1:30,-67,-82,24871,1476507417
64:BC:0C:50:F1:30,-68,-81,24931,1476507477
64:BC:0C:50:F1:30,-68,-81,24991,1476507537
64:BC:0C:50:F1:30,-68,-82,25054,1476507600
64:BC:0C:50:F1:30,-68,-81,25114,1476507660
64:BC:0C:50:F1:30,-68,-82,25174,1476507720
64:BC:0C:50:F1:30,-68,-81,25234,1476507780
64:BC:0C:50:F1:30,-68,-81,25294,1476507840
64:BC:0C:50:F1:30,-68,-82,25357,1476507903
64:BC:0C:50:F1:30,-68,-79,25417,1476507963
64:BC:0C:50:F1:30,-68,-79,25477,1476508023
64:BC:0C:50:F1:30,-68,-80,25537,1476508083
64:BC:0C:50:F1:30,-68,-81,25597,1476508143
64:BC:0C:50:F1:30,-68,-81,25657,1476508203
64:BC:0C:50:F1:30,-68,-81,25717,1476508263
64:BC:0C:50:F1:30,-68,-82,25777,1476508323
64:BC:0C:50:F1:30,-68,-82,25837,1476508383
64:BC:0C:50:F1:30,-67,-82,25900,1476508446
64:BC:0C:50:F1:30,-67,-82,25960,1476508506
64:BC:0C:50:F1:30,-68,-81,26020,1476508566
64:BC:0C:50:F1:30,-68,-81,26080,1476508626
64:BC:0C:50:F1:30,-68,-82,26140,1476508686
64:BC:0C:50:F1:30,-67,-82,26203,1476508749
64:BC:0C:50:F1:30,-67,-82,26263,1476508809
64:BC:0C:50:F1:30,-68,-81,26323,1476508869
64:BC:0C:50:F1:30,-68,-81,26383,1476508929
64:BC:0C:50:F1:30,-68,-82,26443,1476508989
64:BC:0C:50:F1:30,-68,-81,26506,1476509052
64:BC:0C:50:F1:30,-68,-79,26566,1476509112
64:BC:0C:50:F1:30,-68,-78,26626,1476509172
64:BC:0C:50:F1:30,-68,-80,26686,1476509232
64:BC:0C:50:F1:30,-68,-81,26746,1476509292
64:BC:0C:50:F1:30,-68,-81,26809,1476509355
64:BC:0C:50:F1:30,-68,-81,26869,1476509415
64:BC:0C:50:F1:30,-68,-81,26929,1476509475
64:BC:0C:50:F1:30,-68,-81,26989,1476509535
64:BC:0C:50:F1:30,-68,-82,27049,1476509595
64:BC:0C:50:F1:30,-67,-81,27142,1476509688
64:BC:0C:50:F1:30,-68,-81,27202,1476509748
64:BC:0C:50:F1:30,-68,-81,27262,1476509808
64:BC:0C:50:F1:30,-68,-81,27322,1476509868
64:BC:0C:50:F1:30,-68,-80,27382,1476509928
64:BC:0C:50:F1:30,-68,-81,27442,1476509988
64:BC:0C:50:F1:30,-68,-82,27502,1476510048
64:BC:0C:50:F1:30,-68,-81,27562,1476510108
64:BC:0C:50:F1:30,-68,-79,27622,1476510168
64:BC:0C:50:F1:30,-68,-81,27715,1476510261
64:BC:0C:50:F1:30,-68,-81,27775,1476510321
64:BC:0C:50:F1:30,-68,-81,27835,1476510381
64:BC:0C:50:F1:30,-67,-81,27895,1476510441
64:BC:0C:50:F1:30,-67,-82,27955,1476510501
64:BC:0C:50:F1:30,-67,-82,28018,1476510564
64:BC:0C:50:F1:30,-67,-82,28078,1476510624
64:BC:0C:50:F1:30,-67,-81,28138,1476510684
64:BC:0C:50:F1:30,-68,-81,28198,1476510745
64:BC:0C:50:F1:30,-68,-79,28258,1476510805
64:BC:0C:50:F1:30,-68,-80,28321,1476510868
64:BC:0C:50:F1:30,-68,-81,28381,1476510928
64:BC:0C:50:F1:30,-68,-81,28441,1476510988
64:BC:0C:50:F1:30,-68,-81,28501,1476511048
64:BC:0C:50:F1:30,-68,-82,28561,1476511108
64:BC:0C:50:F1:30,-67,-82,28625,1476511171
64:BC:0C:50:F1:30,-67,-82,28685,1476511231
64:BC:0C:50:F1:30,-68,-81,28745,1476511291
64:BC:0C:50:F1:30,-68,-81,28805,1476511351
64:BC:0C:50:F1:30,-68,-82,28865,1476511411
64:BC:0C:50:F1:30,-68,-82,28928,1476511474
64:BC:0C:50:F1:30,-68,-82,28988,1476511534
64:BC:0C:50:F1:30,-68,-82,29048,1476511594
64:BC:0C:50:F1:30,-68,-81,29108,1476511654
64:BC:0C:50:F1:30,-68,-81,29168,1476511714
64:BC:0C:50:F1:30,-68,-79,29228,1476511774
64:BC:0C:50:F1:30,-68,-78,29288,1476511834
64:BC:0C:50:F1:30,-68,-81,29348,1476511894
64:BC:0C:50:F1:30,-68,-80,29408,1476511954
64:BC:0C:50:F1:30,-68,-81,29502,1476512048
64:BC:0C:50:F1:30,-68,-81,29562,1476512108
64:BC:0C:50:F1:30,-68,-81,29622,1476512168
64:BC:0C:50:F1:30,-68,-81,29682,1476512228
64:BC:0C:50:F1:30,-68,-79,29742,1476512288
64:BC:0C:50:F1:30,-68,-80,29805,1476512351
64:BC:0C:50:F1:30,-68,-80,29865,1476512411
64:BC:0C:50:F1:30,-68,-80,29925,1476512471
64:BC:0C:50:F1:30,-68,-80,29985,1476512531
64:BC:0C:50:F1:30,-68,-81,30045,1476512591
64:BC:0C:50:F1:30,-68,-82,30108,1476512654
64:BC:0C:50:F1:30,-68,-82,30168,1476512714
64:BC:0C:50:F1:30,-68,-82,30228,1476512774
64:BC:0C:50:F1:30,-68,-82,30288,1476512834
64:BC:0C:50:F1:30,-68,-81,30348,1476512894
64:BC:0C:50:F1:30,-68,-79,30411,1476512957
64:BC:0C:50:F1:30,-67,-80,30471,1476513017
64:BC:0C:50:F1:30,-67,-80,30531,1476513077
64:BC:0C:50:F1:30,-68,-80,30591,1476513137
64:BC:0C:50:F1:30,-68,-80,30651,1476513197
64:BC:0C:50:F1:30,-68,-79,30714,1476513260
64:BC:0C:50:F1:30,-68,-81,30774,1476513320
64:BC:0C:50:F1:30,-67,-80,30834,1476513380
64:BC:0C:50:F1:30,-67,-80,30894,1476513440
64:BC:0C:50:F1:30,-68,-81,30954,1476513500
64:BC:0C:50:F1:30,-68,-81,31014,1476513560
64:BC:0C:50:F1:30,-68,-81,31074,1476513620
64:BC:0C:50:F1:30,-68,-79,31134,1476513680
64:BC:0C:50:F1:30,-67,-79,31194,1476513740
64:BC:0C:50:F1:30,-67,-80,31257,1476513804
64:BC:0C:50:F1:30,-67,-81,31317,1476513864
64:BC:0C:50:F1:30,-68,-79,31377,1476513924
64:BC:0C:50:F1:30,-68,-80,31437,1476513984
64:BC:0C:50:F1:30,-68,-80,31497,1476514044
64:BC:0C:50:F1:30,-67,-82,31560,1476514107
64:BC:0C:50:F1:30,-68,-81,31620,1476514167
64:BC:0C:50:F1:30,-68,-81,31680,1476514227
64:BC:0C:50:F1:30,-68,-82,31740,1476514287
64:BC:0C:50:F1:30,-68,-82,31800,1476514347
64:BC:0C:50:F1:30,-68,-81,31863,1476514410
64:BC:0C:50:F1:30,-68,-79,31923,1476514470
64:BC:0C:50:F1:30,-68,-80,31983,1476514530
64:BC:0C:50:F1:30,-68,-80,32043,1476514590
64:BC:0C:50:F1:30,-68,-81,32103,1476514650
64:BC:0C:50:F1:30,-68,-82,32167,1476514713
64:BC:0C:50:F1:30,-68,-82,32227,1476514773
64:BC:0C:50:F1:30,-67,-82,32287,1476514833
64:BC:0C:50:F1:30,-67,-82,32347,1476514893
64:BC:0C:50:F1:30,-68,-81,32407,1476514953
64:BC:0C:50:F1:30,-68,-82,32499,1476515046
64:BC:0C:50:F1:30,-68,-81,32559,1476515106
64:BC:0C:50:F1:30,-68,-82,32619,1476515166
64:BC:0C:50:F1:30,-67,-82,32679,1476515226
64:BC:0C:50:F1:30,-67,-82,32739,1476515286
64:BC:0C:50:F1:30,-68,-81,32799,1476515346
64:BC:0C:50:F1:30,-68,-82,32859,1476515406
64:BC:0C:50:F1:30,-68,-82,32919,1476515466
64:BC:0C:50:F1:30,-68,-82,32980,1476515526
64:BC:0C:50:F1:30,-67,-82,33043,1476515589
64:BC:0C:50:F1:30,-68,-80,33103,1476515649
64:BC:0C:50:F1:30,-68,-81,33163,1476515709
64:BC:0C:50:F1:30,-68,-81,33223,1476515769
64:BC:0C:50:F1:30,-68,-81,33283,1476515829
64:BC:0C:50:F1:30,-68,-80,33346,1476515892
64:BC:0C:50:F1:30,-68,-80,33406,1476515952
64:BC:0C:50:F1:30,-68,-80,33466,1476516012
64:BC:0C:50:F1:30,-68,-81,33526,1476516072
64:BC:0C:50:F1:30,-68,-82,33586,1476516132
64:BC:0C:50:F1:30,-68,-82,33649,1476516195
64:BC:0C:50:F1:30,-68,-82,33709,1476516255
64:BC:0C:50:F1:30,-67,-82,33769,1476516315
64:BC:0C:50:F1:30,-67,-82,33829,1476516375
64:BC:0C:50:F1:30,-68,-81,33889,1476516435
64:BC:0C:50:F1:30,-68,-81,33952,1476516498
64:BC:0C:50:F1:30,-68,-81,34012,1476516558
64:BC:0C:50:F1:30,-68,-80,34072,1476516618
64:BC:0C:50:F1:30,-68,-80,34132,1476516678
64:BC:0C:50:F1:30,-68,-81,34192,1476516738
64:BC:0C:50:F1:30,-68,-81,34285,1476516831
64:BC:0C:50:F1:30,-68,-82,34345,1476516891
64:BC:0C:50:F1:30,-68,-82,34405,1476516951
64:BC:0C:50:F1:30,-67,-82,34465,1476517011
64:BC:0C:50:F1:30,-68,-81,34525,1476517071
64:BC:0C:50:F1:30,-68,-82,34585,1476517131
64:BC:0C:50:F1:30,-68,-81,34645,1476517191
64:BC:0C:50:F1:30,-68,-82,34705,1476517251
64:BC:0C:50:F1:30,-68,-82,34765,1476517311
64:BC:0C:50:F1:30,-68,-81,34828,1476517374
64:BC:0C:50:F1:30,-68,-81,34888,1476517434
64:BC:0C:50:F1:30,-68,-82,34948,1476517494
64:BC:0C:50:F1:30,-68,-80,35008,1476517554
64:BC:0C:50:F1:30,-68,-81,35068,1476517614
64:BC:0C:50:F1:30,-68,-82,35131,1476517677
64:BC:0C:50:F1:30,-67,-82,35191,1476517737
64:BC:0C:50:F1:30,-68,-81,35251,1476517797
64:BC:0C:50:F1:30,-68,-81,35311,1476517857
64:BC:0C:50:F1:30,-68,-82,35371,1476517917
64:BC:0C:50:F1:30,-68,-82,35434,1476517980
64:BC:0C:50:F1:30,-68,-80,35494,1476518040
64:BC:0C:50:F1:30,-68,-80,35554,1476518100
64:BC:0C:50:F1:30,-68,-80,35614,1476518160
64:BC:0C:50:F1:30,-68,-81,35674,1476518220
64:BC:0C:50:F1:30,-68,-81,35737,1476518283
64:BC:0C:50:F1:30,-68,-81,35797,1476518343
64:BC:0C:50:F1:30,-68,-82,35857,1476518403
64:BC:0C:50:F1:30,-68,-82,35917,1476518463
64:BC:0C:50:F1:30,-68,-82,35977,1476518523
64:BC:0C:50:F1:30,-68,-82,36040,1476518586
64:BC:0C:50:F1:30,-68,-83,36100,1476518646
64:BC:0C:50:F1:30,-68,-82,36160,1476518706
64:BC:0C:50:F1:30,-68,-81,36220,1476518766
64:BC:0C:50:F1:30,-68,-82,36280,1476518826
64:BC:0C:50:F1:30,-68,-79,36340,1476518886
64:BC:0C:50:F1:30,-68,-81,36400,1476518946
64:BC:0C:50:F1:30,-68,-80,36460,1476519006
64:BC:0C:50:F1:30,-68,-79,36520,1476519066
64:BC:0C:50:F1:30,-68,-80,36583,1476519129
64:BC:0C:50:F1:30,-68,-80,36643,1476519189
64:BC:0C:50:F1:30,-67,-80,36703,1476519249
64:BC:0C:50:F1:30,-68,-80,36763,1476519309
64:BC:0C:50:F1:30,-68,-81,36823,1476519369
64:BC:0C:50:F1:30,-68,-81,36886,1476519432
64:BC:0C:50:F1:30,-68,-80,36946,1476519492
64:BC:0C:50:F1:30,-68,-80,37006,1476519552
64:BC:0C:50:F1:30,-67,-82,37066,1476519612
64:BC:0C:50:F1:30,-68,-82,37126,1476519672
64:BC:0C:50:F1:30,-68,-81,37219,1476519765
64:BC:0C:50:F1:30,-68,-82,37279,1476519825
64:BC:0C:50:F1:30,-68,-82,37339,1476519885
64:BC:0C:50:F1:30,-68,-82,37399,1476519945
64:BC:0C:50:F1:30,-67,-82,37459,1476520005
64:BC:0C:50:F1:30,-68,-81,37522,1476520068
64:BC:0C:50:F1:30,-68,-81,37582,1476520128
64:BC:0C:50:F1:30,-68,-81,37642,1476520188
64:BC:0C:50:F1:30,-68,-81,37702,1476520248
64:BC:0C:50:F1:30,-68,-82,37762,1476520308
