Client_MAC,Rssi0,Rssi1,Connection_Time,EpocTime
64:BC:0C:50:F1:30,-67,-82,37825,1476520371
64:BC:0C:50:F1:30,-67,-82,37885,1476520431
64:BC:0C:50:F1:30,-67,-82,37945,1476520491
64:BC:0C:50:F1:30,-68,-81,38005,1476520551
64:BC:0C:50:F1:30,-68,-81,38065,1476520611
64:BC:0C:50:F1:30,-68,-81,38125,1476520671
64:BC:0C:50:F1:30,-67,-82,38185,1476520731
64:BC:0C:50:F1:30,-67,-82,38245,1476520791
64:BC:0C:50:F1:30,-68,-81,38305,1476520851
64:BC:0C:50:F1:30,-68,-82,38368,1476520915
64:BC:0C:50:F1:30,-68,-82,38428,1476520975
64:BC:0C:50:F1:30,-68,-81,38488,1476521035
64:BC:0C:50:F1:30,-68,-81,38548,1476521095
64:BC:0C:50:F1:30,-68,-80,38608,1476521155
64:BC:0C:50:F1:30,-68,-81,38671,1476521218
64:BC:0C:50:F1:30,-68,-81,38731,1476521278
64:BC:0C:50:F1:30,-68,-82,38791,1476521338
64:BC:0C:50:F1:30,-68,-82,38851,1476521398
64:BC:0C:50:F1:30,-67,-82,38911,1476521458
64:BC:0C:50:F1:30,-67,-82,38975,1476521521
64:BC:0C:50:F1:30,-67,-82,39035,1476521581
64:BC:0C:50:F1:30,-67,-82,39095,1476521641
64:BC:0C:50:F1:30,-67,-82,39155,1476521701
64:BC:0C:50:F1:30,-68,-79,39215,1476521761
64:BC:0C:50:F1:30,-68,-80,39298,1476521844
64:BC:0C:50:F1:30,-68,-81,39358,1476521904
64:BC:0C:50:F1:30,-68,-81,39418,1476521964
64:BC:0C:50:F1:30,-68,-81,39478,1476522024
64:BC:0C:50:F1:30,-68,-82,39538,1476522084
64:BC:0C:50:F1:30,-67,-82,39601,1476522147
64:BC:0C:50:F1:30,-68,-82,39661,1476522207
64:BC:0C:50:F1:30,-67,-82,39721,1476522267
64:BC:0C:50:F1:30,-68,-82,39781,1476522327
64:BC:0C:50:F1:30,-68,-82,39841,1476522387
64:BC:0C:50:F1:30,-68,-79,39901,1476522447
64:BC:0C:50:F1:30,-67,-80,39961,1476522507
64:BC:0C:50:F1:30,-67,-81,40021,1476522567
64:BC:0C:50:F1:30,-68,-80,40081,1476522627
64:BC:0C:50:F1:30,-68,-81,40144,1476522691
64:BC:0C:50:F1:30,-68,-82,40204,1476522751
64:BC:0C:50:F1:30,-68,-82,40264,1476522811
64:BC:0C:50:F1:30,-68,-82,40324,1476522871
64:BC:0C:50:F1:30,-67,-82,40384,1476522931
64:BC:0C:50:F1:30,-67,-82,40447,1476522994
64:BC:0C:50:F1:30,-67,-82,40507,1476523054
64:BC:0C:50:F1:30,-68,-81,40567,1476523114
64:BC:0C:50:F1:30,-68,-81,40627,1476523174
64:BC:0C:50:F1:30,-68,-81,40687,1476523234
64:BC:0C:50:F1:30,-67,-82,40750,1476523297
64:BC:0C:50:F1:30,-68,-79,40810,1476523357
64:BC:0C:50:F1:30,-68,-80,40870,1476523417
64:BC:0C:50:F1:30,-68,-80,40930,1476523477
64:BC:0C:50:F1:30,-68,-81,40991,1476523537
64:BC:0C:50:F1:30,-68,-81,41082,1476523628
64:BC:0C:50:F1:30,-68,-81,41142,1476523688
64:BC:0C:50:F1:30,-68,-81,41202,1476523748
64:BC:0C:50:F1:30,-68,-81,41262,1476523808
64:BC:0C:50:F1:30,-68,-81,41322,1476523868
64:BC:0C:50:F1:30,-68,-81,41385,1476523932
64:BC:0C:50:F1:30,-68,-79,41445,1476523992
64:BC:0C:50:F1:30,-68,-80,41505,1476524052
64:BC:0C:50:F1:30,-68,-81,41565,1476524112
64:BC:0C:50:F1:30,-68,-81,41625,1476524172
64:BC:0C:50:F1:30,-68,-81,41685,1476524232
64:BC:0C:50:F1:30,-68,-82,41745,1476524292
64:BC:0C:50:F1:30,-68,-80,41805,1476524352
64:BC:0C:50:F1:30,-68,-81,41865,1476524412
64:BC:0C:50:F1:30,-68,-81,41928,1476524475
64:BC:0C:50:F1:30,-68,-81,41988,1476524535
64:BC:0C:50:F1:30,-68,-81,42048,1476524595
64:BC:0C:50:F1:30,-68,-82,42108,1476524655
64:BC:0C:50:F1:30,-67,-82,42168,1476524715
64:BC:0C:50:F1:30,-67,-82,42232,1476524778
64:BC:0C:50:F1:30,-68,-80,42292,1476524838
64:BC:0C:50:F1:30,-68,-80,42352,1476524898
64:BC:0C:50:F1:30,-68,-81,42412,1476524958
64:BC:0C:50:F1:30,-68,-81,42472,1476525018
64:BC:0C:50:F1:30,-68,-79,42565,1476525111
64:BC:0C:50:F1:30,-68,-80,42625,1476525171
64:BC:0C:50:F1:30,-68,-78,42685,1476525231
64:BC:0C:50:F1:30,-68,-81,42745,1476525291
64:BC:0C:50:F1:30,-68,-81,42805,1476525351
64:BC:0C:50:F1:30,-68,-80,42868,1476525414
64:BC:0C:50:F1:30,-68,-79,42928,1476525474
64:BC:0C:50:F1:30,-68,-81,42988,1476525534
64:BC:0C:50:F1:30,-68,-80,43048,1476525594
64:BC:0C:50:F1:30,-68,-81,43108,1476525654
64:BC:0C:50:F1:30,-68,-82,43171,1476525718
64:BC:0C:50:F1:30,-68,-79,43231,1476525778
64:BC:0C:50:F1:30,-68,-80,43291,1476525838
64:BC:0C:50:F1:30,-68,-81,43351,1476525898
64:BC:0C:50:F1:30,-68,-80,43411,1476525958
64:BC:0C:50:F1:30,-68,-79,43471,1476526018
64:BC:0C:50:F1:30,-68,-80,43531,1476526078
64:BC:0C:50:F1:30,-68,-80,43591,1476526138
64:BC:0C:50:F1:30,-67,-81,43651,1476526198
64:BC:0C:50:F1:30,-68,-80,43715,1476526261
64:BC:0C:50:F1:30,-68,-81,43775,1476526321
64:BC:0C:50:F1:30,-68,-81,43835,1476526381
64:BC:0C:50:F1:30,-68,-81,43895,1476526441
64:BC:0C:50:F1:30,-68,-81,43955,1476526501
64:BC:0C:50:F1:30,-68,-82,44018,1476526564
64:BC:0C:50:F1:30,-68,-81,44078,1476526624
64:BC:0C:50:F1:30,-68,-81,44138,1476526684
64:BC:0C:50:F1:30,-68,-81,44198,1476526744
64:BC:0C:50:F1:30,-68,-82,44258,1476526804
64:BC:0C:50:F1:30,-68,-81,44349,1476526896
64:BC:0C:50:F1:30,-68,-81,44409,1476526956
64:BC:0C:50:F1:30,-68,-81,44469,1476527016
64:BC:0C:50:F1:30,-68,-81,44529,1476527076
64:BC:0C:50:F1:30,-68,-79,44589,1476527136
64:BC:0C:50:F1:30,-68,-80,44653,1476527199
64:BC:0C:50:F1:30,-68,-81,44713,1476527259
64:BC:0C:50:F1:30,-68,-80,44773,1476527319
64:BC:0C:50:F1:30,-68,-81,44833,1476527379
64:BC:0C:50:F1:30,-68,-79,44893,1476527439
64:BC:0C:50:F1:30,-68,-80,44956,1476527502
64:BC:0C:50:F1:30,-68,-81,45016,1476527562
64:BC:0C:50:F1:30,-68,-81,45076,1476527622
64:BC:0C:50:F1:30,-68,-81,45136,1476527682
64:BC:0C:50:F1:30,-68,-81,45196,1476527742
64:BC:0C:50:F1:30,-68,-81,45256,1476527802
64:BC:0C:50:F1:30,-68,-80,45316,1476527862
64:BC:0C:50:F1:30,-68,-81,45376,1476527922
64:BC:0C:50:F1:30,-67,-81,45436,1476527982
64:BC:0C:50:F1:30,-67,-81,45499,1476528045
64:BC:0C:50:F1:30,-68,-80,45559,1476528105
64:BC:0C:50:F1:30,-68,-80,45619,1476528165
64:BC:0C:50:F1:30,-68,-81,45679,1476528225
64:BC:0C:50:F1:30,-68,-81,45739,1476528285
64:BC:0C:50:F1:30,-68,-81,45802,1476528348
64:BC:0C:50:F1:30,-68,-81,45862,1476528408
64:BC:0C:50:F1:30,-68,-82,45922,1476528468
64:BC:0C:50:F1:30,-68,-80,45982,1476528528
64:BC:0C:50:F1:30,-68,-81,46042,1476528588
64:BC:0C:50:F1:30,-68,-81,46139,1476528685
64:BC:0C:50:F1:30,-68,-82,46199,1476528745
64:BC:0C:50:F1:30,-68,-81,46259,1476528805
64:BC:0C:50:F1:30,-68,-82,46319,1476528865
64:BC:0C:50:F1:30,-67,-82,46379,1476528925
64:BC:0C:50:F1:30,-68,-78,46442,1476528988
64:BC:0C:50:F1:30,-68,-80,46502,1476529048
64:BC:0C:50:F1:30,-68,-80,46562,1476529108
64:BC:0C:50:F1:30,-68,-81,46622,1476529168
64:BC:0C:50:F1:30,-68,-80,46682,1476529228
64:BC:0C:50:F1:30,-68,-78,46745,1476529291
64:BC:0C:50:F1:30,-68,-79,46805,1476529351
64:BC:0C:50:F1:30,-68,-80,46865,1476529411
64:BC:0C:50:F1:30,-68,-79,46925,1476529471
64:BC:0C:50:F1:30,-68,-81,46985,1476529531
64:BC:0C:50:F1:30,-68,-81,47045,1476529591
64:BC:0C:50:F1:30,-68,-81,47105,1476529651
64:BC:0C:50:F1:30,-68,-77,47165,1476529711
64:BC:0C:50:F1:30,-68,-81,47225,1476529771
64:BC:0C:50:F1:30,-68,-81,47288,1476529834
64:BC:0C:50:F1:30,-68,-82,47348,1476529894
64:BC:0C:50:F1:30,-68,-80,47408,1476529954
64:BC:0C:50:F1:30,-68,-81,47468,1476530014
64:BC:0C:50:F1:30,-68,-77,47528,1476530074
64:BC:0C:50:F1:30,-68,-81,47621,1476530167
64:BC:0C:50:F1:30,-68,-82,47681,1476530227
64:BC:0C:50:F1:30,-68,-78,47741,1476530287
64:BC:0C:50:F1:30,-68,-80,47801,1476530347
64:BC:0C:50:F1:30,-68,-81,47861,1476530407
64:BC:0C:50:F1:30,-68,-81,47924,1476530470
64:BC:0C:50:F1:30,-68,-81,47984,1476530530
64:BC:0C:50:F1:30,-68,-79,48044,1476530590
64:BC:0C:50:F1:30,-68,-80,48104,1476530650
64:BC:0C:50:F1:30,-68,-81,48164,1476530710
64:BC:0C:50:F1:30,-68,-82,48227,1476530773
64:BC:0C:50:F1:30,-68,-82,48287,1476530833
64:BC:0C:50:F1:30,-67,-82,48347,1476530893
64:BC:0C:50:F1:30,-68,-81,48407,1476530953
64:BC:0C:50:F1:30,-68,-82,48467,1476531013
64:BC:0C:50:F1:30,-68,-81,48530,1476531076
64:BC:0C:50:F1:30,-68,-82,48590,1476531136
64:BC:0C:50:F1:30,-68,-80,48650,1476531196
64:BC:0C:50:F1:30,-68,-81,48710,1476531256
64:BC:0C:50:F1:30,-68,-81,48770,1476531316
64:BC:0C:50:F1:30,-68,-81,48830,1476531376
64:BC:0C:50:F1:30,-68,-81,48890,1476531436
64:BC:0C:50:F1:30,-68,-81,48950,1476531496
64:BC:0C:50:F1:30,-68,-81,49010,1476531556
64:BC:0C:50:F1:30,-68,-82,49073,1476531619
64:BC:0C:50:F1:30,-68,-82,49133,1476531679
64:BC:0C:50:F1:30,-68,-81,49193,1476531739
64:BC:0C:50:F1:30,-68,-81,49253,1476531799
64:BC:0C:50:F1:30,-68,-81,49313,1476531859
64:BC:0C:50:F1:30,-68,-80,49410,1476531956
64:BC:0C:50:F1:30,-68,-80,49470,1476532016
64:BC:0C:50:F1:30,-68,-81,49530,1476532076
64:BC:0C:50:F1:30,-68,-81,49590,1476532136
64:BC:0C:50:F1:30,-68,-81,49650,1476532196
64:BC:0C:50:F1:30,-68,-81,49713,1476532259
64:BC:0C:50:F1:30,-68,-81,49773,1476532319
64:BC:0C:50:F1:30,-68,-81,49833,1476532379
64:BC:0C:50:F1:30,-68,-80,49893,1476532439
64:BC:0C:50:F1:30,-68,-79,49953,1476532499
64:BC:0C:50:F1:30,-68,-80,50016,1476532562
64:BC:0C:50:F1:30,-68,-81,50076,1476532622
64:BC:0C:50:F1:30,-67,-81,50136,1476532682
64:BC:0C:50:F1:30,-68,-80,50196,1476532742
64:BC:0C:50:F1:30,-68,-80,50256,1476532802
64:BC:0C:50:F1:30,-68,-81,50319,1476532865
64:BC:0C:50:F1:30,-68,-82,50379,1476532925
64:BC:0C:50:F1:30,-68,-82,50439,1476532985
64:BC:0C:50:F1:30,-68,-80,50499,1476533045
64:BC:0C:50:F1:30,-68,-81,50559,1476533105
64:BC:0C:50:F1:30,-68,-82,50619,1476533165
64:BC:0C:50:F1:30,-68,-79,50679,1476533225
64:BC:0C:50:F1:30,-68,-80,50739,1476533285
64:BC:0C:50:F1:30,-68,-80,50799,1476533345
64:BC:0C:50:F1:30,-68,-81,50862,1476533408
64:BC:0C:50:F1:30,-68,-81,50922,1476533468
64:BC:0C:50:F1:30,-68,-81,50982,1476533528
64:BC:0C:50:F1:30,-68,-79,51042,1476533588
64:BC:0C:50:F1:30,-68,-80,51102,1476533648
64:BC:0C:50:F1:30,-68,-82,51196,1476533742
64:BC:0C:50:F1:30,-68,-82,51256,1476533802
64:BC:0C:50:F1:30,-68,-80,51316,1476533862
64:BC:0C:50:F1:30,-68,-80,51376,1476533922
64:BC:0C:50:F1:30,-68,-80,51436,1476533982
64:BC:0C:50:F1:30,-68,-81,51499,1476534045
64:BC:0C:50:F1:30,-67,-81,51559,1476534105
64:BC:0C:50:F1:30,-68,-80,51619,1476534165
64:BC:0C:50:F1:30,-68,-80,51679,1476534225
64:BC:0C:50:F1:30,-68,-81,51739,1476534285
64:BC:0C:50:F1:30,-68,-81,51802,1476534348
64:BC:0C:50:F1:30,-68,-81,51862,1476534408
64:BC:0C:50:F1:30,-67,-80,51922,1476534468
64:BC:0C:50:F1:30,-68,-80,51982,1476534528
64:BC:0C:50:F1:30,-68,-81,52042,1476534588
