Client_MAC,Rssi0,Rssi1,Connection_Time,EpocTIME
AC:CF:85:28:94:E2,-83,-87,37,1476482303
64:BC:0C:50:F1:30,-88,-90,5,1476482303
AC:CF:85:28:94:E2,-82,-85,97,1476482363
64:BC:0C:50:F1:30,-85,-90,65,1476482363
AC:CF:85:28:94:E2,-85,-87,157,1476482423
64:BC:0C:50:F1:30,-81,-89,125,1476482423
AC:CF:85:28:94:E2,-85,-87,217,1476482483
64:BC:0C:50:F1:30,-83,-89,185,1476482483
AC:CF:85:28:94:E2,-81,-87,277,1476482543
64:BC:0C:50:F1:30,-87,-90,245,1476482543
AC:CF:85:28:94:E2,-76,-84,340,1476482606
64:BC:0C:50:F1:30,-83,-88,59,1476482606
AC:CF:85:28:94:E2,-61,-62,400,1476482666
64:BC:0C:50:F1:30,-73,-77,119,1476482666
AC:CF:85:28:94:E2,-56,-60,460,1476482726
64:BC:0C:50:F1:30,-71,-75,179,1476482726
AC:CF:85:28:94:E2,-57,-61,520,1476482786
64:BC:0C:50:F1:30,-71,-75,239,1476482786
AC:CF:85:28:94:E2,-58,-62,580,1476482846
64:BC:0C:50:F1:30,-72,-76,299,1476482846
AC:CF:85:28:94:E2,-56,-61,643,1476482909
64:BC:0C:50:F1:30,-71,-76,362,1476482909
AC:CF:85:28:94:E2,-57,-63,703,1476482969
64:BC:0C:50:F1:30,-72,-77,422,1476482969
AC:CF:85:28:94:E2,-56,-62,763,1476483029
64:BC:0C:50:F1:30,-70,-82,482,1476483029
AC:CF:85:28:94:E2,-59,-66,823,1476483089
64:BC:0C:50:F1:30,-72,-81,542,1476483089
AC:CF:85:28:94:E2,-55,-64,59,1476483155
64:BC:0C:50:F1:30,-72,-81,609,1476483155
AC:CF:85:28:94:E2,-54,-66,119,1476483215
64:BC:0C:50:F1:30,-71,-80,669,1476483215
AC:CF:85:28:94:E2,-55,-60,179,1476483275
64:BC:0C:50:F1:30,-72,-81,729,1476483275
AC:CF:85:28:94:E2,-55,-58,239,1476483335
64:BC:0C:50:F1:30,-72,-81,789,1476483335
AC:CF:85:28:94:E2,-59,-63,299,1476483395
64:BC:0C:50:F1:30,-69,-82,849,1476483395
AC:CF:85:28:94:E2,-57,-62,362,1476483458
64:BC:0C:50:F1:30,-70,-81,912,1476483458
AC:CF:85:28:94:E2,-56,-61,422,1476483518
64:BC:0C:50:F1:30,-75,-83,972,1476483518
AC:CF:85:28:94:E2,-56,-60,482,1476483578
64:BC:0C:50:F1:30,-74,-83,1032,1476483578
AC:CF:85:28:94:E2,-54,-58,542,1476483638
64:BC:0C:50:F1:30,-76,-82,1092,1476483638
AC:CF:85:28:94:E2,-53,-58,602,1476483698
64:BC:0C:50:F1:30,-74,-79,1152,1476483698
AC:CF:85:28:94:E2,-58,-63,665,1476483761
64:BC:0C:50:F1:30,-73,-79,1215,1476483761
AC:CF:85:28:94:E2,-56,-60,725,1476483821
64:BC:0C:50:F1:30,-75,-79,1275,1476483821
AC:CF:85:28:94:E2,-57,-60,785,1476483881
64:BC:0C:50:F1:30,-74,-78,1335,1476483881
AC:CF:85:28:94:E2,-56,-60,845,1476483941
64:BC:0C:50:F1:30,-74,-77,1395,1476483941
AC:CF:85:28:94:E2,-56,-60,905,1476484001
64:BC:0C:50:F1:30,-75,-74,1455,1476484001
AC:CF:85:28:94:E2,-58,-63,968,1476484064
64:BC:0C:50:F1:30,-74,-76,1518,1476484064
AC:CF:85:28:94:E2,-61,-65,1028,1476484124
64:BC:0C:50:F1:30,-71,-78,1578,1476484124
AC:CF:85:28:94:E2,-61,-67,1088,1476484184
64:BC:0C:50:F1:30,-71,-78,1638,1476484184
AC:CF:85:28:94:E2,-64,-66,1148,1476484244
64:BC:0C:50:F1:30,-70,-77,1698,1476484244
AC:CF:85:28:94:E2,-61,-70,1208,1476484304
64:BC:0C:50:F1:30,-71,-77,1758,1476484304
AC:CF:85:28:94:E2,-64,-74,1271,1476484367
64:BC:0C:50:F1:30,-71,-78,1821,1476484367
AC:CF:85:28:94:E2,-63,-72,1331,1476484427
64:BC:0C:50:F1:30,-70,-78,1881,1476484427
AC:CF:85:28:94:E2,-64,-68,1391,1476484487
64:BC:0C:50:F1:30,-70,-77,1941,1476484487
AC:CF:85:28:94:E2,-63,-68,1451,1476484547
64:BC:0C:50:F1:30,-69,-78,2001,1476484547
AC:CF:85:28:94:E2,-64,-68,1511,1476484607
64:BC:0C:50:F1:30,-70,-78,2061,1476484607
AC:CF:85:28:94:E2,-66,-71,1605,1476484701
64:BC:0C:50:F1:30,-69,-79,2155,1476484701
AC:CF:85:28:94:E2,-67,-70,1665,1476484761
64:BC:0C:50:F1:30,-66,-79,2215,1476484761
AC:CF:85:28:94:E2,-67,-69,1725,1476484821
64:BC:0C:50:F1:30,-66,-79,2275,1476484821
AC:CF:85:28:94:E2,-67,-68,1785,1476484881
64:BC:0C:50:F1:30,-66,-80,2335,1476484881
AC:CF:85:28:94:E2,-65,-66,1851,1476484948
64:BC:0C:50:F1:30,-67,-83,2401,1476484948
AC:CF:85:28:94:E2,-63,-64,1911,1476485008
64:BC:0C:50:F1:30,-66,-83,2461,1476485008
AC:CF:85:28:94:E2,-59,-64,1971,1476485068
64:BC:0C:50:F1:30,-66,-83,2521,1476485068
AC:CF:85:28:94:E2,-60,-64,2031,1476485128
64:BC:0C:50:F1:30,-66,-79,2581,1476485128
AC:CF:85:28:94:E2,-65,-65,2091,1476485188
64:BC:0C:50:F1:30,-68,-81,2641,1476485188
AC:CF:85:28:94:E2,-64,-63,2154,1476485251
64:BC:0C:50:F1:30,-67,-81,2704,1476485251
AC:CF:85:28:94:E2,-66,-62,2214,1476485311
64:BC:0C:50:F1:30,-67,-82,2764,1476485311
AC:CF:85:28:94:E2,-68,-61,2274,1476485371
64:BC:0C:50:F1:30,-70,-79,2824,1476485371
AC:CF:85:28:94:E2,-67,-60,2334,1476485431
64:BC:0C:50:F1:30,-66,-78,2884,1476485431
AC:CF:85:28:94:E2,-61,-74,2394,1476485491
64:BC:0C:50:F1:30,-67,-77,2944,1476485491
AC:CF:85:28:94:E2,-66,-73,2457,1476485554
64:BC:0C:50:F1:30,-66,-77,3007,1476485554
AC:CF:85:28:94:E2,-66,-73,2517,1476485614
64:BC:0C:50:F1:30,-66,-78,3067,1476485614
AC:CF:85:28:94:E2,-64,-71,2577,1476485674
64:BC:0C:50:F1:30,-66,-79,3127,1476485674
AC:CF:85:28:94:E2,-63,-71,2637,1476485734
64:BC:0C:50:F1:30,-67,-79,3187,1476485734
AC:CF:85:28:94:E2,-63,-70,2697,1476485794
64:BC:0C:50:F1:30,-67,-78,3247,1476485794
AC:CF:85:28:94:E2,-62,-70,2760,1476485857
64:BC:0C:50:F1:30,-66,-78,3310,1476485857
AC:CF:85:28:94:E2,-67,-70,2820,1476485917
64:BC:0C:50:F1:30,-67,-78,3370,1476485917
AC:CF:85:28:94:E2,-69,-73,2880,1476485977
64:BC:0C:50:F1:30,-67,-78,3430,1476485977
AC:CF:85:28:94:E2,-66,-73,2940,1476486037
64:BC:0C:50:F1:30,-67,-78,3490,1476486037
AC:CF:85:28:94:E2,-65,-74,3000,1476486097
64:BC:0C:50:F1:30,-67,-78,3550,1476486097
AC:CF:85:28:94:E2,-66,-73,3096,1476486192
64:BC:0C:50:F1:30,-72,-75,3646,1476486192
AC:CF:85:28:94:E2,-65,-72,3156,1476486252
64:BC:0C:50:F1:30,-76,-78,3706,1476486252
AC:CF:85:28:94:E2,-67,-71,3216,1476486312
64:BC:0C:50:F1:30,-69,-80,3766,1476486312
AC:CF:85:28:94:E2,-63,-70,3276,1476486372
64:BC:0C:50:F1:30,-69,-81,3826,1476486372
AC:CF:85:28:94:E2,-62,-73,3336,1476486432
64:BC:0C:50:F1:30,-69,-77,3886,1476486432
AC:CF:85:28:94:E2,-68,-75,3399,1476486495
64:BC:0C:50:F1:30,-69,-81,3949,1476486495
AC:CF:85:28:94:E2,-64,-70,3459,1476486555
64:BC:0C:50:F1:30,-69,-81,4009,1476486555
AC:CF:85:28:94:E2,-65,-69,3519,1476486615
64:BC:0C:50:F1:30,-69,-81,4069,1476486615
AC:CF:85:28:94:E2,-65,-76,3579,1476486675
64:BC:0C:50:F1:30,-68,-81,4129,1476486675
AC:CF:85:28:94:E2,-65,-77,3639,1476486735
64:BC:0C:50:F1:30,-68,-78,4189,1476486735
AC:CF:85:28:94:E2,-66,-71,3699,1476486795
64:BC:0C:50:F1:30,-69,-80,4249,1476486795
AC:CF:85:28:94:E2,-64,-69,3759,1476486855
64:BC:0C:50:F1:30,-68,-82,4309,1476486855
AC:CF:85:28:94:E2,-57,-65,3819,1476486915
64:BC:0C:50:F1:30,-68,-81,4369,1476486915
AC:CF:85:28:94:E2,-67,-71,3879,1476486975
64:BC:0C:50:F1:30,-68,-82,4429,1476486975
AC:CF:85:28:94:E2,-67,-71,3942,1476487038
64:BC:0C:50:F1:30,-69,-81,4492,1476487038
AC:CF:85:28:94:E2,-66,-69,4002,1476487098
64:BC:0C:50:F1:30,-69,-82,4552,1476487098
AC:CF:85:28:94:E2,-65,-72,4062,1476487158
64:BC:0C:50:F1:30,-68,-82,4612,1476487158
AC:CF:85:28:94:E2,-63,-67,4122,1476487218
64:BC:0C:50:F1:30,-68,-82,4672,1476487218
AC:CF:85:28:94:E2,-64,-71,4182,1476487278
64:BC:0C:50:F1:30,-69,-80,4732,1476487278
AC:CF:85:28:94:E2,-64,-66,4275,1476487371
64:BC:0C:50:F1:30,-68,-79,4825,1476487371
AC:CF:85:28:94:E2,-62,-66,4335,1476487431
64:BC:0C:50:F1:30,-68,-82,4885,1476487431
AC:CF:85:28:94:E2,-63,-67,4395,1476487491
64:BC:0C:50:F1:30,-68,-81,4945,1476487491
AC:CF:85:28:94:E2,-60,-67,4455,1476487551
64:BC:0C:50:F1:30,-67,-79,5005,1476487551
AC:CF:85:28:94:E2,-84,-85,4515,1476487611
64:BC:0C:50:F1:30,-68,-81,5065,1476487611
64:BC:0C:50:F1:30,-68,-82,5128,1476487674
64:BC:0C:50:F1:30,-68,-82,5188,1476487734
64:BC:0C:50:F1:30,-68,-81,5248,1476487794
64:BC:0C:50:F1:30,-68,-81,5308,1476487854
64:BC:0C:50:F1:30,-68,-82,5368,1476487914
64:BC:0C:50:F1:30,-68,-80,5431,1476487977
64:BC:0C:50:F1:30,-68,-81,5491,1476488037
64:BC:0C:50:F1:30,-68,-81,5551,1476488097
64:BC:0C:50:F1:30,-68,-81,5611,1476488157
64:BC:0C:50:F1:30,-68,-81,5671,1476488217
64:BC:0C:50:F1:30,-68,-80,5734,1476488280
64:BC:0C:50:F1:30,-68,-79,5794,1476488340
64:BC:0C:50:F1:30,-68,-79,5854,1476488400
64:BC:0C:50:F1:30,-68,-81,5914,1476488460
64:BC:0C:50:F1:30,-68,-81,5974,1476488520
64:BC:0C:50:F1:30,-68,-82,6034,1476488580
64:BC:0C:50:F1:30,-68,-81,6094,1476488640
64:BC:0C:50:F1:30,-68,-81,6154,1476488700
64:BC:0C:50:F1:30,-68,-82,6214,1476488760
64:BC:0C:50:F1:30,-68,-82,6277,1476488823
64:BC:0C:50:F1:30,-68,-80,6337,1476488883
64:BC:0C:50:F1:30,-68,-80,6397,1476488943
64:BC:0C:50:F1:30,-68,-80,6457,1476489003
64:BC:0C:50:F1:30,-68,-80,6517,1476489063
64:BC:0C:50:F1:30,-68,-80,6580,1476489126
64:BC:0C:50:F1:30,-68,-81,6640,1476489186
64:BC:0C:50:F1:30,-68,-78,6700,1476489246
64:BC:0C:50:F1:30,-67,-79,6760,1476489306
64:BC:0C:50:F1:30,-68,-80,6820,1476489366
64:BC:0C:50:F1:30,-68,-81,6883,1476489429
64:BC:0C:50:F1:30,-68,-81,6943,1476489489
64:BC:0C:50:F1:30,-68,-82,7003,1476489549
64:BC:0C:50:F1:30,-68,-80,7063,1476489609
64:BC:0C:50:F1:30,-68,-81,7123,1476489669
64:BC:0C:50:F1:30,-68,-81,7186,1476489732
64:BC:0C:50:F1:30,-68,-82,7246,1476489792
64:BC:0C:50:F1:30,-68,-81,7306,1476489852
64:BC:0C:50:F1:30,-68,-81,7366,1476489912
64:BC:0C:50:F1:30,-68,-81,7426,1476489972
64:BC:0C:50:F1:30,-68,-79,7489,1476490035
64:BC:0C:50:F1:30,-68,-80,7549,1476490095
64:BC:0C:50:F1:30,-68,-80,7609,1476490155
64:BC:0C:50:F1:30,-68,-80,7669,1476490215
64:BC:0C:50:F1:30,-68,-81,7729,1476490275
64:BC:0C:50:F1:30,-68,-80,7789,1476490335
64:BC:0C:50:F1:30,-68,-81,7849,1476490395
64:BC:0C:50:F1:30,-68,-81,7909,1476490455
64:BC:0C:50:F1:30,-68,-80,7969,1476490516
64:BC:0C:50:F1:30,-68,-80,8032,1476490579
64:BC:0C:50:F1:30,-68,-80,8092,1476490639
64:BC:0C:50:F1:30,-68,-80,8152,1476490699
64:BC:0C:50:F1:30,-68,-80,8212,1476490759
64:BC:0C:50:F1:30,-68,-81,8272,1476490819
64:BC:0C:50:F1:30,-67,-81,8367,1476490914
64:BC:0C:50:F1:30,-68,-81,8427,1476490974
64:BC:0C:50:F1:30,-68,-80,8487,1476491034
64:BC:0C:50:F1:30,-68,-80,8547,1476491094
64:BC:0C:50:F1:30,-68,-79,8607,1476491154
64:BC:0C:50:F1:30,-67,-80,8670,1476491217
64:BC:0C:50:F1:30,-67,-81,8730,1476491277
64:BC:0C:50:F1:30,-68,-81,8790,1476491337
64:BC:0C:50:F1:30,-68,-81,8850,1476491397
64:BC:0C:50:F1:30,-68,-82,8910,1476491457
64:BC:0C:50:F1:30,-68,-82,8973,1476491520
64:BC:0C:50:F1:30,-68,-82,9033,1476491580
64:BC:0C:50:F1:30,-67,-82,9093,1476491640
64:BC:0C:50:F1:30,-67,-82,9153,1476491700
64:BC:0C:50:F1:30,-68,-82,9213,1476491760
