Client_MAC,Rssi0,Rssi1,Connection_Time,EpocTime
64:BC:0C:50:F1:30,-68,-81,52106,1476534652
64:BC:0C:50:F1:30,-68,-78,52166,1476534712
64:BC:0C:50:F1:30,-68,-80,52226,1476534772
64:BC:0C:50:F1:30,-68,-81,52286,1476534832
64:BC:0C:50:F1:30,-68,-80,52346,1476534892
64:BC:0C:50:F1:30,-68,-80,52406,1476534952
64:BC:0C:50:F1:30,-68,-80,52466,1476535012
64:BC:0C:50:F1:30,-68,-81,52526,1476535072
64:BC:0C:50:F1:30,-68,-81,52586,1476535132
64:BC:0C:50:F1:30,-68,-80,52649,1476535195
64:BC:0C:50:F1:30,-68,-79,52709,1476535255
64:BC:0C:50:F1:30,-68,-80,52769,1476535315
64:BC:0C:50:F1:30,-68,-80,52829,1476535375
64:BC:0C:50:F1:30,-68,-81,52889,1476535435
64:BC:0C:50:F1:30,-68,-81,52952,1476535498
64:BC:0C:50:F1:30,-68,-81,53012,1476535558
64:BC:0C:50:F1:30,-68,-81,53072,1476535618
64:BC:0C:50:F1:30,-68,-81,53132,1476535678
64:BC:0C:50:F1:30,-69,-80,53192,1476535738
64:BC:0C:50:F1:30,-68,-79,53255,1476535801
64:BC:0C:50:F1:30,-69,-79,53315,1476535861
64:BC:0C:50:F1:30,-69,-79,53375,1476535921
64:BC:0C:50:F1:30,-68,-79,53435,1476535981
64:BC:0C:50:F1:30,-71,-81,53495,1476536041
64:BC:0C:50:F1:30,-70,-81,53558,1476536104
64:BC:0C:50:F1:30,-70,-82,53618,1476536164
64:BC:0C:50:F1:30,-69,-80,53678,1476536224
64:BC:0C:50:F1:30,-68,-82,53738,1476536284
64:BC:0C:50:F1:30,-70,-81,53798,1476536345
64:BC:0C:50:F1:30,-70,-81,53861,1476536408
64:BC:0C:50:F1:30,-70,-82,53921,1476536468
64:BC:0C:50:F1:30,-70,-82,53981,1476536528
64:BC:0C:50:F1:30,-70,-81,54041,1476536588
64:BC:0C:50:F1:30,-73,-78,54108,1476536654
64:BC:0C:50:F1:30,-73,-78,54168,1476536714
64:BC:0C:50:F1:30,-72,-78,54228,1476536774
64:BC:0C:50:F1:30,-72,-73,54288,1476536834
64:BC:0C:50:F1:30,-72,-77,54348,1476536894
64:BC:0C:50:F1:30,-75,-77,54440,1476536986
64:BC:0C:50:F1:30,-72,-78,54500,1476537046
64:BC:0C:50:F1:30,-71,-79,54560,1476537106
64:BC:0C:50:F1:30,-71,-79,54620,1476537166
64:BC:0C:50:F1:30,-70,-78,54680,1476537226
64:BC:0C:50:F1:30,-71,-78,54743,1476537289
64:BC:0C:50:F1:30,-70,-77,54803,1476537349
64:BC:0C:50:F1:30,-71,-77,54863,1476537409
64:BC:0C:50:F1:30,-71,-77,54923,1476537469
64:BC:0C:50:F1:30,-71,-78,54983,1476537529
64:BC:0C:50:F1:30,-71,-78,55046,1476537592
64:BC:0C:50:F1:30,-73,-74,55106,1476537652
64:BC:0C:50:F1:30,-74,-78,55166,1476537712
64:BC:0C:50:F1:30,-75,-76,55226,1476537772
64:BC:0C:50:F1:30,-74,-79,55286,1476537832
64:BC:0C:50:F1:30,-75,-79,55349,1476537895
64:BC:0C:50:F1:30,-76,-80,55409,1476537955
64:BC:0C:50:F1:30,-75,-77,55469,1476538015
64:BC:0C:50:F1:30,-73,-75,55529,1476538075
64:BC:0C:50:F1:30,-73,-77,55589,1476538135
64:BC:0C:50:F1:30,-73,-76,55652,1476538198
64:BC:0C:50:F1:30,-74,-76,55712,1476538258
64:BC:0C:50:F1:30,-73,-75,55772,1476538318
64:BC:0C:50:F1:30,-74,-78,55832,1476538378
64:BC:0C:50:F1:30,-73,-77,55898,1476538444
64:BC:0C:50:F1:30,-73,-75,55958,1476538504
64:BC:0C:50:F1:30,-72,-75,56018,1476538564
64:BC:0C:50:F1:30,-72,-73,56078,1476538624
64:BC:0C:50:F1:30,-72,-74,56138,1476538684
64:BC:0C:50:F1:30,-73,-75,56233,1476538779
64:BC:0C:50:F1:30,-74,-75,56293,1476538839
64:BC:0C:50:F1:30,-76,-75,56353,1476538899
64:BC:0C:50:F1:30,-75,-75,56413,1476538959
64:BC:0C:50:F1:30,-74,-74,56473,1476539019
64:BC:0C:50:F1:30,-75,-75,56536,1476539082
64:BC:0C:50:F1:30,-75,-76,56596,1476539142
64:BC:0C:50:F1:30,-75,-76,56656,1476539202
64:BC:0C:50:F1:30,-74,-75,56716,1476539262
64:BC:0C:50:F1:30,-72,-74,56776,1476539322
64:BC:0C:50:F1:30,-72,-75,56839,1476539385
64:BC:0C:50:F1:30,-72,-74,56899,1476539445
64:BC:0C:50:F1:30,-73,-76,56959,1476539505
64:BC:0C:50:F1:30,-74,-78,57019,1476539565
64:BC:0C:50:F1:30,-74,-79,57079,1476539625
64:BC:0C:50:F1:30,-74,-78,57142,1476539688
64:BC:0C:50:F1:30,-75,-78,57202,1476539748
64:BC:0C:50:F1:30,-73,-78,57262,1476539808
64:BC:0C:50:F1:30,-74,-78,57322,1476539868
64:BC:0C:50:F1:30,-75,-79,57382,1476539928
64:BC:0C:50:F1:30,-74,-78,57445,1476539992
64:BC:0C:50:F1:30,-74,-79,57505,1476540052
64:BC:0C:50:F1:30,-72,-78,57565,1476540112
64:BC:0C:50:F1:30,-73,-78,57625,1476540172
64:BC:0C:50:F1:30,-74,-78,57685,1476540232
64:BC:0C:50:F1:30,-73,-78,57745,1476540292
64:BC:0C:50:F1:30,-74,-79,57805,1476540352
64:BC:0C:50:F1:30,-74,-79,57865,1476540412
64:BC:0C:50:F1:30,-73,-77,57925,1476540472
64:BC:0C:50:F1:30,-74,-79,58019,1476540565
64:BC:0C:50:F1:30,-74,-78,58079,1476540625
64:BC:0C:50:F1:30,-74,-79,58139,1476540685
64:BC:0C:50:F1:30,-73,-78,58199,1476540745
64:BC:0C:50:F1:30,-74,-79,58259,1476540805
64:BC:0C:50:F1:30,-74,-79,58322,1476540868
64:BC:0C:50:F1:30,-75,-79,58382,1476540928
64:BC:0C:50:F1:30,-75,-79,58442,1476540988
64:BC:0C:50:F1:30,-73,-78,58502,1476541048
64:BC:0C:50:F1:30,-74,-78,58562,1476541108
64:BC:0C:50:F1:30,-75,-79,58625,1476541171
64:BC:0C:50:F1:30,-75,-79,58685,1476541231
64:BC:0C:50:F1:30,-74,-79,58745,1476541291
64:BC:0C:50:F1:30,-74,-79,58805,1476541351
64:BC:0C:50:F1:30,-74,-78,58865,1476541411
64:BC:0C:50:F1:30,-75,-79,58928,1476541474
64:BC:0C:50:F1:30,-74,-79,58988,1476541534
64:BC:0C:50:F1:30,-74,-79,59048,1476541594
64:BC:0C:50:F1:30,-75,-79,59108,1476541654
64:BC:0C:50:F1:30,-75,-79,59168,1476541714
64:BC:0C:50:F1:30,-75,-79,59231,1476541777
64:BC:0C:50:F1:30,-74,-79,59291,1476541837
64:BC:0C:50:F1:30,-74,-79,59351,1476541897
64:BC:0C:50:F1:30,-75,-79,59411,1476541957
64:BC:0C:50:F1:30,-75,-79,59471,1476542017
64:BC:0C:50:F1:30,-75,-79,59531,1476542077
64:BC:0C:50:F1:30,-75,-79,59591,1476542137
64:BC:0C:50:F1:30,-75,-79,59651,1476542197
64:BC:0C:50:F1:30,-75,-79,59711,1476542257
64:BC:0C:50:F1:30,-75,-79,59774,1476542320
64:BC:0C:50:F1:30,-75,-79,59834,1476542380
64:BC:0C:50:F1:30,-73,-77,59894,1476542440
64:BC:0C:50:F1:30,-73,-77,59954,1476542500
64:BC:0C:50:F1:30,-74,-78,60014,1476542560
64:BC:0C:50:F1:30,-74,-78,60077,1476542624
64:BC:0C:50:F1:30,-74,-79,60137,1476542684
64:BC:0C:50:F1:30,-74,-78,60197,1476542744
64:BC:0C:50:F1:30,-74,-79,60257,1476542804
64:BC:0C:50:F1:30,-73,-78,60317,1476542864
64:BC:0C:50:F1:30,-73,-78,60380,1476542927
64:BC:0C:50:F1:30,-73,-78,60440,1476542987
64:BC:0C:50:F1:30,-74,-78,60500,1476543047
64:BC:0C:50:F1:30,-74,-79,60560,1476543107
64:BC:0C:50:F1:30,-73,-78,60620,1476543167
64:BC:0C:50:F1:30,-73,-78,60684,1476543230
64:BC:0C:50:F1:30,-73,-78,60744,1476543290
64:BC:0C:50:F1:30,-74,-78,60804,1476543350
64:BC:0C:50:F1:30,-73,-77,60864,1476543410
64:BC:0C:50:F1:30,-73,-78,60924,1476543470
64:BC:0C:50:F1:30,-72,-78,60987,1476543533
64:BC:0C:50:F1:30,-73,-77,61047,1476543593
64:BC:0C:50:F1:30,-72,-78,61107,1476543653
64:BC:0C:50:F1:30,-72,-78,61167,1476543713
64:BC:0C:50:F1:30,-73,-77,61227,1476543773
64:BC:0C:50:F1:30,-73,-77,61287,1476543833
64:BC:0C:50:F1:30,-73,-77,61347,1476543893
64:BC:0C:50:F1:30,-74,-77,61407,1476543953
64:BC:0C:50:F1:30,-74,-77,61467,1476544013
64:BC:0C:50:F1:30,-74,-77,61530,1476544076
64:BC:0C:50:F1:30,-74,-77,61590,1476544136
64:BC:0C:50:F1:30,-74,-77,61650,1476544196
64:BC:0C:50:F1:30,-73,-78,61710,1476544256
64:BC:0C:50:F1:30,-74,-77,61770,1476544316
64:BC:0C:50:F1:30,-73,-77,61833,1476544379
64:BC:0C:50:F1:30,-73,-77,61892,1476544439
64:BC:0C:50:F1:30,-74,-77,61952,1476544499
64:BC:0C:50:F1:30,-74,-77,62012,1476544559
64:BC:0C:50:F1:30,-74,-78,62072,1476544619
64:BC:0C:50:F1:30,-74,-79,62135,1476544682
64:BC:0C:50:F1:30,-68,-77,62195,1476544742
64:BC:0C:50:F1:30,-77,-76,62255,1476544802
64:BC:0C:50:F1:30,-75,-74,62315,1476544862
64:BC:0C:50:F1:30,-75,-74,62376,1476544922
64:BC:0C:50:F1:30,-77,-75,62468,1476545015
64:BC:0C:50:F1:30,-76,-76,62528,1476545075
64:BC:0C:50:F1:30,-78,-75,62588,1476545135
64:BC:0C:50:F1:30,-78,-75,62648,1476545195
64:BC:0C:50:F1:30,-77,-75,62708,1476545255
64:BC:0C:50:F1:30,-77,-75,62771,1476545318
64:BC:0C:50:F1:30,-77,-75,62832,1476545378
64:BC:0C:50:F1:30,-77,-75,62892,1476545438
64:BC:0C:50:F1:30,-77,-75,62952,1476545498
64:BC:0C:50:F1:30,-77,-75,63012,1476545558
64:BC:0C:50:F1:30,-77,-75,63072,1476545618
64:BC:0C:50:F1:30,-77,-75,63132,1476545678
64:BC:0C:50:F1:30,-77,-75,63192,1476545738
64:BC:0C:50:F1:30,-77,-75,63252,1476545798
64:BC:0C:50:F1:30,-76,-74,63315,1476545861
64:BC:0C:50:F1:30,-75,-74,63375,1476545921
64:BC:0C:50:F1:30,-76,-75,63435,1476545981
64:BC:0C:50:F1:30,-76,-75,63495,1476546041
64:BC:0C:50:F1:30,-76,-75,63555,1476546101
64:BC:0C:50:F1:30,-75,-74,63648,1476546195
64:BC:0C:50:F1:30,-76,-74,63709,1476546255
64:BC:0C:50:F1:30,-76,-76,63769,1476546315
64:BC:0C:50:F1:30,-76,-76,63829,1476546375
64:BC:0C:50:F1:30,-75,-77,63889,1476546435
64:BC:0C:50:F1:30,-75,-77,63952,1476546498
64:BC:0C:50:F1:30,-75,-78,64012,1476546558
64:BC:0C:50:F1:30,-74,-79,64072,1476546618
64:BC:0C:50:F1:30,-74,-78,64132,1476546678
64:BC:0C:50:F1:30,-66,-80,64192,1476546738
64:BC:0C:50:F1:30,-67,-79,64255,1476546801
64:BC:0C:50:F1:30,-70,-77,64315,1476546861
64:BC:0C:50:F1:30,-73,-78,64375,1476546921
64:BC:0C:50:F1:30,-71,-77,64435,1476546981
64:BC:0C:50:F1:30,-71,-77,64495,1476547041
64:BC:0C:50:F1:30,-72,-77,64558,1476547104
64:BC:0C:50:F1:30,-72,-76,64618,1476547164
64:BC:0C:50:F1:30,-68,-76,64678,1476547224
64:BC:0C:50:F1:30,-68,-75,64738,1476547284
64:BC:0C:50:F1:30,-67,-75,64798,1476547344
64:BC:0C:50:F1:30,-67,-75,64858,1476547404
64:BC:0C:50:F1:30,-68,-75,64918,1476547464
64:BC:0C:50:F1:30,-67,-75,64978,1476547524
64:BC:0C:50:F1:30,-67,-74,65038,1476547584
64:BC:0C:50:F1:30,-68,-75,65101,1476547647
64:BC:0C:50:F1:30,-68,-75,65161,1476547707
64:BC:0C:50:F1:30,-68,-75,65221,1476547767
64:BC:0C:50:F1:30,-68,-75,65281,1476547827
64:BC:0C:50:F1:30,-68,-75,65341,1476547887
64:BC:0C:50:F1:30,-68,-75,65404,1476547950
64:BC:0C:50:F1:30,-68,-74,65464,1476548010
64:BC:0C:50:F1:30,-68,-74,65524,1476548070
64:BC:0C:50:F1:30,-68,-74,65584,1476548130
64:BC:0C:50:F1:30,-68,-75,65644,1476548190
64:BC:0C:50:F1:30,-68,-75,65707,1476548254
64:BC:0C:50:F1:30,-67,-74,65767,1476548314
64:BC:0C:50:F1:30,-68,-75,65827,1476548374
64:BC:0C:50:F1:30,-69,-76,65887,1476548434
64:BC:0C:50:F1:30,-68,-75,65947,1476548494
64:BC:0C:50:F1:30,-67,-75,66010,1476548557
64:BC:0C:50:F1:30,-67,-75,66070,1476548617
64:BC:0C:50:F1:30,-67,-75,66130,1476548677
64:BC:0C:50:F1:30,-69,-77,66190,1476548737
64:BC:0C:50:F1:30,-69,-78,66250,1476548797
