Client_MAC,Rssi0,Rssi1,Connection_Time,EpocTime
64:BC:0C:50:F1:30,-68,-82,9277,1476491824
64:BC:0C:50:F1:30,-68,-82,9337,1476491883
64:BC:0C:50:F1:30,-68,-83,9397,1476491944
64:BC:0C:50:F1:30,-68,-82,9457,1476492004
64:BC:0C:50:F1:30,-68,-79,9517,1476492064
64:BC:0C:50:F1:30,-68,-80,9577,1476492124
64:BC:0C:50:F1:30,-68,-81,9637,1476492184
64:BC:0C:50:F1:30,-68,-82,9697,1476492244
64:BC:0C:50:F1:30,-68,-82,9757,1476492304
64:BC:0C:50:F1:30,-68,-82,9820,1476492367
64:BC:0C:50:F1:30,-68,-81,9880,1476492427
64:BC:0C:50:F1:30,-68,-80,9940,1476492487
64:BC:0C:50:F1:30,-68,-81,10000,1476492547
64:BC:0C:50:F1:30,-68,-81,10060,1476492607
64:BC:0C:50:F1:30,-68,-81,10123,1476492670
64:BC:0C:50:F1:30,-68,-81,10183,1476492730
64:BC:0C:50:F1:30,-68,-82,10243,1476492790
64:BC:0C:50:F1:30,-68,-82,10303,1476492850
64:BC:0C:50:F1:30,-68,-82,10363,1476492910
64:BC:0C:50:F1:30,-68,-83,10426,1476492973
64:BC:0C:50:F1:30,-68,-83,10487,1476493033
64:BC:0C:50:F1:30,-68,-79,10547,1476493093
64:BC:0C:50:F1:30,-68,-79,10607,1476493153
64:BC:0C:50:F1:30,-68,-80,10667,1476493213
64:BC:0C:50:F1:30,-68,-79,10730,1476493276
64:BC:0C:50:F1:30,-68,-80,10790,1476493336
64:BC:0C:50:F1:30,-68,-81,10850,1476493396
64:BC:0C:50:F1:30,-68,-82,10910,1476493456
64:BC:0C:50:F1:30,-68,-81,10970,1476493516
64:BC:0C:50:F1:30,-68,-78,11073,1476493619
64:BC:0C:50:F1:30,-68,-80,11133,1476493679
64:BC:0C:50:F1:30,-68,-81,11193,1476493739
64:BC:0C:50:F1:30,-68,-81,11253,1476493799
64:BC:0C:50:F1:30,-68,-81,11313,1476493859
64:BC:0C:50:F1:30,-68,-81,11373,1476493919
64:BC:0C:50:F1:30,-68,-81,11433,1476493979
64:BC:0C:50:F1:30,-68,-82,11493,1476494039
64:BC:0C:50:F1:30,-68,-82,11553,1476494099
64:BC:0C:50:F1:30,-68,-79,11650,1476494197
64:BC:0C:50:F1:30,-68,-80,11710,1476494257
64:BC:0C:50:F1:30,-68,-80,11770,1476494317
64:BC:0C:50:F1:30,-68,-81,11830,1476494377
64:BC:0C:50:F1:30,-68,-81,11890,1476494437
64:BC:0C:50:F1:30,-68,-81,11954,1476494500
64:BC:0C:50:F1:30,-68,-82,12014,1476494560
64:BC:0C:50:F1:30,-68,-80,12074,1476494620
64:BC:0C:50:F1:30,-68,-81,12134,1476494680
64:BC:0C:50:F1:30,-68,-80,12194,1476494740
64:BC:0C:50:F1:30,-68,-79,12257,1476494803
64:BC:0C:50:F1:30,-68,-81,12317,1476494863
64:BC:0C:50:F1:30,-68,-81,12377,1476494923
64:BC:0C:50:F1:30,-68,-81,12437,1476494983
64:BC:0C:50:F1:30,-68,-80,12497,1476495043
64:BC:0C:50:F1:30,-68,-81,12560,1476495106
64:BC:0C:50:F1:30,-68,-81,12620,1476495166
64:BC:0C:50:F1:30,-68,-81,12680,1476495226
64:BC:0C:50:F1:30,-67,-82,12740,1476495286
64:BC:0C:50:F1:30,-68,-79,12800,1476495346
64:BC:0C:50:F1:30,-68,-80,12863,1476495409
64:BC:0C:50:F1:30,-68,-81,12923,1476495469
64:BC:0C:50:F1:30,-68,-81,12983,1476495529
64:BC:0C:50:F1:30,-68,-81,13043,1476495589
64:BC:0C:50:F1:30,-68,-82,13103,1476495649
64:BC:0C:50:F1:30,-68,-79,13163,1476495709
64:BC:0C:50:F1:30,-68,-80,13223,1476495769
64:BC:0C:50:F1:30,-68,-81,13283,1476495829
64:BC:0C:50:F1:30,-68,-79,13343,1476495889
64:BC:0C:50:F1:30,-68,-79,13406,1476495952
64:BC:0C:50:F1:30,-68,-80,13466,1476496012
64:BC:0C:50:F1:30,-68,-82,13526,1476496072
64:BC:0C:50:F1:30,-68,-81,13586,1476496132
64:BC:0C:50:F1:30,-68,-80,13646,1476496192
64:BC:0C:50:F1:30,-68,-81,13709,1476496255
64:BC:0C:50:F1:30,-68,-82,13769,1476496315
64:BC:0C:50:F1:30,-68,-82,13829,1476496375
64:BC:0C:50:F1:30,-68,-81,13889,1476496435
64:BC:0C:50:F1:30,-68,-81,13949,1476496495
64:BC:0C:50:F1:30,-68,-80,14012,1476496558
64:BC:0C:50:F1:30,-68,-81,14072,1476496618
64:BC:0C:50:F1:30,-68,-82,14132,1476496678
64:BC:0C:50:F1:30,-68,-82,14192,1476496738
64:BC:0C:50:F1:30,-68,-79,14252,1476496798
64:BC:0C:50:F1:30,-68,-80,14349,1476496895
64:BC:0C:50:F1:30,-68,-82,14409,1476496955
64:BC:0C:50:F1:30,-68,-79,14469,1476497015
64:BC:0C:50:F1:30,-68,-81,14529,1476497075
64:BC:0C:50:F1:30,-68,-80,14589,1476497135
64:BC:0C:50:F1:30,-68,-81,14652,1476497198
64:BC:0C:50:F1:30,-68,-80,14712,1476497258
64:BC:0C:50:F1:30,-68,-80,14772,1476497318
64:BC:0C:50:F1:30,-68,-81,14832,1476497378
64:BC:0C:50:F1:30,-68,-82,14892,1476497438
64:BC:0C:50:F1:30,-68,-77,14952,1476497498
64:BC:0C:50:F1:30,-68,-80,15012,1476497558
64:BC:0C:50:F1:30,-68,-80,15072,1476497618
64:BC:0C:50:F1:30,-68,-81,15132,1476497678
64:BC:0C:50:F1:30,-68,-79,15195,1476497741
64:BC:0C:50:F1:30,-68,-79,15255,1476497801
64:BC:0C:50:F1:30,-68,-80,15315,1476497861
64:BC:0C:50:F1:30,-68,-81,15375,1476497921
64:BC:0C:50:F1:30,-68,-80,15435,1476497981
64:BC:0C:50:F1:30,-68,-79,15535,1476498081
64:BC:0C:50:F1:30,-68,-80,15595,1476498141
64:BC:0C:50:F1:30,-68,-81,15655,1476498201
64:BC:0C:50:F1:30,-68,-79,15715,1476498261
64:BC:0C:50:F1:30,-68,-81,15775,1476498321
64:BC:0C:50:F1:30,-68,-81,15838,1476498384
64:BC:0C:50:F1:30,-68,-82,15898,1476498444
64:BC:0C:50:F1:30,-68,-81,15958,1476498504
64:BC:0C:50:F1:30,-68,-81,16018,1476498564
64:BC:0C:50:F1:30,-67,-81,16078,1476498624
64:BC:0C:50:F1:30,-68,-82,16141,1476498687
64:BC:0C:50:F1:30,-68,-82,16201,1476498747
64:BC:0C:50:F1:30,-68,-81,16261,1476498807
64:BC:0C:50:F1:30,-68,-82,16321,1476498867
64:BC:0C:50:F1:30,-68,-78,16381,1476498927
64:BC:0C:50:F1:30,-67,-81,16444,1476498991
64:BC:0C:50:F1:30,-67,-82,16504,1476499051
64:BC:0C:50:F1:30,-68,-82,16564,1476499111
64:BC:0C:50:F1:30,-68,-82,16624,1476499171
64:BC:0C:50:F1:30,-68,-80,16684,1476499231
64:BC:0C:50:F1:30,-68,-80,16744,1476499291
64:BC:0C:50:F1:30,-68,-77,16804,1476499351
64:BC:0C:50:F1:30,-68,-77,16864,1476499411
64:BC:0C:50:F1:30,-68,-77,16924,1476499471
64:BC:0C:50:F1:30,-68,-78,16987,1476499534
64:BC:0C:50:F1:30,-68,-78,17047,1476499594
64:BC:0C:50:F1:30,-68,-78,17107,1476499654
64:BC:0C:50:F1:30,-68,-78,17167,1476499714
64:BC:0C:50:F1:30,-68,-77,17227,1476499774
64:BC:0C:50:F1:30,-68,-78,17290,1476499837
64:BC:0C:50:F1:30,-68,-77,17350,1476499897
64:BC:0C:50:F1:30,-68,-77,17410,1476499957
64:BC:0C:50:F1:30,-68,-77,17470,1476500017
64:BC:0C:50:F1:30,-68,-77,17530,1476500077
64:BC:0C:50:F1:30,-68,-77,17627,1476500174
64:BC:0C:50:F1:30,-68,-77,17687,1476500234
64:BC:0C:50:F1:30,-68,-77,17747,1476500294
64:BC:0C:50:F1:30,-68,-77,17807,1476500354
64:BC:0C:50:F1:30,-68,-77,17867,1476500414
64:BC:0C:50:F1:30,-68,-79,17931,1476500477
64:BC:0C:50:F1:30,-68,-81,17991,1476500537
64:BC:0C:50:F1:30,-69,-81,18051,1476500597
64:BC:0C:50:F1:30,-68,-82,18111,1476500657
64:BC:0C:50:F1:30,-68,-81,18171,1476500717
64:BC:0C:50:F1:30,-68,-81,18234,1476500780
64:BC:0C:50:F1:30,-68,-80,18294,1476500840
64:BC:0C:50:F1:30,-68,-81,18354,1476500900
64:BC:0C:50:F1:30,-68,-82,18414,1476500960
64:BC:0C:50:F1:30,-68,-80,18474,1476501020
64:BC:0C:50:F1:30,-68,-81,18534,1476501080
64:BC:0C:50:F1:30,-68,-83,18594,1476501140
64:BC:0C:50:F1:30,-68,-83,18654,1476501200
64:BC:0C:50:F1:30,-68,-81,18714,1476501260
64:BC:0C:50:F1:30,-68,-81,18777,1476501323
64:BC:0C:50:F1:30,-68,-81,18837,1476501383
64:BC:0C:50:F1:30,-68,-82,18897,1476501443
64:BC:0C:50:F1:30,-68,-79,18957,1476501503
64:BC:0C:50:F1:30,-68,-80,19017,1476501563
64:BC:0C:50:F1:30,-68,-81,19110,1476501656
64:BC:0C:50:F1:30,-68,-80,19170,1476501716
64:BC:0C:50:F1:30,-68,-81,19230,1476501776
64:BC:0C:50:F1:30,-67,-82,19290,1476501836
64:BC:0C:50:F1:30,-67,-82,19350,1476501896
64:BC:0C:50:F1:30,-68,-81,19413,1476501959
64:BC:0C:50:F1:30,-68,-81,19473,1476502019
64:BC:0C:50:F1:30,-68,-82,19533,1476502079
64:BC:0C:50:F1:30,-68,-81,19593,1476502139
64:BC:0C:50:F1:30,-68,-79,19653,1476502199
64:BC:0C:50:F1:30,-68,-80,19716,1476502262
64:BC:0C:50:F1:30,-68,-81,19776,1476502322
64:BC:0C:50:F1:30,-68,-81,19836,1476502382
64:BC:0C:50:F1:30,-68,-81,19896,1476502442
64:BC:0C:50:F1:30,-67,-81,19956,1476502502
64:BC:0C:50:F1:30,-67,-82,20019,1476502565
64:BC:0C:50:F1:30,-68,-81,20079,1476502625
64:BC:0C:50:F1:30,-68,-81,20139,1476502685
64:BC:0C:50:F1:30,-68,-81,20199,1476502745
64:BC:0C:50:F1:30,-68,-81,20259,1476502805
64:BC:0C:50:F1:30,-68,-81,20319,1476502865
64:BC:0C:50:F1:30,-67,-83,20379,1476502925
64:BC:0C:50:F1:30,-68,-82,20439,1476502985
64:BC:0C:50:F1:30,-68,-81,20499,1476503045
64:BC:0C:50:F1:30,-68,-82,20562,1476503108
64:BC:0C:50:F1:30,-68,-82,20622,1476503168
64:BC:0C:50:F1:30,-68,-78,20682,1476503228
64:BC:0C:50:F1:30,-68,-80,20742,1476503288
64:BC:0C:50:F1:30,-68,-81,20802,1476503348
64:BC:0C:50:F1:30,-68,-82,20865,1476503411
64:BC:0C:50:F1:30,-68,-81,20925,1476503471
64:BC:0C:50:F1:30,-68,-80,20985,1476503531
64:BC:0C:50:F1:30,-68,-81,21045,1476503591
64:BC:0C:50:F1:30,-67,-81,21105,1476503651
64:BC:0C:50:F1:30,-67,-82,21198,1476503744
64:BC:0C:50:F1:30,-68,-81,21258,1476503804
64:BC:0C:50:F1:30,-68,-81,21318,1476503864
64:BC:0C:50:F1:30,-68,-82,21378,1476503924
64:BC:0C:50:F1:30,-67,-79,21438,1476503984
64:BC:0C:50:F1:30,-67,-80,21501,1476504047
64:BC:0C:50:F1:30,-67,-81,21561,1476504107
64:BC:0C:50:F1:30,-67,-81,21621,1476504167
64:BC:0C:50:F1:30,-68,-81,21681,1476504227
64:BC:0C:50:F1:30,-68,-81,21741,1476504287
64:BC:0C:50:F1:30,-68,-81,21804,1476504351
64:BC:0C:50:F1:30,-68,-81,21864,1476504411
64:BC:0C:50:F1:30,-68,-81,21924,1476504471
64:BC:0C:50:F1:30,-68,-82,21984,1476504531
64:BC:0C:50:F1:30,-67,-82,22051,1476504597
64:BC:0C:50:F1:30,-68,-81,22111,1476504657
64:BC:0C:50:F1:30,-67,-82,22171,1476504717
64:BC:0C:50:F1:30,-67,-82,22231,1476504777
64:BC:0C:50:F1:30,-68,-82,22291,1476504837
64:BC:0C:50:F1:30,-68,-82,22354,1476504900
64:BC:0C:50:F1:30,-68,-81,22414,1476504960
64:BC:0C:50:F1:30,-68,-82,22474,1476505020
64:BC:0C:50:F1:30,-67,-82,22534,1476505080
64:BC:0C:50:F1:30,-67,-82,22594,1476505140
64:BC:0C:50:F1:30,-68,-81,22686,1476505232
64:BC:0C:50:F1:30,-68,-81,22746,1476505292
64:BC:0C:50:F1:30,-68,-82,22806,1476505352
64:BC:0C:50:F1:30,-68,-82,22866,1476505412
64:BC:0C:50:F1:30,-68,-82,22926,1476505472
64:BC:0C:50:F1:30,-67,-82,22989,1476505535
64:BC:0C:50:F1:30,-67,-82,23049,1476505595
64:BC:0C:50:F1:30,-67,-82,23109,1476505655
64:BC:0C:50:F1:30,-68,-82,23169,1476505715
64:BC:0C:50:F1:30,-68,-80,23229,1476505775
64:BC:0C:50:F1:30,-67,-80,23292,1476505838
64:BC:0C:50:F1:30,-68,-77,23352,1476505898
64:BC:0C:50:F1:30,-68,-80,23412,1476505958
64:BC:0C:50:F1:30,-68,-81,23472,1476506018
64:BC:0C:50:F1:30,-68,-81,23532,1476506078
