Client_MAC,Rssi0,Rssi1,Connection_Time,EpocTime
64:BC:0C:50:F1:30,-69,-78,66343,1476548890
64:BC:0C:50:F1:30,-69,-77,66403,1476548950
64:BC:0C:50:F1:30,-68,-76,66463,1476549010
64:BC:0C:50:F1:30,-68,-77,66523,1476549070
64:BC:0C:50:F1:30,-69,-77,66583,1476549130
64:BC:0C:50:F1:30,-69,-78,66643,1476549190
64:BC:0C:50:F1:30,-69,-78,66703,1476549250
64:BC:0C:50:F1:30,-69,-78,66763,1476549310
64:BC:0C:50:F1:30,-69,-78,66823,1476549370
64:BC:0C:50:F1:30,-67,-76,66886,1476549433
64:BC:0C:50:F1:30,-69,-77,66946,1476549493
64:BC:0C:50:F1:30,-69,-77,67006,1476549553
64:BC:0C:50:F1:30,-69,-77,67066,1476549613
64:BC:0C:50:F1:30,-69,-78,67126,1476549673
64:BC:0C:50:F1:30,-69,-78,67218,1476549765
64:BC:0C:50:F1:30,-67,-76,67278,1476549825
64:BC:0C:50:F1:30,-66,-76,67338,1476549885
64:BC:0C:50:F1:30,-67,-75,67398,1476549945
64:BC:0C:50:F1:30,-67,-76,67458,1476550005
64:BC:0C:50:F1:30,-69,-76,67521,1476550068
64:BC:0C:50:F1:30,-68,-74,67582,1476550128
64:BC:0C:50:F1:30,-68,-74,67642,1476550188
64:BC:0C:50:F1:30,-68,-74,67702,1476550248
64:BC:0C:50:F1:30,-67,-74,67762,1476550308
64:BC:0C:50:F1:30,-67,-75,67825,1476550371
64:BC:0C:50:F1:30,-66,-74,67885,1476550431
64:BC:0C:50:F1:30,-68,-75,67945,1476550491
64:BC:0C:50:F1:30,-67,-74,68005,1476550551
64:BC:0C:50:F1:30,-67,-73,68065,1476550611
64:BC:0C:50:F1:30,-68,-73,68128,1476550674
64:BC:0C:50:F1:30,-67,-72,68188,1476550734
64:BC:0C:50:F1:30,-67,-72,68248,1476550794
64:BC:0C:50:F1:30,-67,-73,68308,1476550854
64:BC:0C:50:F1:30,-67,-72,68368,1476550914
64:BC:0C:50:F1:30,-67,-72,68428,1476550974
64:BC:0C:50:F1:30,-67,-72,68488,1476551034
64:BC:0C:50:F1:30,-67,-74,68548,1476551094
64:BC:0C:50:F1:30,-67,-71,68608,1476551154
64:BC:0C:50:F1:30,-68,-73,68671,1476551217
64:BC:0C:50:F1:30,-69,-75,68731,1476551277
64:BC:0C:50:F1:30,-69,-76,68791,1476551337
64:BC:0C:50:F1:30,-70,-70,68851,1476551397
64:BC:0C:50:F1:30,-69,-76,68911,1476551457
64:BC:0C:50:F1:30,-70,-77,68974,1476551520
64:BC:0C:50:F1:30,-70,-72,69034,1476551580
64:BC:0C:50:F1:30,-69,-83,69094,1476551640
64:BC:0C:50:F1:30,-70,-85,69154,1476551700
64:BC:0C:50:F1:30,-72,-84,69214,1476551760
64:BC:0C:50:F1:30,-68,-81,69277,1476551823
64:BC:0C:50:F1:30,-70,-82,69337,1476551883
64:BC:0C:50:F1:30,-70,-83,69397,1476551943
64:BC:0C:50:F1:30,-71,-84,69457,1476552003
64:BC:0C:50:F1:30,-70,-84,69517,1476552063
64:BC:0C:50:F1:30,-70,-83,69580,1476552126
64:BC:0C:50:F1:30,-70,-81,69640,1476552186
64:BC:0C:50:F1:30,-70,-81,69700,1476552246
64:BC:0C:50:F1:30,-69,-81,69760,1476552306
64:BC:0C:50:F1:30,-69,-82,69820,1476552366
64:BC:0C:50:F1:30,-69,-81,69912,1476552459
64:BC:0C:50:F1:30,-70,-81,69972,1476552519
64:BC:0C:50:F1:30,-70,-82,70032,1476552579
64:BC:0C:50:F1:30,-69,-82,70092,1476552639
64:BC:0C:50:F1:30,-69,-82,70152,1476552699
64:BC:0C:50:F1:30,-69,-81,70212,1476552759
64:BC:0C:50:F1:30,-69,-81,70272,1476552819
64:BC:0C:50:F1:30,-70,-82,70332,1476552879
64:BC:0C:50:F1:30,-70,-82,70392,1476552939
64:BC:0C:50:F1:30,-69,-82,70456,1476553002
64:BC:0C:50:F1:30,-69,-82,70516,1476553062
64:BC:0C:50:F1:30,-69,-82,70576,1476553122
64:BC:0C:50:F1:30,-69,-81,70636,1476553182
64:BC:0C:50:F1:30,-70,-81,70696,1476553242
64:BC:0C:50:F1:30,-69,-82,70759,1476553305
64:BC:0C:50:F1:30,-69,-81,70819,1476553365
64:BC:0C:50:F1:30,-70,-80,70879,1476553425
64:BC:0C:50:F1:30,-68,-79,70939,1476553485
64:BC:0C:50:F1:30,-70,-80,70999,1476553545
64:BC:0C:50:F1:30,-68,-75,71062,1476553608
64:BC:0C:50:F1:30,-69,-81,71122,1476553668
64:BC:0C:50:F1:30,-70,-80,71182,1476553728
64:BC:0C:50:F1:30,-70,-78,71242,1476553788
64:BC:0C:50:F1:30,-69,-80,71302,1476553848
64:BC:0C:50:F1:30,-69,-80,71395,1476553941
64:BC:0C:50:F1:30,-70,-80,71455,1476554001
64:BC:0C:50:F1:30,-70,-79,71515,1476554061
64:BC:0C:50:F1:30,-70,-79,71575,1476554121
64:BC:0C:50:F1:30,-70,-79,71635,1476554181
64:BC:0C:50:F1:30,-69,-81,71698,1476554245
64:BC:0C:50:F1:30,-69,-81,71758,1476554305
64:BC:0C:50:F1:30,-70,-81,71818,1476554365
64:BC:0C:50:F1:30,-70,-80,71878,1476554425
64:BC:0C:50:F1:30,-67,-75,71938,1476554485
64:BC:0C:50:F1:30,-60,-73,71998,1476554545
64:BC:0C:50:F1:30,-66,-74,72058,1476554605
64:BC:0C:50:F1:30,-62,-74,72118,1476554665
64:BC:0C:50:F1:30,-61,-72,72178,1476554725
64:BC:0C:50:F1:30,-62,-72,72241,1476554788
64:BC:0C:50:F1:30,-60,-72,72301,1476554848
64:BC:0C:50:F1:30,-67,-74,72361,1476554908
64:BC:0C:50:F1:30,-63,-73,72421,1476554968
64:BC:0C:50:F1:30,-67,-74,72481,1476555028
64:BC:0C:50:F1:30,-62,-72,72544,1476555091
64:BC:0C:50:F1:30,-66,-73,72604,1476555151
64:BC:0C:50:F1:30,-62,-73,72664,1476555211
64:BC:0C:50:F1:30,-64,-74,72724,1476555271
64:BC:0C:50:F1:30,-64,-77,72784,1476555331
64:BC:0C:50:F1:30,-64,-76,72848,1476555394
64:BC:0C:50:F1:30,-64,-77,72908,1476555454
64:BC:0C:50:F1:30,-64,-76,72968,1476555514
64:BC:0C:50:F1:30,-64,-76,73028,1476555574
64:BC:0C:50:F1:30,-64,-76,73088,1476555634
64:BC:0C:50:F1:30,-64,-77,73181,1476555728
64:BC:0C:50:F1:30,-64,-77,73241,1476555788
64:BC:0C:50:F1:30,-64,-75,73301,1476555848
64:BC:0C:50:F1:30,-64,-77,73361,1476555908
AC:CF:85:28:94:E2,-83,-87,54,1476555968
64:BC:0C:50:F1:30,-65,-77,73421,1476555968
AC:CF:85:28:94:E2,-52,-63,17,1476556031
64:BC:0C:50:F1:30,-66,-79,73485,1476556031
AC:CF:85:28:94:E2,-54,-65,77,1476556091
64:BC:0C:50:F1:30,-63,-77,73545,1476556091
AC:CF:85:28:94:E2,-87,-89,137,1476556151
64:BC:0C:50:F1:30,-65,-78,73605,1476556151
AC:CF:85:28:94:E2,-87,-89,197,1476556211
64:BC:0C:50:F1:30,-64,-75,73665,1476556211
AC:CF:85:28:94:E2,-74,-83,22,1476556271
64:BC:0C:50:F1:30,-64,-78,73725,1476556271
AC:CF:85:28:94:E2,-52,-68,82,1476556331
64:BC:0C:50:F1:30,-66,-78,73785,1476556331
AC:CF:85:28:94:E2,-53,-68,142,1476556391
64:BC:0C:50:F1:30,-64,-77,73845,1476556391
AC:CF:85:28:94:E2,-54,-71,202,1476556451
64:BC:0C:50:F1:30,-65,-78,73905,1476556451
AC:CF:85:28:94:E2,-61,-74,262,1476556511
64:BC:0C:50:F1:30,-67,-78,73965,1476556511
AC:CF:85:28:94:E2,-59,-73,325,1476556574
64:BC:0C:50:F1:30,-64,-77,74028,1476556574
AC:CF:85:28:94:E2,-59,-73,385,1476556634
64:BC:0C:50:F1:30,-67,-79,74088,1476556634
AC:CF:85:28:94:E2,-60,-71,445,1476556694
64:BC:0C:50:F1:30,-66,-77,74148,1476556694
AC:CF:85:28:94:E2,-55,-74,505,1476556754
64:BC:0C:50:F1:30,-65,-77,74208,1476556754
AC:CF:85:28:94:E2,-64,-74,565,1476556814
64:BC:0C:50:F1:30,-64,-78,74268,1476556814
AC:CF:85:28:94:E2,-57,-76,628,1476556877
64:BC:0C:50:F1:30,-64,-79,74331,1476556877
AC:CF:85:28:94:E2,-62,-73,688,1476556937
64:BC:0C:50:F1:30,-62,-79,74391,1476556937
AC:CF:85:28:94:E2,-54,-66,748,1476556997
64:BC:0C:50:F1:30,-64,-78,74451,1476556997
AC:CF:85:28:94:E2,-62,-71,808,1476557057
64:BC:0C:50:F1:30,-64,-78,74511,1476557057
AC:CF:85:28:94:E2,-64,-71,868,1476557117
64:BC:0C:50:F1:30,-64,-79,74571,1476557117
AC:CF:85:28:94:E2,-58,-74,931,1476557180
64:BC:0C:50:F1:30,-64,-78,74634,1476557180
AC:CF:85:28:94:E2,-60,-69,991,1476557240
64:BC:0C:50:F1:30,-64,-78,74694,1476557240
AC:CF:85:28:94:E2,-57,-71,1051,1476557300
64:BC:0C:50:F1:30,-63,-79,74754,1476557300
AC:CF:85:28:94:E2,-62,-68,1111,1476557360
64:BC:0C:50:F1:30,-63,-79,74814,1476557360
AC:CF:85:28:94:E2,-59,-69,1171,1476557420
64:BC:0C:50:F1:30,-62,-77,74874,1476557420
AC:CF:85:28:94:E2,-62,-71,1264,1476557514
64:BC:0C:50:F1:30,-62,-79,74967,1476557514
AC:CF:85:28:94:E2,-61,-71,1324,1476557574
64:BC:0C:50:F1:30,-62,-77,75027,1476557574
AC:CF:85:28:94:E2,-61,-71,1384,1476557634
64:BC:0C:50:F1:30,-65,-76,75087,1476557634
AC:CF:85:28:94:E2,-62,-71,1444,1476557694
64:BC:0C:50:F1:30,-66,-79,75147,1476557694
AC:CF:85:28:94:E2,-61,-70,1504,1476557754
64:BC:0C:50:F1:30,-63,-77,75207,1476557754
AC:CF:85:28:94:E2,-60,-67,1567,1476557817
64:BC:0C:50:F1:30,-64,-79,75270,1476557817
AC:CF:85:28:94:E2,-60,-68,1627,1476557877
64:BC:0C:50:F1:30,-63,-78,75330,1476557877
AC:CF:85:28:94:E2,-60,-67,1687,1476557937
64:BC:0C:50:F1:30,-63,-79,75390,1476557937
AC:CF:85:28:94:E2,-59,-66,1747,1476557997
64:BC:0C:50:F1:30,-63,-78,75450,1476557997
AC:CF:85:28:94:E2,-58,-66,1807,1476558057
64:BC:0C:50:F1:30,-63,-78,75510,1476558057
AC:CF:85:28:94:E2,-58,-66,1867,1476558117
64:BC:0C:50:F1:30,-63,-77,75570,1476558117
AC:CF:85:28:94:E2,-59,-67,1927,1476558177
64:BC:0C:50:F1:30,-63,-78,75630,1476558177
AC:CF:85:28:94:E2,-60,-68,1987,1476558237
64:BC:0C:50:F1:30,-62,-78,75690,1476558237
AC:CF:85:28:94:E2,-60,-68,2047,1476558297
64:BC:0C:50:F1:30,-64,-77,75750,1476558297
AC:CF:85:28:94:E2,-61,-70,2110,1476558360
64:BC:0C:50:F1:30,-67,-79,75813,1476558360
AC:CF:85:28:94:E2,-62,-71,2170,1476558420
64:BC:0C:50:F1:30,-65,-78,75873,1476558420
AC:CF:85:28:94:E2,-60,-70,2230,1476558480
64:BC:0C:50:F1:30,-65,-78,75933,1476558480
AC:CF:85:28:94:E2,-63,-72,2290,1476558540
64:BC:0C:50:F1:30,-63,-75,75993,1476558540
AC:CF:85:28:94:E2,-64,-72,2350,1476558600
64:BC:0C:50:F1:30,-65,-76,76053,1476558600
AC:CF:85:28:94:E2,-62,-74,2413,1476558663
64:BC:0C:50:F1:30,-64,-75,76116,1476558663
AC:CF:85:28:94:E2,-63,-72,2473,1476558723
64:BC:0C:50:F1:30,-63,-75,76176,1476558723
AC:CF:85:28:94:E2,-64,-73,2533,1476558783
64:BC:0C:50:F1:30,-64,-75,76236,1476558783
AC:CF:85:28:94:E2,-64,-72,2593,1476558843
64:BC:0C:50:F1:30,-65,-76,76296,1476558843
AC:CF:85:28:94:E2,-66,-73,2653,1476558903
64:BC:0C:50:F1:30,-63,-75,76356,1476558903
AC:CF:85:28:94:E2,-63,-72,2716,1476558966
64:BC:0C:50:F1:30,-66,-76,76419,1476558966
AC:CF:85:28:94:E2,-64,-75,2776,1476559026
64:BC:0C:50:F1:30,-64,-76,76479,1476559026
AC:CF:85:28:94:E2,-61,-72,2836,1476559086
64:BC:0C:50:F1:30,-65,-76,76539,1476559086
AC:CF:85:28:94:E2,-66,-71,2896,1476559146
64:BC:0C:50:F1:30,-61,-75,76599,1476559146
AC:CF:85:28:94:E2,-63,-72,2956,1476559206
64:BC:0C:50:F1:30,-62,-75,76659,1476559206
AC:CF:85:28:94:E2,-64,-73,3020,1476559269
64:BC:0C:50:F1:30,-63,-75,76723,1476559269
AC:CF:85:28:94:E2,-65,-73,3080,1476559329
64:BC:0C:50:F1:30,-60,-75,76783,1476559329
AC:CF:85:28:94:E2,-67,-72,3140,1476559389
64:BC:0C:50:F1:30,-62,-76,76843,1476559389
AC:CF:85:28:94:E2,-64,-70,3200,1476559449
64:BC:0C:50:F1:30,-62,-76,76903,1476559449
AC:CF:85:28:94:E2,-64,-70,3260,1476559509
64:BC:0C:50:F1:30,-64,-76,76963,1476559509
AC:CF:85:28:94:E2,-67,-71,3323,1476559572
64:BC:0C:50:F1:30,-64,-76,77026,1476559572
AC:CF:85:28:94:E2,-66,-70,3383,1476559632
64:BC:0C:50:F1:30,-62,-75,77086,1476559632
AC:CF:85:28:94:E2,-66,-71,3443,1476559692
64:BC:0C:50:F1:30,-62,-75,77146,1476559692
AC:CF:85:28:94:E2,-65,-70,3503,1476559752
64:BC:0C:50:F1:30,-64,-78,77206,1476559752
AC:CF:85:28:94:E2,-66,-71,3563,1476559812
64:BC:0C:50:F1:30,-62,-75,77266,1476559812
AC:CF:85:28:94:E2,-63,-71,3623,1476559872
64:BC:0C:50:F1:30,-60,-75,77326,1476559872
AC:CF:85:28:94:E2,-62,-73,3683,1476559932
64:BC:0C:50:F1:30,-62,-75,77386,1476559932
AC:CF:85:28:94:E2,-60,-73,3743,1476559992
64:BC:0C:50:F1:30,-62,-76,77446,1476559992
AC:CF:85:28:94:E2,-60,-72,3803,1476560052
64:BC:0C:50:F1:30,-63,-76,77506,1476560052
