Client_MAC,Rssi0,Rssi1,Connection_Time,EpocTime
E6:71:85:62:06:38,-60,-64,48687,1476530680
E6:71:85:62:06:70,-64,-71,48931,1476530680
AC:CF:85:28:94:E2,-63,-71,43063,1476530680
54:60:09:2B:81:08,-65,-75,15827,1476530680
54:60:09:F4:21:4A,-74,-74,12867,1476530680
A4:77:33:F8:A2:00,-41,-58,13986,1476530680
54:60:09:F2:D8:92,-79,-80,535,1476530680
E6:71:85:62:06:38,-61,-64,48747,1476530740
E6:71:85:62:06:70,-61,-67,48991,1476530740
AC:CF:85:28:94:E2,-63,-71,43123,1476530740
54:60:09:2B:81:08,-66,-75,15887,1476530740
54:60:09:F4:21:4A,-78,-79,12927,1476530740
A4:77:33:F8:A2:00,-41,-58,14046,1476530740
54:60:09:F2:D8:92,-80,-80,595,1476530740
E6:71:85:62:06:38,-61,-65,48807,1476530800
E6:71:85:62:06:70,-64,-71,49051,1476530800
AC:CF:85:28:94:E2,-62,-70,43183,1476530800
54:60:09:2B:81:08,-67,-76,15947,1476530800
54:60:09:F4:21:4A,-69,-70,12987,1476530800
A4:77:33:F8:A2:00,-42,-58,14106,1476530800
54:60:09:F2:D8:92,-79,-80,655,1476530800
E6:71:85:62:06:38,-60,-64,48867,1476530860
E6:71:85:62:06:70,-61,-68,49111,1476530860
AC:CF:85:28:94:E2,-61,-69,43243,1476530860
54:60:09:2B:81:08,-70,-76,16007,1476530860
54:60:09:F4:21:4A,-77,-78,13047,1476530860
A4:77:33:F8:A2:00,-42,-58,14166,1476530860
54:60:09:F2:D8:92,-79,-80,715,1476530860
E6:71:85:62:06:38,-61,-64,48927,1476530920
E6:71:85:62:06:70,-63,-70,49171,1476530920
AC:CF:85:28:94:E2,-61,-69,43303,1476530920
54:60:09:2B:81:08,-66,-76,16067,1476530920
54:60:09:F4:21:4A,-67,-68,13107,1476530920
A4:77:33:F8:A2:00,-41,-58,14226,1476530920
54:60:09:F2:D8:92,-78,-80,775,1476530920
E6:71:85:62:06:38,-59,-63,48987,1476530980
E6:71:85:62:06:70,-63,-71,49231,1476530980
AC:CF:85:28:94:E2,-64,-72,43363,1476530980
54:60:09:2B:81:08,-68,-76,16127,1476530980
54:60:09:F4:21:4A,-73,-74,13167,1476530980
A4:77:33:F8:A2:00,-42,-58,14286,1476530980
54:60:09:F2:D8:92,-78,-80,835,1476530980
E6:71:85:62:06:38,-61,-65,49047,1476531040
E6:71:85:62:06:70,-63,-71,49291,1476531040
AC:CF:85:28:94:E2,-63,-71,43423,1476531040
54:60:09:2B:81:08,-65,-74,16187,1476531040
54:60:09:F4:21:4A,-67,-68,13227,1476531040
A4:77:33:F8:A2:00,-41,-58,14346,1476531040
54:60:09:F2:D8:92,-77,-79,895,1476531040
E6:71:85:62:06:38,-61,-65,49107,1476531100
E6:71:85:62:06:70,-64,-71,49351,1476531100
AC:CF:85:28:94:E2,-62,-70,43483,1476531100
54:60:09:2B:81:08,-67,-76,16247,1476531100
54:60:09:F4:21:4A,-67,-68,13287,1476531100
A4:77:33:F8:A2:00,-42,-58,14406,1476531100
54:60:09:F2:D8:92,-77,-79,955,1476531100
E6:71:85:62:06:38,-61,-65,49167,1476531160
E6:71:85:62:06:70,-63,-71,49411,1476531160
AC:CF:85:28:94:E2,-63,-71,43543,1476531160
54:60:09:2B:81:08,-63,-73,16307,1476531160
54:60:09:F4:21:4A,-69,-70,13347,1476531160
A4:77:33:F8:A2:00,-41,-58,14466,1476531160
54:60:09:F2:D8:92,-74,-77,1015,1476531160
E6:71:85:62:06:38,-61,-65,49230,1476531223
E6:71:85:62:06:70,-64,-71,49474,1476531223
AC:CF:85:28:94:E2,-62,-70,43606,1476531223
54:60:09:2B:81:08,-65,-77,16370,1476531223
54:60:09:F4:21:4A,-68,-69,13410,1476531223
A4:77:33:F8:A2:00,-41,-58,14529,1476531223
54:60:09:F2:D8:92,-74,-77,1078,1476531223
E6:71:85:62:06:38,-61,-65,49290,1476531283
E6:71:85:62:06:70,-64,-71,49534,1476531283
AC:CF:85:28:94:E2,-62,-70,43666,1476531283
54:60:09:2B:81:08,-65,-76,16430,1476531283
54:60:09:F4:21:4A,-68,-69,13470,1476531283
A4:77:33:F8:A2:00,-42,-58,14589,1476531283
54:60:09:F2:D8:92,-67,-73,1138,1476531283
E6:71:85:62:06:38,-61,-65,49350,1476531343
E6:71:85:62:06:70,-63,-70,49594,1476531343
AC:CF:85:28:94:E2,-64,-71,43726,1476531343
54:60:09:2B:81:08,-66,-77,16490,1476531343
54:60:09:F4:21:4A,-69,-70,13530,1476531343
A4:77:33:F8:A2:00,-41,-58,14649,1476531343
54:60:09:F2:D8:92,-72,-76,1198,1476531343
E6:71:85:62:06:38,-61,-65,49410,1476531403
E6:71:85:62:06:70,-63,-70,49654,1476531403
AC:CF:85:28:94:E2,-63,-71,43786,1476531403
54:60:09:2B:81:08,-63,-74,16550,1476531403
54:60:09:F4:21:4A,-67,-68,13590,1476531403
A4:77:33:F8:A2:00,-42,-58,14709,1476531403
54:60:09:F2:D8:92,-79,-80,1258,1476531403
E6:71:85:62:06:38,-57,-61,49470,1476531463
E6:71:85:62:06:70,-62,-68,49714,1476531463
AC:CF:85:28:94:E2,-63,-71,43846,1476531463
54:60:09:2B:81:08,-67,-76,16610,1476531463
54:60:09:F4:21:4A,-67,-68,13650,1476531463
A4:77:33:F8:A2:00,-41,-58,14769,1476531463
54:60:09:F2:D8:92,-79,-80,1318,1476531463
E6:71:85:62:06:38,-60,-64,49533,1476531526
E6:71:85:62:06:70,-64,-71,49777,1476531526
AC:CF:85:28:94:E2,-62,-70,43909,1476531526
54:60:09:2B:81:08,-68,-77,16673,1476531526
54:60:09:F4:21:4A,-70,-71,13713,1476531526
A4:77:33:F8:A2:00,-41,-58,14832,1476531526
54:60:09:F2:D8:92,-79,-80,1381,1476531526
E6:71:85:62:06:38,-61,-65,49593,1476531586
E6:71:85:62:06:70,-63,-70,49837,1476531586
AC:CF:85:28:94:E2,-62,-70,43969,1476531586
54:60:09:2B:81:08,-67,-77,16733,1476531586
54:60:09:F4:21:4A,-73,-74,13773,1476531586
A4:77:33:F8:A2:00,-42,-58,14892,1476531586
54:60:09:F2:D8:92,-79,-80,1441,1476531586
E6:71:85:62:06:38,-61,-65,49653,1476531646
E6:71:85:62:06:70,-63,-71,49897,1476531646
AC:CF:85:28:94:E2,-61,-69,44029,1476531646
54:60:09:2B:81:08,-68,-77,16793,1476531646
54:60:09:F4:21:4A,-79,-79,13833,1476531646
A4:77:33:F8:A2:00,-41,-58,14952,1476531646
54:60:09:F2:D8:92,-79,-80,1501,1476531646
E6:71:85:62:06:38,-61,-65,49713,1476531706
E6:71:85:62:06:70,-64,-71,49957,1476531706
AC:CF:85:28:94:E2,-61,-69,44089,1476531706
54:60:09:2B:81:08,-68,-77,16853,1476531706
54:60:09:F4:21:4A,-74,-75,13893,1476531706
A4:77:33:F8:A2:00,-42,-58,15012,1476531706
54:60:09:F2:D8:92,-79,-80,1561,1476531706
E6:71:85:62:06:38,-61,-65,49773,1476531766
E6:71:85:62:06:70,-64,-71,50017,1476531766
AC:CF:85:28:94:E2,-64,-72,44149,1476531766
54:60:09:2B:81:08,-67,-77,16913,1476531766
54:60:09:F4:21:4A,-74,-76,13953,1476531766
A4:77:33:F8:A2:00,-41,-58,15072,1476531766
54:60:09:F2:D8:92,-79,-80,1621,1476531766
E6:71:85:62:06:38,-60,-64,49837,1476531829
E6:71:85:62:06:70,-64,-71,50081,1476531829
AC:CF:85:28:94:E2,-63,-71,44213,1476531829
54:60:09:2B:81:08,-66,-76,16977,1476531829
54:60:09:F4:21:4A,-79,-80,14017,1476531829
A4:77:33:F8:A2:00,-41,-58,15136,1476531829
54:60:09:F2:D8:92,-79,-80,1685,1476531829
E6:71:85:62:06:38,-61,-65,49897,1476531889
E6:71:85:62:06:70,-61,-67,50141,1476531889
AC:CF:85:28:94:E2,-63,-71,44273,1476531889
54:60:09:2B:81:08,-67,-77,17037,1476531889
54:60:09:F4:21:4A,-75,-76,14077,1476531889
A4:77:33:F8:A2:00,-42,-58,15196,1476531889
54:60:09:F2:D8:92,-78,-80,1745,1476531889
E6:71:85:62:06:38,-61,-65,49957,1476531949
E6:71:85:62:06:70,-63,-70,50201,1476531949
AC:CF:85:28:94:E2,-62,-70,44333,1476531949
54:60:09:2B:81:08,-68,-77,17097,1476531949
54:60:09:F4:21:4A,-78,-79,14137,1476531949
A4:77:33:F8:A2:00,-41,-58,15256,1476531949
54:60:09:F2:D8:92,-78,-80,1805,1476531949
E6:71:85:62:06:38,-60,-64,50017,1476532009
E6:71:85:62:06:70,-61,-67,50261,1476532009
AC:CF:85:28:94:E2,-61,-69,44393,1476532009
54:60:09:2B:81:08,-67,-77,17157,1476532009
54:60:09:F4:21:4A,-79,-80,14197,1476532009
A4:77:33:F8:A2:00,-41,-58,15316,1476532009
54:60:09:F2:D8:92,-78,-80,1865,1476532009
E6:71:85:62:06:38,-60,-64,50077,1476532069
E6:71:85:62:06:70,-61,-67,50321,1476532069
AC:CF:85:28:94:E2,-64,-72,44453,1476532069
54:60:09:2B:81:08,-68,-78,17217,1476532069
54:60:09:F4:21:4A,-73,-74,14257,1476532069
A4:77:33:F8:A2:00,-41,-58,15376,1476532069
54:60:09:F2:D8:92,-79,-80,1925,1476532069
E6:71:85:62:06:38,-61,-65,50140,1476532132
E6:71:85:62:06:70,-64,-71,50384,1476532132
AC:CF:85:28:94:E2,-63,-71,44516,1476532132
54:60:09:2B:81:08,-64,-76,17280,1476532132
54:60:09:F4:21:4A,-79,-80,14320,1476532132
A4:77:33:F8:A2:00,-41,-58,15439,1476532132
54:60:09:F2:D8:92,-79,-80,1988,1476532132
E6:71:85:62:06:38,-61,-65,50200,1476532192
E6:71:85:62:06:70,-61,-67,50444,1476532192
AC:CF:85:28:94:E2,-62,-70,44576,1476532192
54:60:09:2B:81:08,-66,-77,17340,1476532192
54:60:09:F4:21:4A,-73,-74,14380,1476532192
A4:77:33:F8:A2:00,-41,-58,15499,1476532192
54:60:09:F2:D8:92,-79,-80,2048,1476532192
E6:71:85:62:06:38,-60,-64,50260,1476532252
E6:71:85:62:06:70,-64,-71,50504,1476532252
AC:CF:85:28:94:E2,-60,-68,44636,1476532252
54:60:09:2B:81:08,-67,-78,17400,1476532252
54:60:09:F4:21:4A,-78,-79,14440,1476532252
A4:77:33:F8:A2:00,-42,-58,15559,1476532252
54:60:09:F2:D8:92,-79,-80,2108,1476532252
E6:71:85:62:06:38,-60,-64,50320,1476532312
E6:71:85:62:06:70,-64,-71,50564,1476532312
AC:CF:85:28:94:E2,-62,-70,44696,1476532312
54:60:09:2B:81:08,-66,-79,17460,1476532312
54:60:09:F4:21:4A,-71,-72,14500,1476532312
A4:77:33:F8:A2:00,-42,-58,15619,1476532312
54:60:09:F2:D8:92,-78,-80,2168,1476532312
E6:71:85:62:06:38,-60,-64,50380,1476532372
E6:71:85:62:06:70,-64,-71,50624,1476532372
AC:CF:85:28:94:E2,-61,-69,44756,1476532372
54:60:09:2B:81:08,-68,-78,17520,1476532372
54:60:09:F4:21:4A,-74,-74,14560,1476532372
A4:77:33:F8:A2:00,-41,-58,15679,1476532372
54:60:09:F2:D8:92,-79,-80,2228,1476532372
E6:71:85:62:06:38,-60,-64,50443,1476532436
E6:71:85:62:06:70,-64,-71,50687,1476532436
AC:CF:85:28:94:E2,-61,-69,44819,1476532436
54:60:09:2B:81:08,-66,-78,17583,1476532436
54:60:09:F4:21:4A,-73,-73,14623,1476532436
A4:77:33:F8:A2:00,-41,-58,15742,1476532436
54:60:09:F2:D8:92,-79,-80,2291,1476532436
E6:71:85:62:06:38,-60,-64,50503,1476532496
E6:71:85:62:06:70,-64,-71,50747,1476532496
AC:CF:85:28:94:E2,-63,-71,44879,1476532496
54:60:09:2B:81:08,-64,-77,17643,1476532496
54:60:09:F4:21:4A,-68,-69,14683,1476532496
A4:77:33:F8:A2:00,-42,-58,15802,1476532496
54:60:09:F2:D8:92,-79,-80,2351,1476532496
E6:71:85:62:06:38,-60,-64,50563,1476532556
E6:71:85:62:06:70,-64,-71,50807,1476532556
AC:CF:85:28:94:E2,-64,-72,44939,1476532556
54:60:09:2B:81:08,-67,-78,17703,1476532556
54:60:09:F4:21:4A,-76,-77,14743,1476532556
A4:77:33:F8:A2:00,-41,-58,15862,1476532556
54:60:09:F2:D8:92,-79,-80,2411,1476532556
E6:71:85:62:06:38,-60,-64,50623,1476532616
E6:71:85:62:06:70,-63,-69,50867,1476532616
AC:CF:85:28:94:E2,-64,-71,44999,1476532616
54:60:09:2B:81:08,-66,-77,17763,1476532616
54:60:09:F4:21:4A,-71,-72,14803,1476532616
A4:77:33:F8:A2:00,-41,-58,15922,1476532616
54:60:09:F2:D8:92,-79,-80,2471,1476532616
E6:71:85:62:06:38,-60,-64,50683,1476532676
E6:71:85:62:06:70,-64,-71,50927,1476532676
AC:CF:85:28:94:E2,-62,-70,45059,1476532676
54:60:09:2B:81:08,-66,-79,17823,1476532676
54:60:09:F4:21:4A,-69,-70,14863,1476532676
A4:77:33:F8:A2:00,-41,-58,15982,1476532676
54:60:09:F2:D8:92,-77,-79,2531,1476532676
E6:71:85:62:06:38,-62,-65,50743,1476532736
E6:71:85:62:06:70,-63,-70,50987,1476532736
AC:CF:85:28:94:E2,-61,-69,45119,1476532736
54:60:09:2B:81:08,-65,-77,17883,1476532736
54:60:09:F4:21:4A,-69,-70,14923,1476532736
A4:77:33:F8:A2:00,-41,-58,16042,1476532736
54:60:09:F2:D8:92,-77,-78,2591,1476532736
E6:71:85:62:06:38,-62,-65,50803,1476532796
E6:71:85:62:06:70,-63,-69,51047,1476532796
AC:CF:85:28:94:E2,-61,-68,45179,1476532796
54:60:09:2B:81:08,-65,-78,17943,1476532796
54:60:09:F4:21:4A,-67,-68,14983,1476532796
A4:77:33:F8:A2:00,-42,-58,16102,1476532796
54:60:09:F2:D8:92,-69,-73,2651,1476532796
E6:71:85:62:06:38,-60,-64,50863,1476532856
E6:71:85:62:06:70,-63,-69,51107,1476532856
AC:CF:85:28:94:E2,-60,-68,45239,1476532856
54:60:09:2B:81:08,-65,-75,18003,1476532856
54:60:09:F4:21:4A,-69,-70,15043,1476532856
A4:77:33:F8:A2:00,-42,-58,16162,1476532856
54:60:09:F2:D8:92,-72,-77,2711,1476532856
E6:71:85:62:06:38,-60,-64,50923,1476532916
E6:71:85:62:06:70,-63,-69,51167,1476532916
AC:CF:85:28:94:E2,-63,-71,45299,1476532916
54:60:09:2B:81:08,-64,-76,18063,1476532916
54:60:09:F4:21:4A,-67,-68,15103,1476532916
A4:77:33:F8:A2:00,-41,-58,16222,1476532916
54:60:09:F2:D8:92,-80,-80,2771,1476532916
