Client_MAC,Rssi0,Rssi1,Connection_Time,EpocTime
E6:71:85:62:06:38,-59,-63,33467,1476515460
E6:71:85:62:06:70,-63,-67,33711,1476515460
AC:CF:85:28:94:E2,-63,-71,27843,1476515460
54:60:09:2B:81:08,-66,-76,607,1476515460
54:60:09:F4:21:4A,-75,-76,38159,1476515460
A4:77:33:F8:A2:00,-42,-57,38156,1476515460
E6:71:85:62:06:38,-57,-60,33527,1476515520
E6:71:85:62:06:70,-63,-67,33771,1476515520
AC:CF:85:28:94:E2,-60,-68,27903,1476515520
54:60:09:2B:81:08,-68,-76,667,1476515520
54:60:09:F4:21:4A,-72,-73,38219,1476515520
A4:77:33:F8:A2:00,-41,-57,38216,1476515520
E6:71:85:62:06:38,-60,-64,33587,1476515580
E6:71:85:62:06:70,-63,-67,33831,1476515580
AC:CF:85:28:94:E2,-63,-72,27963,1476515580
54:60:09:2B:81:08,-67,-76,727,1476515580
54:60:09:F4:21:4A,-73,-74,38279,1476515580
A4:77:33:F8:A2:00,-41,-57,38276,1476515580
E6:71:85:62:06:38,-61,-65,33647,1476515640
E6:71:85:62:06:70,-62,-66,33891,1476515640
AC:CF:85:28:94:E2,-64,-73,28023,1476515640
54:60:09:2B:81:08,-69,-77,787,1476515640
54:60:09:F4:21:4A,-73,-74,38339,1476515640
A4:77:33:F8:A2:00,-41,-57,38336,1476515640
E6:71:85:62:06:38,-60,-64,33707,1476515700
E6:71:85:62:06:70,-60,-64,33951,1476515700
AC:CF:85:28:94:E2,-63,-72,28083,1476515700
54:60:09:2B:81:08,-67,-77,847,1476515700
54:60:09:F4:21:4A,-72,-72,38399,1476515700
A4:77:33:F8:A2:00,-41,-57,38396,1476515700
E6:71:85:62:06:38,-61,-65,33800,1476515793
E6:71:85:62:06:70,-63,-67,34044,1476515793
AC:CF:85:28:94:E2,-62,-71,28176,1476515793
54:60:09:2B:81:08,-72,-77,940,1476515793
54:60:09:F4:21:4A,-77,-79,38492,1476515793
A4:77:33:F8:A2:00,-41,-57,38489,1476515793
E6:71:85:62:06:38,-60,-64,33860,1476515853
E6:71:85:62:06:70,-63,-67,34104,1476515853
AC:CF:85:28:94:E2,-62,-71,28236,1476515853
54:60:09:2B:81:08,-69,-77,1000,1476515853
54:60:09:F4:21:4A,-74,-75,38552,1476515853
A4:77:33:F8:A2:00,-41,-57,38549,1476515853
E6:71:85:62:06:38,-60,-64,33920,1476515913
E6:71:85:62:06:70,-63,-67,34164,1476515913
AC:CF:85:28:94:E2,-61,-69,28296,1476515913
54:60:09:2B:81:08,-73,-78,1060,1476515913
54:60:09:F4:21:4A,-79,-81,38612,1476515913
A4:77:33:F8:A2:00,-41,-57,38609,1476515913
E6:71:85:62:06:38,-60,-64,33980,1476515973
E6:71:85:62:06:70,-63,-67,34224,1476515973
AC:CF:85:28:94:E2,-61,-69,28356,1476515973
54:60:09:2B:81:08,-69,-77,1120,1476515973
54:60:09:F4:21:4A,-75,-75,38672,1476515973
A4:77:33:F8:A2:00,-40,-56,38669,1476515973
E6:71:85:62:06:38,-60,-64,34040,1476516033
E6:71:85:62:06:70,-62,-66,34284,1476516033
AC:CF:85:28:94:E2,-63,-71,28416,1476516033
54:60:09:2B:81:08,-72,-77,1180,1476516033
54:60:09:F4:21:4A,-74,-75,38732,1476516033
A4:77:33:F8:A2:00,-40,-57,38729,1476516033
E6:71:85:62:06:38,-56,-60,34103,1476516096
E6:71:85:62:06:70,-63,-68,34347,1476516096
AC:CF:85:28:94:E2,-63,-72,28479,1476516096
54:60:09:2B:81:08,-68,-75,1243,1476516096
54:60:09:F4:21:4A,-79,-82,38795,1476516096
A4:77:33:F8:A2:00,-41,-57,38792,1476516096
E6:71:85:62:06:38,-56,-60,34163,1476516156
E6:71:85:62:06:70,-63,-68,34407,1476516156
AC:CF:85:28:94:E2,-63,-71,28539,1476516156
54:60:09:2B:81:08,-71,-77,1303,1476516156
54:60:09:F4:21:4A,-71,-71,38855,1476516156
A4:77:33:F8:A2:00,-41,-57,38852,1476516156
E6:71:85:62:06:38,-59,-63,34223,1476516216
E6:71:85:62:06:70,-61,-65,34467,1476516216
AC:CF:85:28:94:E2,-62,-70,28599,1476516216
54:60:09:2B:81:08,-69,-77,1363,1476516216
54:60:09:F4:21:4A,-79,-80,38915,1476516216
A4:77:33:F8:A2:00,-41,-57,38912,1476516216
E6:71:85:62:06:38,-56,-60,34283,1476516276
E6:71:85:62:06:70,-64,-68,34527,1476516276
AC:CF:85:28:94:E2,-62,-70,28659,1476516276
54:60:09:2B:81:08,-72,-77,1423,1476516276
54:60:09:F4:21:4A,-71,-71,38975,1476516276
A4:77:33:F8:A2:00,-41,-57,38972,1476516276
E6:71:85:62:06:38,-60,-64,34343,1476516336
E6:71:85:62:06:70,-62,-66,34587,1476516336
AC:CF:85:28:94:E2,-61,-69,28719,1476516336
54:60:09:2B:81:08,-69,-77,1483,1476516336
54:60:09:F4:21:4A,-73,-73,39035,1476516336
A4:77:33:F8:A2:00,-41,-57,39032,1476516336
E6:71:85:62:06:38,-60,-64,34406,1476516399
E6:71:85:62:06:70,-63,-67,34650,1476516399
AC:CF:85:28:94:E2,-63,-71,28782,1476516399
54:60:09:2B:81:08,-72,-77,1546,1476516399
54:60:09:F4:21:4A,-70,-70,39098,1476516399
A4:77:33:F8:A2:00,-41,-57,39095,1476516399
E6:71:85:62:06:38,-60,-64,34466,1476516459
E6:71:85:62:06:70,-63,-67,34710,1476516459
AC:CF:85:28:94:E2,-64,-72,28842,1476516459
54:60:09:2B:81:08,-69,-77,1606,1476516459
54:60:09:F4:21:4A,-77,-78,39158,1476516459
A4:77:33:F8:A2:00,-40,-57,39155,1476516459
E6:71:85:62:06:38,-60,-64,34526,1476516519
E6:71:85:62:06:70,-63,-68,34770,1476516519
AC:CF:85:28:94:E2,-63,-71,28902,1476516519
54:60:09:2B:81:08,-73,-77,1666,1476516519
54:60:09:F4:21:4A,-71,-70,39218,1476516519
A4:77:33:F8:A2:00,-41,-57,39215,1476516519
E6:71:85:62:06:38,-60,-64,34586,1476516579
E6:71:85:62:06:70,-63,-67,34830,1476516579
AC:CF:85:28:94:E2,-63,-71,28962,1476516579
54:60:09:2B:81:08,-68,-77,1726,1476516579
54:60:09:F4:21:4A,-71,-71,39278,1476516579
A4:77:33:F8:A2:00,-42,-57,39275,1476516579
E6:71:85:62:06:38,-60,-64,34646,1476516639
E6:71:85:62:06:70,-63,-68,34890,1476516639
AC:CF:85:28:94:E2,-63,-71,29022,1476516639
54:60:09:2B:81:08,-65,-75,1786,1476516639
54:60:09:F4:21:4A,-71,-72,39338,1476516639
A4:77:33:F8:A2:00,-41,-57,39335,1476516639
E6:71:85:62:06:38,-60,-64,34706,1476516699
E6:71:85:62:06:70,-61,-64,34950,1476516699
AC:CF:85:28:94:E2,-62,-71,29082,1476516699
54:60:09:2B:81:08,-68,-77,1846,1476516699
54:60:09:F4:21:4A,-71,-71,39398,1476516699
A4:77:33:F8:A2:00,-31,-49,5,1476516699
E6:71:85:62:06:38,-60,-64,34766,1476516759
E6:71:85:62:06:70,-60,-64,35010,1476516759
AC:CF:85:28:94:E2,-61,-69,29142,1476516759
54:60:09:2B:81:08,-69,-77,1906,1476516759
54:60:09:F4:21:4A,-71,-71,39458,1476516759
A4:77:33:F8:A2:00,-41,-57,65,1476516759
E6:71:85:62:06:38,-60,-64,34826,1476516819
E6:71:85:62:06:70,-63,-67,35070,1476516819
AC:CF:85:28:94:E2,-63,-72,29202,1476516819
54:60:09:2B:81:08,-68,-77,1966,1476516819
54:60:09:F4:21:4A,-71,-71,39518,1476516819
A4:77:33:F8:A2:00,-41,-57,125,1476516819
E6:71:85:62:06:38,-59,-63,34886,1476516879
E6:71:85:62:06:70,-62,-65,35130,1476516879
AC:CF:85:28:94:E2,-63,-71,29262,1476516879
54:60:09:2B:81:08,-67,-77,2026,1476516879
54:60:09:F4:21:4A,-73,-73,39578,1476516879
A4:77:33:F8:A2:00,-41,-57,185,1476516879
E6:71:85:62:06:38,-60,-64,34949,1476516942
E6:71:85:62:06:70,-61,-65,35193,1476516942
AC:CF:85:28:94:E2,-63,-72,29325,1476516942
54:60:09:2B:81:08,-68,-77,2089,1476516942
54:60:09:F4:21:4A,-76,-77,39641,1476516942
A4:77:33:F8:A2:00,-41,-57,248,1476516942
E6:71:85:62:06:38,-61,-65,35009,1476517002
E6:71:85:62:06:70,-61,-66,35253,1476517002
AC:CF:85:28:94:E2,-64,-72,29385,1476517002
54:60:09:2B:81:08,-65,-75,2149,1476517002
54:60:09:F4:21:4A,-68,-68,39701,1476517002
A4:77:33:F8:A2:00,-41,-57,308,1476517002
E6:71:85:62:06:38,-59,-63,35069,1476517062
E6:71:85:62:06:70,-63,-66,35313,1476517062
AC:CF:85:28:94:E2,-63,-72,29445,1476517062
54:60:09:2B:81:08,-67,-77,2209,1476517062
54:60:09:F4:21:4A,-77,-79,39761,1476517062
A4:77:33:F8:A2:00,-41,-57,368,1476517062
E6:71:85:62:06:38,-60,-64,35129,1476517122
E6:71:85:62:06:70,-64,-68,35373,1476517122
AC:CF:85:28:94:E2,-62,-70,29505,1476517122
54:60:09:2B:81:08,-67,-77,2269,1476517122
54:60:09:F4:21:4A,-69,-70,39821,1476517122
A4:77:33:F8:A2:00,-41,-57,428,1476517122
E6:71:85:62:06:38,-60,-64,35189,1476517182
E6:71:85:62:06:70,-63,-66,35433,1476517182
AC:CF:85:28:94:E2,-63,-71,29565,1476517182
54:60:09:2B:81:08,-68,-77,2329,1476517182
54:60:09:F4:21:4A,-69,-70,39881,1476517182
A4:77:33:F8:A2:00,-41,-57,488,1476517182
E6:71:85:62:06:38,-59,-63,35253,1476517246
E6:71:85:62:06:70,-63,-67,35497,1476517246
AC:CF:85:28:94:E2,-62,-71,29629,1476517246
54:60:09:2B:81:08,-67,-77,2393,1476517246
54:60:09:F4:21:4A,-71,-70,39945,1476517246
A4:77:33:F8:A2:00,-41,-57,552,1476517246
E6:71:85:62:06:38,-60,-64,35313,1476517306
E6:71:85:62:06:70,-63,-68,35557,1476517306
AC:CF:85:28:94:E2,-63,-71,29689,1476517306
54:60:09:2B:81:08,-69,-76,2453,1476517306
54:60:09:F4:21:4A,-74,-74,40005,1476517306
A4:77:33:F8:A2:00,-41,-57,612,1476517306
E6:71:85:62:06:38,-60,-64,35373,1476517366
E6:71:85:62:06:70,-63,-67,35617,1476517366
AC:CF:85:28:94:E2,-63,-71,29749,1476517366
54:60:09:2B:81:08,-69,-77,2513,1476517366
54:60:09:F4:21:4A,-75,-76,40065,1476517366
A4:77:33:F8:A2:00,-41,-57,672,1476517366
E6:71:85:62:06:38,-60,-64,35433,1476517426
E6:71:85:62:06:70,-61,-65,35677,1476517426
AC:CF:85:28:94:E2,-62,-70,29809,1476517426
54:60:09:2B:81:08,-68,-76,2573,1476517426
54:60:09:F4:21:4A,-79,-81,40125,1476517426
A4:77:33:F8:A2:00,-41,-57,732,1476517426
E6:71:85:62:06:38,-60,-64,35493,1476517486
E6:71:85:62:06:70,-61,-65,35737,1476517486
AC:CF:85:28:94:E2,-62,-72,29869,1476517486
54:60:09:2B:81:08,-69,-77,2633,1476517486
54:60:09:F4:21:4A,-73,-74,40185,1476517486
A4:77:33:F8:A2:00,-41,-57,792,1476517486
E6:71:85:62:06:38,-60,-64,35556,1476517549
E6:71:85:62:06:70,-63,-67,35800,1476517549
AC:CF:85:28:94:E2,-63,-72,29932,1476517549
54:60:09:2B:81:08,-70,-77,2696,1476517549
54:60:09:F4:21:4A,-78,-80,40248,1476517549
A4:77:33:F8:A2:00,-41,-57,855,1476517549
E6:71:85:62:06:38,-61,-64,35616,1476517609
E6:71:85:62:06:70,-64,-68,35860,1476517609
AC:CF:85:28:94:E2,-64,-72,29992,1476517609
54:60:09:2B:81:08,-69,-77,2756,1476517609
54:60:09:F4:21:4A,-72,-73,40308,1476517609
A4:77:33:F8:A2:00,-41,-57,915,1476517609
E6:71:85:62:06:38,-60,-64,35676,1476517669
E6:71:85:62:06:70,-61,-66,35920,1476517669
AC:CF:85:28:94:E2,-62,-70,30052,1476517669
54:60:09:2B:81:08,-69,-77,2816,1476517669
54:60:09:F4:21:4A,-76,-78,40368,1476517669
A4:77:33:F8:A2:00,-41,-57,975,1476517669
E6:71:85:62:06:38,-60,-64,35736,1476517729
E6:71:85:62:06:70,-63,-67,35980,1476517729
AC:CF:85:28:94:E2,-62,-70,30112,1476517729
54:60:09:2B:81:08,-69,-77,2876,1476517729
54:60:09:F4:21:4A,-79,-81,40428,1476517729
A4:77:33:F8:A2:00,-41,-57,1035,1476517729
E6:71:85:62:06:38,-60,-64,35796,1476517789
E6:71:85:62:06:70,-61,-65,36040,1476517789
AC:CF:85:28:94:E2,-61,-69,30172,1476517789
54:60:09:2B:81:08,-68,-76,2936,1476517789
54:60:09:F4:21:4A,-79,-81,40488,1476517789
A4:77:33:F8:A2:00,-41,-57,1095,1476517789
