Client_MAC,Rssi0,Rssi1,Connection_Time,EpocTime
E6:71:85:62:06:38,-61,-65,53112,1476535105
E6:71:85:62:06:70,-63,-71,53356,1476535105
AC:CF:85:28:94:E2,-70,-74,47488,1476535105
54:60:09:2B:81:08,-71,-75,20252,1476535105
54:60:09:F4:21:4A,-79,-80,17292,1476535105
A4:77:33:F8:A2:00,-41,-58,18411,1476535105
54:60:09:F2:D8:92,-80,-81,4960,1476535105
E6:71:85:62:06:38,-61,-65,53172,1476535165
E6:71:85:62:06:70,-64,-71,53416,1476535165
AC:CF:85:28:94:E2,-70,-74,47548,1476535165
54:60:09:2B:81:08,-68,-75,20312,1476535165
54:60:09:F4:21:4A,-76,-77,17352,1476535165
A4:77:33:F8:A2:00,-42,-58,18471,1476535165
54:60:09:F2:D8:92,-80,-81,5020,1476535165
E6:71:85:62:06:38,-61,-64,53232,1476535225
E6:71:85:62:06:70,-64,-71,53476,1476535225
AC:CF:85:28:94:E2,-69,-73,47608,1476535225
54:60:09:2B:81:08,-71,-75,20372,1476535225
54:60:09:F4:21:4A,-79,-80,17412,1476535225
A4:77:33:F8:A2:00,-42,-58,18531,1476535225
54:60:09:F2:D8:92,-79,-81,5080,1476535225
E6:71:85:62:06:38,-60,-64,53292,1476535285
E6:71:85:62:06:70,-64,-71,53536,1476535285
AC:CF:85:28:94:E2,-69,-73,47668,1476535285
54:60:09:2B:81:08,-66,-76,20432,1476535285
54:60:09:F4:21:4A,-74,-75,17472,1476535285
A4:77:33:F8:A2:00,-42,-58,18591,1476535285
54:60:09:F2:D8:92,-80,-81,5140,1476535285
E6:71:85:62:06:38,-60,-64,53352,1476535345
E6:71:85:62:06:70,-64,-70,53596,1476535345
AC:CF:85:28:94:E2,-69,-73,47728,1476535345
54:60:09:2B:81:08,-71,-76,20492,1476535345
54:60:09:F4:21:4A,-71,-72,17532,1476535345
A4:77:33:F8:A2:00,-33,-51,18651,1476535345
54:60:09:F2:D8:92,-80,-80,5200,1476535345
E6:71:85:62:06:38,-61,-65,53415,1476535408
E6:71:85:62:06:70,-64,-71,53659,1476535408
AC:CF:85:28:94:E2,-67,-72,47791,1476535408
54:60:09:2B:81:08,-66,-77,20555,1476535408
54:60:09:F4:21:4A,-79,-80,17595,1476535408
A4:77:33:F8:A2:00,-42,-58,18714,1476535408
54:60:09:F2:D8:92,-80,-80,5263,1476535408
E6:71:85:62:06:38,-60,-64,53475,1476535468
E6:71:85:62:06:70,-64,-71,53719,1476535468
AC:CF:85:28:94:E2,-69,-74,47851,1476535468
54:60:09:2B:81:08,-70,-77,20615,1476535468
54:60:09:F4:21:4A,-72,-73,17655,1476535468
A4:77:33:F8:A2:00,-41,-58,18774,1476535468
54:60:09:F2:D8:92,-81,-81,5323,1476535468
E6:71:85:62:06:38,-61,-65,53535,1476535528
E6:71:85:62:06:70,-64,-71,53779,1476535528
AC:CF:85:28:94:E2,-67,-72,47911,1476535528
54:60:09:2B:81:08,-64,-74,20675,1476535528
54:60:09:F4:21:4A,-79,-80,17715,1476535528
A4:77:33:F8:A2:00,-41,-58,18834,1476535528
54:60:09:F2:D8:92,-80,-80,5383,1476535528
E6:71:85:62:06:38,-60,-64,53595,1476535588
E6:71:85:62:06:70,-63,-70,53839,1476535588
AC:CF:85:28:94:E2,-67,-71,47971,1476535588
54:60:09:2B:81:08,-70,-76,20735,1476535588
54:60:09:F4:21:4A,-77,-78,17775,1476535588
A4:77:33:F8:A2:00,-41,-58,18894,1476535588
54:60:09:F2:D8:92,-80,-80,5443,1476535588
E6:71:85:62:06:38,-61,-64,53655,1476535648
E6:71:85:62:06:70,-62,-65,53899,1476535648
AC:CF:85:28:94:E2,-55,-60,48031,1476535648
54:60:09:2B:81:08,-65,-76,20795,1476535648
54:60:09:F4:21:4A,-68,-68,17835,1476535648
A4:77:33:F8:A2:00,-42,-57,18954,1476535648
54:60:09:F2:D8:92,-81,-80,5503,1476535648
E6:71:85:62:06:38,-61,-64,53718,1476535711
E6:71:85:62:06:70,-67,-70,53962,1476535711
AC:CF:85:28:94:E2,-68,-73,48094,1476535711
54:60:09:2B:81:08,-71,-74,20858,1476535711
54:60:09:F4:21:4A,-75,-74,17898,1476535711
A4:77:33:F8:A2:00,-41,-56,19017,1476535711
54:60:09:F2:D8:92,-80,-80,5566,1476535711
E6:71:85:62:06:38,-62,-65,53778,1476535771
E6:71:85:62:06:70,-61,-66,54022,1476535771
AC:CF:85:28:94:E2,-68,-70,48154,1476535771
54:60:09:2B:81:08,-65,-74,20918,1476535771
54:60:09:F4:21:4A,-74,-73,17958,1476535771
A4:77:33:F8:A2:00,-41,-57,19077,1476535771
54:60:09:F2:D8:92,-80,-80,5626,1476535771
E6:71:85:62:06:38,-62,-65,53838,1476535831
E6:71:85:62:06:70,-64,-68,54082,1476535831
AC:CF:85:28:94:E2,-69,-70,48214,1476535831
54:60:09:2B:81:08,-71,-76,20978,1476535831
54:60:09:F4:21:4A,-80,-80,18018,1476535831
A4:77:33:F8:A2:00,-41,-56,19137,1476535831
54:60:09:F2:D8:92,-77,-80,5686,1476535831
E6:71:85:62:06:38,-62,-65,53898,1476535891
E6:71:85:62:06:70,-66,-70,54142,1476535891
AC:CF:85:28:94:E2,-68,-72,48274,1476535891
54:60:09:2B:81:08,-66,-75,21038,1476535891
54:60:09:F4:21:4A,-78,-79,18078,1476535891
A4:77:33:F8:A2:00,-42,-56,19197,1476535891
54:60:09:F2:D8:92,-78,-79,5746,1476535891
E6:71:85:62:06:38,-62,-64,53958,1476535951
E6:71:85:62:06:70,-62,-67,54202,1476535951
AC:CF:85:28:94:E2,-68,-71,48334,1476535951
54:60:09:2B:81:08,-71,-75,21098,1476535951
54:60:09:F4:21:4A,-71,-70,18138,1476535951
A4:77:33:F8:A2:00,-41,-56,19257,1476535951
54:60:09:F2:D8:92,-75,-77,5806,1476535951
E6:71:85:62:06:38,-62,-65,54021,1476536014
E6:71:85:62:06:70,-66,-68,54265,1476536014
AC:CF:85:28:94:E2,-70,-75,48397,1476536014
54:60:09:2B:81:08,-65,-75,21161,1476536014
54:60:09:F4:21:4A,-79,-80,18201,1476536014
A4:77:33:F8:A2:00,-42,-56,19320,1476536014
54:60:09:F2:D8:92,-76,-77,5869,1476536014
E6:71:85:62:06:38,-61,-64,54081,1476536074
E6:71:85:62:06:70,-64,-67,54325,1476536074
AC:CF:85:28:94:E2,-84,-89,48457,1476536074
54:60:09:2B:81:08,-70,-75,21221,1476536074
54:60:09:F4:21:4A,-71,-70,18261,1476536074
A4:77:33:F8:A2:00,-41,-57,19380,1476536074
54:60:09:F2:D8:92,-73,-76,5929,1476536074
E6:71:85:62:06:38,-62,-64,54141,1476536134
E6:71:85:62:06:70,-65,-67,54385,1476536134
AC:CF:85:28:94:E2,-75,-82,48517,1476536134
54:60:09:2B:81:08,-62,-73,21281,1476536134
54:60:09:F4:21:4A,-80,-80,18321,1476536134
A4:77:33:F8:A2:00,-41,-56,19440,1476536134
54:60:09:F2:D8:92,-68,-73,5989,1476536134
E6:71:85:62:06:38,-61,-64,54201,1476536194
E6:71:85:62:06:70,-65,-68,54445,1476536194
AC:CF:85:28:94:E2,-76,-78,48577,1476536194
54:60:09:2B:81:08,-64,-74,21341,1476536194
54:60:09:F4:21:4A,-73,-72,18381,1476536194
A4:77:33:F8:A2:00,-42,-56,19500,1476536194
54:60:09:F2:D8:92,-79,-80,6049,1476536194
E6:71:85:62:06:38,-61,-64,54261,1476536254
E6:71:85:62:06:70,-61,-67,54505,1476536254
AC:CF:85:28:94:E2,-72,-78,48637,1476536254
54:60:09:2B:81:08,-64,-76,21401,1476536254
54:60:09:F4:21:4A,-69,-68,18441,1476536254
A4:77:33:F8:A2:00,-41,-56,19560,1476536254
54:60:09:F2:D8:92,-79,-80,6109,1476536254
E6:71:85:62:06:38,-62,-66,54321,1476536314
E6:71:85:62:06:70,-65,-67,54565,1476536314
AC:CF:85:28:94:E2,-71,-78,48697,1476536314
54:60:09:2B:81:08,-63,-74,21461,1476536314
54:60:09:F4:21:4A,-72,-72,18501,1476536314
A4:77:33:F8:A2:00,-41,-56,19620,1476536314
54:60:09:F2:D8:92,-80,-80,6169,1476536314
E6:71:85:62:06:38,-62,-67,54381,1476536374
E6:71:85:62:06:70,-65,-69,54625,1476536374
AC:CF:85:28:94:E2,-68,-72,48757,1476536374
54:60:09:2B:81:08,-66,-75,21521,1476536374
54:60:09:F4:21:4A,-71,-70,18561,1476536374
A4:77:33:F8:A2:00,-42,-56,19680,1476536374
54:60:09:F2:D8:92,-80,-80,6229,1476536374
E6:71:85:62:06:38,-61,-66,54441,1476536434
E6:71:85:62:06:70,-64,-67,54685,1476536434
AC:CF:85:28:94:E2,-66,-72,48817,1476536434
54:60:09:2B:81:08,-70,-76,21581,1476536434
54:60:09:F4:21:4A,-68,-68,18621,1476536434
A4:77:33:F8:A2:00,-41,-57,19740,1476536434
54:60:09:F2:D8:92,-80,-80,6289,1476536434
E6:71:85:62:06:38,-61,-67,54501,1476536494
E6:71:85:62:06:70,-63,-69,54745,1476536494
AC:CF:85:28:94:E2,-65,-71,48877,1476536494
54:60:09:2B:81:08,-67,-75,21641,1476536494
54:60:09:F4:21:4A,-67,-69,18681,1476536494
A4:77:33:F8:A2:00,-41,-57,19800,1476536494
54:60:09:F2:D8:92,-80,-80,6349,1476536494
E6:71:85:62:06:38,-62,-67,54594,1476536587
E6:71:85:62:06:70,-62,-73,54838,1476536587
AC:CF:85:28:94:E2,-70,-78,48970,1476536587
54:60:09:2B:81:08,-64,-75,21734,1476536587
54:60:09:F4:21:4A,-73,-73,18774,1476536587
A4:77:33:F8:A2:00,-42,-57,19893,1476536587
54:60:09:F2:D8:92,-79,-79,6442,1476536587
E6:71:85:62:06:38,-62,-66,54654,1476536647
E6:71:85:62:06:70,-66,-66,54898,1476536647
AC:CF:85:28:94:E2,-72,-77,49030,1476536647
54:60:09:2B:81:08,-66,-75,21794,1476536647
54:60:09:F4:21:4A,-76,-74,18834,1476536647
A4:77:33:F8:A2:00,-42,-57,19953,1476536647
54:60:09:F2:D8:92,-76,-78,6502,1476536647
E6:71:85:62:06:38,-62,-67,54714,1476536707
E6:71:85:62:06:70,-66,-68,54958,1476536707
AC:CF:85:28:94:E2,-74,-78,49090,1476536707
54:60:09:2B:81:08,-62,-74,21854,1476536707
54:60:09:F4:21:4A,-74,-71,18894,1476536707
A4:77:33:F8:A2:00,-41,-57,20013,1476536707
54:60:09:F2:D8:92,-72,-75,6562,1476536707
E6:71:85:62:06:38,-62,-66,54774,1476536767
E6:71:85:62:06:70,-67,-68,55018,1476536767
AC:CF:85:28:94:E2,-55,-64,49150,1476536767
54:60:09:2B:81:08,-65,-75,21914,1476536767
54:60:09:F4:21:4A,-74,-71,18954,1476536767
A4:77:33:F8:A2:00,-41,-57,20073,1476536767
54:60:09:F2:D8:92,-69,-74,6622,1476536767
E6:71:85:62:06:38,-62,-67,54834,1476536827
E6:71:85:62:06:70,-67,-73,55078,1476536827
AC:CF:85:28:94:E2,-63,-67,49210,1476536827
54:60:09:2B:81:08,-64,-77,21974,1476536827
54:60:09:F4:21:4A,-77,-74,19014,1476536827
A4:77:33:F8:A2:00,-43,-56,20133,1476536827
54:60:09:F2:D8:92,-80,-82,6682,1476536827
E6:71:85:62:06:38,-59,-65,54897,1476536890
E6:71:85:62:06:70,-67,-68,55141,1476536890
AC:CF:85:28:94:E2,-62,-68,49273,1476536890
54:60:09:2B:81:08,-64,-76,22037,1476536890
54:60:09:F4:21:4A,-74,-75,19077,1476536890
A4:77:33:F8:A2:00,-42,-57,20196,1476536890
E6:71:85:62:06:38,-62,-66,54957,1476536950
E6:71:85:62:06:70,-66,-64,55201,1476536950
AC:CF:85:28:94:E2,-72,-73,49333,1476536950
54:60:09:2B:81:08,-63,-76,22097,1476536950
54:60:09:F4:21:4A,-74,-69,19137,1476536950
A4:77:33:F8:A2:00,-41,-57,20256,1476536950
E6:71:85:62:06:38,-62,-67,55017,1476537010
E6:71:85:62:06:70,-66,-71,55261,1476537010
AC:CF:85:28:94:E2,-72,-71,49393,1476537010
54:60:09:2B:81:08,-67,-77,22157,1476537010
54:60:09:F4:21:4A,-78,-75,19197,1476537010
A4:77:33:F8:A2:00,-41,-57,20316,1476537010
E6:71:85:62:06:38,-61,-66,55077,1476537070
E6:71:85:62:06:70,-66,-70,55321,1476537070
AC:CF:85:28:94:E2,-67,-75,49453,1476537070
54:60:09:2B:81:08,-65,-76,22217,1476537070
54:60:09:F4:21:4A,-82,-82,19257,1476537070
A4:77:33:F8:A2:00,-42,-57,20376,1476537070
E6:71:85:62:06:38,-62,-66,55137,1476537130
E6:71:85:62:06:70,-67,-71,55381,1476537130
AC:CF:85:28:94:E2,-69,-76,49513,1476537130
54:60:09:2B:81:08,-65,-78,22277,1476537130
54:60:09:F4:21:4A,-80,-83,19317,1476537130
A4:77:33:F8:A2:00,-42,-57,20436,1476537130
