Client_MAC,Rssi0,Rssi1,Connection_Time,EpocTime
E6:71:85:62:06:38,-60,-64,46293,1476528286
E6:71:85:62:06:70,-62,-69,46537,1476528286
AC:CF:85:28:94:E2,-60,-68,40669,1476528286
54:60:09:2B:81:08,-68,-74,13433,1476528286
54:60:09:F4:21:4A,-73,-74,10473,1476528286
A4:77:33:F8:A2:00,-41,-58,11592,1476528286
E6:71:85:62:06:38,-60,-64,46353,1476528346
E6:71:85:62:06:70,-61,-67,46597,1476528346
AC:CF:85:28:94:E2,-63,-71,40729,1476528346
54:60:09:2B:81:08,-68,-74,13493,1476528346
54:60:09:F4:21:4A,-68,-69,10533,1476528346
A4:77:33:F8:A2:00,-41,-58,11652,1476528346
E6:71:85:62:06:38,-60,-64,46413,1476528406
E6:71:85:62:06:70,-61,-67,46657,1476528406
AC:CF:85:28:94:E2,-63,-71,40789,1476528406
54:60:09:2B:81:08,-66,-73,13553,1476528406
54:60:09:F4:21:4A,-72,-73,10593,1476528406
A4:77:33:F8:A2:00,-41,-58,11712,1476528406
E6:71:85:62:06:38,-60,-64,46473,1476528466
E6:71:85:62:06:70,-61,-67,46717,1476528466
AC:CF:85:28:94:E2,-62,-71,40849,1476528466
54:60:09:2B:81:08,-68,-74,13613,1476528466
54:60:09:F4:21:4A,-74,-75,10653,1476528466
A4:77:33:F8:A2:00,-41,-58,11772,1476528466
E6:71:85:62:06:38,-60,-64,46533,1476528526
E6:71:85:62:06:70,-63,-70,46777,1476528526
AC:CF:85:28:94:E2,-62,-70,40909,1476528526
54:60:09:2B:81:08,-67,-74,13673,1476528526
54:60:09:F4:21:4A,-70,-71,10713,1476528526
A4:77:33:F8:A2:00,-41,-58,11832,1476528526
E6:71:85:62:06:38,-60,-64,46596,1476528589
E6:71:85:62:06:70,-63,-70,46840,1476528589
AC:CF:85:28:94:E2,-61,-70,40972,1476528589
54:60:09:2B:81:08,-68,-73,13736,1476528589
54:60:09:F4:21:4A,-69,-69,10776,1476528589
A4:77:33:F8:A2:00,-41,-58,11895,1476528589
E6:71:85:62:06:38,-59,-63,46656,1476528649
E6:71:85:62:06:70,-61,-68,46900,1476528649
AC:CF:85:28:94:E2,-63,-71,41032,1476528649
54:60:09:2B:81:08,-65,-74,13796,1476528649
54:60:09:F4:21:4A,-69,-70,10836,1476528649
A4:77:33:F8:A2:00,-41,-58,11955,1476528649
E6:71:85:62:06:38,-60,-64,46716,1476528709
E6:71:85:62:06:70,-61,-67,46960,1476528709
AC:CF:85:28:94:E2,-63,-71,41092,1476528709
54:60:09:2B:81:08,-65,-74,13856,1476528709
54:60:09:F4:21:4A,-69,-69,10896,1476528709
A4:77:33:F8:A2:00,-41,-58,12015,1476528709
E6:71:85:62:06:38,-60,-64,46776,1476528769
E6:71:85:62:06:70,-61,-68,47020,1476528769
AC:CF:85:28:94:E2,-62,-70,41152,1476528769
54:60:09:2B:81:08,-63,-72,13916,1476528769
54:60:09:F4:21:4A,-73,-74,10956,1476528769
A4:77:33:F8:A2:00,-41,-58,12075,1476528769
E6:71:85:62:06:38,-60,-64,46836,1476528829
E6:71:85:62:06:70,-61,-67,47080,1476528829
AC:CF:85:28:94:E2,-65,-72,41212,1476528829
54:60:09:2B:81:08,-65,-74,13976,1476528829
54:60:09:F4:21:4A,-71,-72,11016,1476528829
A4:77:33:F8:A2:00,-41,-58,12135,1476528829
E6:71:85:62:06:38,-60,-64,46899,1476528892
E6:71:85:62:06:70,-61,-67,47143,1476528892
AC:CF:85:28:94:E2,-64,-72,41275,1476528892
54:60:09:2B:81:08,-65,-74,14039,1476528892
54:60:09:F4:21:4A,-67,-68,11079,1476528892
A4:77:33:F8:A2:00,-41,-58,12198,1476528892
E6:71:85:62:06:38,-61,-65,46959,1476528952
E6:71:85:62:06:70,-61,-67,47203,1476528952
AC:CF:85:28:94:E2,-63,-71,41335,1476528952
54:60:09:2B:81:08,-66,-74,14099,1476528952
54:60:09:F4:21:4A,-67,-68,11139,1476528952
A4:77:33:F8:A2:00,-41,-58,12258,1476528952
E6:71:85:62:06:38,-60,-64,47019,1476529012
E6:71:85:62:06:70,-64,-71,47263,1476529012
AC:CF:85:28:94:E2,-62,-70,41395,1476529012
54:60:09:2B:81:08,-66,-73,14159,1476529012
54:60:09:F4:21:4A,-67,-68,11199,1476529012
A4:77:33:F8:A2:00,-41,-58,12318,1476529012
E6:71:85:62:06:38,-59,-63,47079,1476529072
E6:71:85:62:06:70,-64,-70,47323,1476529072
AC:CF:85:28:94:E2,-63,-71,41455,1476529072
54:60:09:2B:81:08,-65,-74,14219,1476529072
54:60:09:F4:21:4A,-72,-73,11259,1476529072
A4:77:33:F8:A2:00,-41,-57,12378,1476529072
E6:71:85:62:06:38,-60,-64,47139,1476529132
E6:71:85:62:06:70,-61,-68,47383,1476529132
AC:CF:85:28:94:E2,-62,-71,41515,1476529132
54:60:09:2B:81:08,-70,-76,14279,1476529132
54:60:09:F4:21:4A,-76,-76,11319,1476529132
A4:77:33:F8:A2:00,-41,-58,12438,1476529132
E6:71:85:62:06:38,-58,-62,47199,1476529192
E6:71:85:62:06:70,-63,-70,47443,1476529192
AC:CF:85:28:94:E2,-62,-71,41575,1476529192
54:60:09:2B:81:08,-67,-74,14339,1476529192
54:60:09:F4:21:4A,-73,-74,11379,1476529192
A4:77:33:F8:A2:00,-41,-58,12498,1476529192
E6:71:85:62:06:38,-61,-65,47259,1476529252
E6:71:85:62:06:70,-63,-70,47503,1476529252
AC:CF:85:28:94:E2,-63,-72,41635,1476529252
54:60:09:2B:81:08,-70,-75,14399,1476529252
54:60:09:F4:21:4A,-79,-80,11439,1476529252
A4:77:33:F8:A2:00,-41,-58,12558,1476529252
E6:71:85:62:06:38,-60,-63,47319,1476529312
E6:71:85:62:06:70,-64,-71,47563,1476529312
AC:CF:85:28:94:E2,-63,-72,41695,1476529312
54:60:09:2B:81:08,-68,-73,14459,1476529312
54:60:09:F4:21:4A,-72,-73,11499,1476529312
A4:77:33:F8:A2:00,-42,-58,12618,1476529312
E6:71:85:62:06:38,-58,-62,47379,1476529372
E6:71:85:62:06:70,-63,-70,47623,1476529372
AC:CF:85:28:94:E2,-62,-70,41755,1476529372
54:60:09:2B:81:08,-71,-75,14519,1476529372
54:60:09:F4:21:4A,-75,-75,11559,1476529372
A4:77:33:F8:A2:00,-41,-58,12678,1476529372
E6:71:85:62:06:38,-61,-65,47442,1476529435
E6:71:85:62:06:70,-62,-69,47686,1476529435
AC:CF:85:28:94:E2,-61,-70,41818,1476529435
54:60:09:2B:81:08,-68,-73,14582,1476529435
54:60:09:F4:21:4A,-74,-75,11622,1476529435
A4:77:33:F8:A2:00,-41,-58,12741,1476529435
E6:71:85:62:06:38,-60,-64,47502,1476529495
E6:71:85:62:06:70,-64,-71,47746,1476529495
AC:CF:85:28:94:E2,-64,-72,41878,1476529495
54:60:09:2B:81:08,-70,-75,14642,1476529495
54:60:09:F4:21:4A,-72,-73,11682,1476529495
A4:77:33:F8:A2:00,-41,-58,12801,1476529495
E6:71:85:62:06:38,-60,-63,47562,1476529555
E6:71:85:62:06:70,-63,-70,47806,1476529555
AC:CF:85:28:94:E2,-63,-71,41938,1476529555
54:60:09:2B:81:08,-69,-74,14702,1476529555
54:60:09:F4:21:4A,-79,-80,11742,1476529555
A4:77:33:F8:A2:00,-41,-58,12861,1476529555
E6:71:85:62:06:38,-56,-60,47622,1476529615
E6:71:85:62:06:70,-64,-71,47866,1476529615
AC:CF:85:28:94:E2,-63,-71,41998,1476529615
54:60:09:2B:81:08,-71,-75,14762,1476529615
54:60:09:F4:21:4A,-75,-76,11802,1476529615
A4:77:33:F8:A2:00,-42,-58,12921,1476529615
E6:71:85:62:06:38,-57,-61,47682,1476529675
E6:71:85:62:06:70,-61,-67,47926,1476529675
AC:CF:85:28:94:E2,-61,-70,42058,1476529675
54:60:09:2B:81:08,-68,-74,14822,1476529675
54:60:09:F4:21:4A,-78,-78,11862,1476529675
A4:77:33:F8:A2:00,-41,-58,12981,1476529675
E6:71:85:62:06:38,-57,-61,47778,1476529770
E6:71:85:62:06:70,-61,-68,48022,1476529770
AC:CF:85:28:94:E2,-63,-71,42154,1476529770
54:60:09:2B:81:08,-64,-73,14918,1476529770
54:60:09:F4:21:4A,-67,-68,11958,1476529770
A4:77:33:F8:A2:00,-41,-58,13077,1476529770
E6:71:85:62:06:38,-57,-61,47838,1476529830
E6:71:85:62:06:70,-61,-67,48082,1476529830
AC:CF:85:28:94:E2,-62,-70,42214,1476529830
54:60:09:2B:81:08,-65,-73,14978,1476529830
54:60:09:F4:21:4A,-68,-70,12018,1476529830
A4:77:33:F8:A2:00,-41,-58,13137,1476529830
E6:71:85:62:06:38,-59,-63,47898,1476529890
E6:71:85:62:06:70,-63,-70,48142,1476529890
AC:CF:85:28:94:E2,-62,-70,42274,1476529890
54:60:09:2B:81:08,-66,-74,15038,1476529890
54:60:09:F4:21:4A,-69,-70,12078,1476529890
A4:77:33:F8:A2:00,-41,-58,13197,1476529890
E6:71:85:62:06:38,-60,-64,47958,1476529950
E6:71:85:62:06:70,-61,-67,48202,1476529950
AC:CF:85:28:94:E2,-63,-72,42334,1476529950
54:60:09:2B:81:08,-71,-75,15098,1476529950
54:60:09:F4:21:4A,-73,-74,12138,1476529950
A4:77:33:F8:A2:00,-41,-58,13257,1476529950
E6:71:85:62:06:38,-61,-65,48018,1476530010
E6:71:85:62:06:70,-61,-67,48262,1476530010
AC:CF:85:28:94:E2,-63,-71,42394,1476530010
54:60:09:2B:81:08,-66,-72,15158,1476530010
54:60:09:F4:21:4A,-77,-78,12198,1476530010
A4:77:33:F8:A2:00,-42,-58,13317,1476530010
E6:71:85:62:06:38,-60,-64,48081,1476530074
E6:71:85:62:06:70,-61,-67,48325,1476530074
AC:CF:85:28:94:E2,-62,-71,42457,1476530074
54:60:09:2B:81:08,-70,-75,15221,1476530074
54:60:09:F4:21:4A,-79,-80,12261,1476530074
A4:77:33:F8:A2:00,-42,-58,13380,1476530074
E6:71:85:62:06:38,-60,-64,48141,1476530134
E6:71:85:62:06:70,-63,-70,48385,1476530134
AC:CF:85:28:94:E2,-62,-70,42517,1476530134
54:60:09:2B:81:08,-66,-73,15281,1476530134
54:60:09:F4:21:4A,-78,-79,12321,1476530134
A4:77:33:F8:A2:00,-41,-58,13440,1476530134
E6:71:85:62:06:38,-60,-64,48201,1476530194
E6:71:85:62:06:70,-61,-67,48445,1476530194
AC:CF:85:28:94:E2,-62,-70,42577,1476530194
54:60:09:2B:81:08,-70,-75,15341,1476530194
54:60:09:F4:21:4A,-75,-76,12381,1476530194
A4:77:33:F8:A2:00,-42,-58,13500,1476530194
54:60:09:F2:D8:92,-80,-80,49,1476530194
E6:71:85:62:06:38,-61,-65,48261,1476530254
E6:71:85:62:06:70,-64,-71,48505,1476530254
AC:CF:85:28:94:E2,-64,-72,42637,1476530254
54:60:09:2B:81:08,-67,-74,15401,1476530254
54:60:09:F4:21:4A,-72,-73,12441,1476530254
A4:77:33:F8:A2:00,-42,-58,13560,1476530254
54:60:09:F2:D8:92,-79,-80,109,1476530254
E6:71:85:62:06:38,-62,-65,48321,1476530314
E6:71:85:62:06:70,-64,-71,48565,1476530314
AC:CF:85:28:94:E2,-64,-72,42697,1476530314
54:60:09:2B:81:08,-68,-75,15461,1476530314
54:60:09:F4:21:4A,-76,-77,12501,1476530314
A4:77:33:F8:A2:00,-41,-58,13620,1476530314
54:60:09:F2:D8:92,-78,-80,169,1476530314
E6:71:85:62:06:38,-61,-65,48384,1476530377
E6:71:85:62:06:70,-64,-71,48628,1476530377
AC:CF:85:28:94:E2,-62,-70,42760,1476530377
54:60:09:2B:81:08,-68,-75,15524,1476530377
54:60:09:F4:21:4A,-73,-74,12564,1476530377
A4:77:33:F8:A2:00,-41,-58,13683,1476530377
54:60:09:F2:D8:92,-79,-80,232,1476530377
E6:71:85:62:06:38,-61,-65,48444,1476530437
E6:71:85:62:06:70,-61,-68,48688,1476530437
AC:CF:85:28:94:E2,-64,-72,42820,1476530437
54:60:09:2B:81:08,-68,-75,15584,1476530437
54:60:09:F4:21:4A,-78,-79,12624,1476530437
A4:77:33:F8:A2:00,-41,-58,13743,1476530437
54:60:09:F2:D8:92,-79,-80,292,1476530437
E6:71:85:62:06:38,-61,-65,48504,1476530497
E6:71:85:62:06:70,-62,-69,48748,1476530497
AC:CF:85:28:94:E2,-63,-70,42880,1476530497
54:60:09:2B:81:08,-68,-76,15644,1476530497
54:60:09:F4:21:4A,-70,-71,12684,1476530497
A4:77:33:F8:A2:00,-41,-58,13803,1476530497
54:60:09:F2:D8:92,-80,-81,352,1476530497
E6:71:85:62:06:38,-61,-65,48564,1476530557
E6:71:85:62:06:70,-64,-71,48808,1476530557
AC:CF:85:28:94:E2,-64,-72,42940,1476530557
54:60:09:2B:81:08,-68,-76,15704,1476530557
54:60:09:F4:21:4A,-71,-72,12744,1476530557
A4:77:33:F8:A2:00,-42,-58,13863,1476530557
54:60:09:F2:D8:92,-79,-81,412,1476530557
E6:71:85:62:06:38,-60,-64,48624,1476530617
E6:71:85:62:06:70,-61,-67,48868,1476530617
AC:CF:85:28:94:E2,-63,-70,43000,1476530617
54:60:09:2B:81:08,-68,-76,15764,1476530617
54:60:09:F4:21:4A,-76,-77,12804,1476530617
A4:77:33:F8:A2:00,-42,-58,13923,1476530617
54:60:09:F2:D8:92,-79,-80,472,1476530617
