Client_MAC,Rssi0,Rssi1,Connection_Time,EpocTime
E6:71:85:62:06:38,-61,-65,62601,1476544594
E6:71:85:62:06:70,-62,-69,62845,1476544594
AC:CF:85:28:94:E2,-86,-91,56977,1476544594
54:60:09:2B:81:08,-69,-71,29741,1476544594
54:60:09:F4:21:4A,-76,-72,26781,1476544594
A4:77:33:F8:A2:00,-44,-54,27900,1476544594
E6:71:85:62:06:38,-62,-65,62661,1476544654
E6:71:85:62:06:70,-62,-68,62905,1476544654
AC:CF:85:28:94:E2,-86,-91,57037,1476544654
54:60:09:2B:81:08,-68,-71,29801,1476544654
54:60:09:F4:21:4A,-79,-77,26841,1476544654
A4:77:33:F8:A2:00,-44,-54,27960,1476544654
E6:71:85:62:06:38,-63,-66,62721,1476544714
E6:71:85:62:06:70,-63,-71,62965,1476544714
AC:CF:85:28:94:E2,-86,-91,57097,1476544714
54:60:09:2B:81:08,-67,-70,29861,1476544714
54:60:09:F4:21:4A,-74,-71,26901,1476544714
A4:77:33:F8:A2:00,-44,-54,28020,1476544714
E6:71:85:62:06:38,-63,-66,62781,1476544774
E6:71:85:62:06:70,-62,-71,63025,1476544774
54:60:09:2B:81:08,-66,-70,29921,1476544774
54:60:09:F4:21:4A,-77,-75,26961,1476544774
A4:77:33:F8:A2:00,-44,-54,28080,1476544774
E6:71:85:62:06:38,-61,-65,62841,1476544834
E6:71:85:62:06:70,-65,-72,63085,1476544834
54:60:09:2B:81:08,-68,-71,29981,1476544834
54:60:09:F4:21:4A,-79,-77,27021,1476544834
A4:77:33:F8:A2:00,-44,-54,28140,1476544834
E6:71:85:62:06:38,-62,-66,62934,1476544927
E6:71:85:62:06:70,-62,-70,63178,1476544927
54:60:09:2B:81:08,-67,-71,30074,1476544927
54:60:09:F4:21:4A,-73,-72,27114,1476544927
A4:77:33:F8:A2:00,-44,-54,28233,1476544927
E6:71:85:62:06:38,-63,-66,62994,1476544987
E6:71:85:62:06:70,-62,-70,63238,1476544987
54:60:09:2B:81:08,-67,-69,30134,1476544987
54:60:09:F4:21:4A,-72,-67,27174,1476544987
A4:77:33:F8:A2:00,-44,-54,28293,1476544987
E6:71:85:62:06:38,-62,-65,63054,1476545047
E6:71:85:62:06:70,-64,-70,63298,1476545047
54:60:09:2B:81:08,-66,-69,30194,1476545047
54:60:09:F4:21:4A,-70,-66,27234,1476545047
A4:77:33:F8:A2:00,-44,-54,28353,1476545047
E6:71:85:62:06:38,-62,-65,63114,1476545107
E6:71:85:62:06:70,-65,-71,63358,1476545107
54:60:09:2B:81:08,-65,-70,30254,1476545107
54:60:09:F4:21:4A,-72,-68,27294,1476545107
A4:77:33:F8:A2:00,-44,-54,28413,1476545107
E6:71:85:62:06:38,-64,-67,63174,1476545167
E6:71:85:62:06:70,-63,-69,63418,1476545167
54:60:09:2B:81:08,-68,-71,30314,1476545167
54:60:09:F4:21:4A,-70,-66,27354,1476545167
A4:77:33:F8:A2:00,-44,-54,28473,1476545167
E6:71:85:62:06:38,-63,-66,63234,1476545227
E6:71:85:62:06:70,-63,-69,63478,1476545227
54:60:09:2B:81:08,-65,-70,30374,1476545227
54:60:09:F4:21:4A,-72,-68,27414,1476545227
A4:77:33:F8:A2:00,-44,-54,28533,1476545227
E6:71:85:62:06:38,-63,-67,63294,1476545287
E6:71:85:62:06:70,-63,-68,63538,1476545287
54:60:09:2B:81:08,-67,-71,30434,1476545287
54:60:09:F4:21:4A,-79,-77,27474,1476545287
A4:77:33:F8:A2:00,-44,-54,28593,1476545287
E6:71:85:62:06:38,-62,-66,63354,1476545347
E6:71:85:62:06:70,-64,-70,63598,1476545347
54:60:09:2B:81:08,-65,-69,30494,1476545347
54:60:09:F4:21:4A,-73,-70,27534,1476545347
A4:77:33:F8:A2:00,-44,-54,28653,1476545347
E6:71:85:62:06:38,-62,-66,63414,1476545407
E6:71:85:62:06:70,-62,-69,63658,1476545407
54:60:09:2B:81:08,-67,-71,30554,1476545407
54:60:09:F4:21:4A,-78,-75,27594,1476545407
A4:77:33:F8:A2:00,-44,-54,28713,1476545407
E6:71:85:62:06:38,-62,-66,63477,1476545470
E6:71:85:62:06:70,-65,-70,63721,1476545470
54:60:09:2B:81:08,-63,-68,30617,1476545470
54:60:09:F4:21:4A,-78,-78,27657,1476545470
A4:77:33:F8:A2:00,-44,-54,28776,1476545470
E6:71:85:62:06:38,-64,-67,63537,1476545530
E6:71:85:62:06:70,-66,-71,63781,1476545530
54:60:09:2B:81:08,-66,-70,30677,1476545530
54:60:09:F4:21:4A,-74,-71,27717,1476545530
A4:77:33:F8:A2:00,-44,-54,28836,1476545530
E6:71:85:62:06:38,-62,-66,63597,1476545590
E6:71:85:62:06:70,-61,-69,63841,1476545590
54:60:09:2B:81:08,-64,-69,30737,1476545590
54:60:09:F4:21:4A,-78,-77,27777,1476545590
A4:77:33:F8:A2:00,-44,-54,28896,1476545590
E6:71:85:62:06:38,-64,-68,63657,1476545650
E6:71:85:62:06:70,-62,-69,63901,1476545650
54:60:09:2B:81:08,-65,-70,30797,1476545650
54:60:09:F4:21:4A,-74,-70,27837,1476545650
A4:77:33:F8:A2:00,-44,-54,28956,1476545650
E6:71:85:62:06:38,-62,-66,63717,1476545710
E6:71:85:62:06:70,-63,-69,63961,1476545710
54:60:09:2B:81:08,-65,-69,30857,1476545710
54:60:09:F4:21:4A,-79,-77,27897,1476545710
A4:77:33:F8:A2:00,-44,-54,29016,1476545710
E6:71:85:62:06:38,-63,-66,63810,1476545803
E6:71:85:62:06:70,-64,-72,64054,1476545803
54:60:09:2B:81:08,-66,-70,30950,1476545803
54:60:09:F4:21:4A,-72,-68,27990,1476545803
A4:77:33:F8:A2:00,-44,-54,29109,1476545803
E6:71:85:62:06:38,-62,-66,63870,1476545863
E6:71:85:62:06:70,-66,-71,64114,1476545863
54:60:09:2B:81:08,-66,-70,31010,1476545863
54:60:09:F4:21:4A,-70,-66,28050,1476545863
A4:77:33:F8:A2:00,-44,-54,29169,1476545863
E6:71:85:62:06:38,-61,-65,63930,1476545923
E6:71:85:62:06:70,-65,-70,64174,1476545923
54:60:09:2B:81:08,-67,-71,31070,1476545923
54:60:09:F4:21:4A,-70,-66,28110,1476545923
A4:77:33:F8:A2:00,-44,-54,29229,1476545923
E6:71:85:62:06:38,-64,-68,63990,1476545983
E6:71:85:62:06:70,-63,-68,64234,1476545983
54:60:09:2B:81:08,-66,-70,31130,1476545983
54:60:09:F4:21:4A,-73,-68,28170,1476545983
A4:77:33:F8:A2:00,-44,-54,29289,1476545983
E6:71:85:62:06:38,-61,-65,64050,1476546043
E6:71:85:62:06:70,-63,-69,64294,1476546043
54:60:09:2B:81:08,-68,-70,31190,1476546043
54:60:09:F4:21:4A,-79,-77,28230,1476546043
A4:77:33:F8:A2:00,-41,-53,29349,1476546043
E6:71:85:62:06:38,-61,-65,64113,1476546106
E6:71:85:62:06:70,-61,-68,64357,1476546106
54:60:09:2B:81:08,-67,-70,31253,1476546106
54:60:09:F4:21:4A,-79,-76,28293,1476546106
A4:77:33:F8:A2:00,-44,-54,29412,1476546106
E6:71:85:62:06:38,-62,-65,64173,1476546166
E6:71:85:62:06:70,-63,-69,64417,1476546166
54:60:09:2B:81:08,-66,-70,31313,1476546166
54:60:09:F4:21:4A,-75,-72,28353,1476546166
A4:77:33:F8:A2:00,-44,-54,29472,1476546166
E6:71:85:62:06:38,-64,-68,64233,1476546226
E6:71:85:62:06:70,-65,-71,64477,1476546226
54:60:09:2B:81:08,-63,-68,31373,1476546226
54:60:09:F4:21:4A,-79,-78,28413,1476546226
A4:77:33:F8:A2:00,-44,-54,29532,1476546226
E6:71:85:62:06:38,-62,-66,64293,1476546286
E6:71:85:62:06:70,-64,-69,64537,1476546286
54:60:09:2B:81:08,-67,-71,31433,1476546286
54:60:09:F4:21:4A,-77,-74,28473,1476546286
A4:77:33:F8:A2:00,-44,-54,29592,1476546286
E6:71:85:62:06:38,-62,-68,64353,1476546346
E6:71:85:62:06:70,-65,-70,64597,1476546346
54:60:09:2B:81:08,-68,-72,31493,1476546346
54:60:09:F4:21:4A,-78,-77,28533,1476546346
A4:77:33:F8:A2:00,-44,-59,29652,1476546346
E6:71:85:62:06:38,-62,-67,64416,1476546409
E6:71:85:62:06:70,-68,-71,64660,1476546409
54:60:09:2B:81:08,-68,-76,31556,1476546409
54:60:09:F4:21:4A,-78,-83,28596,1476546409
A4:77:33:F8:A2:00,-44,-61,29715,1476546409
E6:71:85:62:06:38,-63,-68,64476,1476546469
E6:71:85:62:06:70,-65,-68,64720,1476546469
54:60:09:2B:81:08,-68,-76,31616,1476546469
54:60:09:F4:21:4A,-76,-82,28656,1476546469
A4:77:33:F8:A2:00,-44,-61,29775,1476546469
E6:71:85:62:06:38,-61,-66,64536,1476546529
E6:71:85:62:06:70,-65,-71,64780,1476546529
54:60:09:2B:81:08,-67,-76,31676,1476546529
54:60:09:F4:21:4A,-76,-82,28716,1476546529
A4:77:33:F8:A2:00,-44,-61,29835,1476546529
E6:71:85:62:06:38,-63,-68,64596,1476546589
E6:71:85:62:06:70,-65,-69,64840,1476546589
54:60:09:2B:81:08,-67,-76,31736,1476546589
54:60:09:F4:21:4A,-73,-80,28776,1476546589
A4:77:33:F8:A2:00,-43,-61,29895,1476546589
E6:71:85:62:06:38,-61,-66,64656,1476546649
E6:71:85:62:06:70,-65,-69,64900,1476546649
54:60:09:2B:81:08,-67,-76,31796,1476546649
54:60:09:F4:21:4A,-79,-85,28836,1476546649
A4:77:33:F8:A2:00,-44,-61,29955,1476546649
E6:71:85:62:06:38,-61,-66,64720,1476546712
E6:71:85:62:06:70,-68,-72,64964,1476546712
54:60:09:2B:81:08,-65,-75,31860,1476546712
54:60:09:F4:21:4A,-73,-79,28900,1476546712
A4:77:33:F8:A2:00,-44,-61,30019,1476546712
E6:71:85:62:06:38,-61,-67,64780,1476546772
E6:71:85:62:06:70,-63,-68,65024,1476546772
54:60:09:2B:81:08,-73,-79,31920,1476546772
54:60:09:F4:21:4A,-80,-87,28960,1476546772
A4:77:33:F8:A2:00,-44,-61,30079,1476546772
E6:71:85:62:06:38,-62,-67,64840,1476546832
E6:71:85:62:06:70,-64,-69,65084,1476546832
54:60:09:2B:81:08,-72,-78,31980,1476546832
54:60:09:F4:21:4A,-74,-80,29020,1476546832
A4:77:33:F8:A2:00,-44,-61,30139,1476546832
E6:71:85:62:06:38,-61,-67,64900,1476546892
E6:71:85:62:06:70,-66,-70,65144,1476546892
54:60:09:2B:81:08,-72,-78,32040,1476546892
54:60:09:F4:21:4A,-76,-82,29080,1476546892
A4:77:33:F8:A2:00,-44,-61,30199,1476546892
E6:71:85:62:06:38,-63,-68,64960,1476546952
E6:71:85:62:06:70,-67,-70,65204,1476546952
54:60:09:2B:81:08,-67,-76,32100,1476546952
54:60:09:F4:21:4A,-80,-86,29140,1476546952
A4:77:33:F8:A2:00,-43,-61,30259,1476546952
E6:71:85:62:06:38,-61,-67,65020,1476547012
E6:71:85:62:06:70,-65,-69,65264,1476547012
54:60:09:2B:81:08,-66,-75,32160,1476547012
54:60:09:F4:21:4A,-77,-83,29200,1476547012
A4:77:33:F8:A2:00,-43,-61,30319,1476547012
E6:71:85:62:06:38,-61,-66,65080,1476547072
E6:71:85:62:06:70,-67,-70,65324,1476547072
54:60:09:2B:81:08,-64,-74,32220,1476547072
54:60:09:F4:21:4A,-71,-76,29260,1476547072
A4:77:33:F8:A2:00,-44,-60,30379,1476547072
E6:71:85:62:06:38,-61,-66,65140,1476547132
E6:71:85:62:06:70,-64,-69,65384,1476547132
54:60:09:2B:81:08,-73,-78,32280,1476547132
54:60:09:F4:21:4A,-79,-86,29320,1476547132
A4:77:33:F8:A2:00,-44,-61,30439,1476547132
E6:71:85:62:06:38,-63,-68,65200,1476547192
E6:71:85:62:06:70,-66,-73,65444,1476547192
54:60:09:2B:81:08,-69,-74,32340,1476547192
54:60:09:F4:21:4A,-69,-76,29380,1476547192
A4:77:33:F8:A2:00,-44,-61,30499,1476547192
E6:71:85:62:06:38,-61,-66,65263,1476547255
E6:71:85:62:06:70,-66,-69,65507,1476547255
54:60:09:2B:81:08,-72,-78,32403,1476547255
54:60:09:F4:21:4A,-80,-86,29443,1476547255
A4:77:33:F8:A2:00,-43,-61,30562,1476547255
E6:71:85:62:06:38,-60,-65,65323,1476547315
E6:71:85:62:06:70,-66,-68,65567,1476547315
54:60:09:2B:81:08,-69,-77,32463,1476547315
54:60:09:F4:21:4A,-72,-78,29503,1476547315
A4:77:33:F8:A2:00,-43,-61,30622,1476547315
E6:71:85:62:06:38,-60,-65,65383,1476547375
E6:71:85:62:06:70,-66,-69,65627,1476547375
54:60:09:2B:81:08,-71,-78,32523,1476547375
54:60:09:F4:21:4A,-71,-77,29563,1476547375
A4:77:33:F8:A2:00,-43,-61,30682,1476547375
E6:71:85:62:06:38,-61,-66,65443,1476547436
E6:71:85:62:06:70,-66,-68,65687,1476547436
54:60:09:2B:81:08,-72,-79,32583,1476547436
54:60:09:F4:21:4A,-71,-76,29623,1476547436
A4:77:33:F8:A2:00,-44,-61,30742,1476547436
E6:71:85:62:06:38,-60,-65,65503,1476547496
E6:71:85:62:06:70,-68,-70,65747,1476547496
54:60:09:2B:81:08,-70,-77,32643,1476547496
54:60:09:F4:21:4A,-80,-86,29683,1476547496
A4:77:33:F8:A2:00,-43,-61,30802,1476547496
