Client_MAC,Rssi0,Rssi1,Connection_Time,EpocTime
E6:71:85:62:06:38,-61,-64,10912,1476492905
E6:71:85:62:06:70,-62,-66,11156,1476492905
AC:CF:85:28:94:E2,-72,-77,5288,1476492905
54:60:09:2B:81:08,-69,-77,15605,1476492905
54:60:09:F4:21:4A,-71,-71,15604,1476492905
A4:77:33:F8:A2:00,-41,-57,15601,1476492905
E6:71:85:62:06:38,-61,-64,10972,1476492965
E6:71:85:62:06:70,-62,-66,11216,1476492965
AC:CF:85:28:94:E2,-72,-76,5348,1476492965
54:60:09:2B:81:08,-69,-77,15665,1476492965
54:60:09:F4:21:4A,-77,-79,15664,1476492965
A4:77:33:F8:A2:00,-41,-57,15661,1476492965
E6:71:85:62:06:38,-57,-60,11032,1476493025
E6:71:85:62:06:70,-62,-66,11276,1476493025
AC:CF:85:28:94:E2,-71,-75,5408,1476493025
54:60:09:2B:81:08,-67,-77,15725,1476493025
54:60:09:F4:21:4A,-74,-74,15724,1476493025
A4:77:33:F8:A2:00,-41,-57,15721,1476493025
E6:71:85:62:06:38,-62,-64,11092,1476493085
E6:71:85:62:06:70,-63,-67,11336,1476493085
AC:CF:85:28:94:E2,-71,-75,5468,1476493085
54:60:09:2B:81:08,-69,-77,15785,1476493085
54:60:09:F4:21:4A,-78,-80,15784,1476493085
A4:77:33:F8:A2:00,-41,-57,15781,1476493085
E6:71:85:62:06:38,-58,-60,11152,1476493145
E6:71:85:62:06:70,-63,-67,11396,1476493145
AC:CF:85:28:94:E2,-71,-75,5528,1476493145
54:60:09:2B:81:08,-68,-77,15845,1476493145
54:60:09:F4:21:4A,-76,-76,15844,1476493145
A4:77:33:F8:A2:00,-41,-57,15841,1476493145
E6:71:85:62:06:38,-63,-65,11215,1476493208
E6:71:85:62:06:70,-64,-67,11459,1476493208
AC:CF:85:28:94:E2,-70,-73,5591,1476493208
54:60:09:2B:81:08,-67,-76,15908,1476493208
54:60:09:F4:21:4A,-72,-73,15907,1476493208
A4:77:33:F8:A2:00,-41,-58,15904,1476493208
E6:71:85:62:06:38,-57,-60,11275,1476493268
E6:71:85:62:06:70,-62,-66,11519,1476493268
AC:CF:85:28:94:E2,-74,-77,5651,1476493268
54:60:09:2B:81:08,-69,-77,15968,1476493268
54:60:09:F4:21:4A,-73,-74,15967,1476493268
A4:77:33:F8:A2:00,-41,-57,15964,1476493268
E6:71:85:62:06:38,-61,-64,11335,1476493328
E6:71:85:62:06:70,-62,-66,11579,1476493328
AC:CF:85:28:94:E2,-74,-77,5711,1476493328
54:60:09:2B:81:08,-67,-76,16028,1476493328
54:60:09:F4:21:4A,-71,-71,16027,1476493328
A4:77:33:F8:A2:00,-41,-57,16024,1476493328
E6:71:85:62:06:38,-60,-63,11395,1476493388
E6:71:85:62:06:70,-62,-67,11639,1476493388
AC:CF:85:28:94:E2,-74,-78,5771,1476493388
54:60:09:2B:81:08,-68,-76,16088,1476493388
54:60:09:F4:21:4A,-69,-69,16087,1476493388
A4:77:33:F8:A2:00,-41,-57,16084,1476493388
E6:71:85:62:06:38,-62,-64,11455,1476493448
E6:71:85:62:06:70,-62,-66,11699,1476493448
AC:CF:85:28:94:E2,-71,-75,5831,1476493448
54:60:09:2B:81:08,-68,-77,16148,1476493448
54:60:09:F4:21:4A,-70,-70,16147,1476493448
A4:77:33:F8:A2:00,-40,-57,16144,1476493448
E6:71:85:62:06:38,-61,-64,11515,1476493508
E6:71:85:62:06:70,-63,-67,11759,1476493508
AC:CF:85:28:94:E2,-71,-75,5891,1476493508
54:60:09:2B:81:08,-68,-77,16208,1476493508
54:60:09:F4:21:4A,-71,-72,16207,1476493508
A4:77:33:F8:A2:00,-40,-57,16204,1476493508
E6:71:85:62:06:38,-62,-65,11575,1476493568
E6:71:85:62:06:70,-62,-66,11819,1476493568
AC:CF:85:28:94:E2,-71,-74,5951,1476493568
54:60:09:2B:81:08,-67,-76,16268,1476493568
54:60:09:F4:21:4A,-69,-69,16267,1476493568
A4:77:33:F8:A2:00,-40,-57,16264,1476493568
E6:71:85:62:06:38,-61,-64,11635,1476493628
E6:71:85:62:06:70,-60,-65,11879,1476493628
AC:CF:85:28:94:E2,-75,-78,6011,1476493628
54:60:09:2B:81:08,-67,-76,16328,1476493628
54:60:09:F4:21:4A,-71,-71,16327,1476493628
A4:77:33:F8:A2:00,-41,-57,16324,1476493628
E6:71:85:62:06:38,-62,-64,11695,1476493688
E6:71:85:62:06:70,-61,-65,11939,1476493688
AC:CF:85:28:94:E2,-74,-78,6071,1476493688
54:60:09:2B:81:08,-67,-77,16388,1476493688
54:60:09:F4:21:4A,-72,-72,16387,1476493688
A4:77:33:F8:A2:00,-40,-57,16384,1476493688
E6:71:85:62:06:38,-58,-61,11758,1476493751
E6:71:85:62:06:70,-61,-65,12002,1476493751
AC:CF:85:28:94:E2,-74,-77,6134,1476493751
54:60:09:2B:81:08,-68,-77,16451,1476493751
54:60:09:F4:21:4A,-68,-68,16450,1476493751
A4:77:33:F8:A2:00,-40,-57,16447,1476493751
E6:71:85:62:06:38,-61,-64,11818,1476493811
E6:71:85:62:06:70,-64,-68,12062,1476493811
AC:CF:85:28:94:E2,-72,-76,6194,1476493811
54:60:09:2B:81:08,-65,-75,16511,1476493811
54:60:09:F4:21:4A,-71,-71,16510,1476493811
A4:77:33:F8:A2:00,-41,-57,16507,1476493811
E6:71:85:62:06:38,-62,-64,11878,1476493871
E6:71:85:62:06:70,-63,-67,12122,1476493871
AC:CF:85:28:94:E2,-72,-76,6254,1476493871
54:60:09:2B:81:08,-67,-77,16571,1476493871
54:60:09:F4:21:4A,-77,-78,16570,1476493871
A4:77:33:F8:A2:00,-40,-57,16567,1476493871
E6:71:85:62:06:38,-62,-64,11938,1476493931
E6:71:85:62:06:70,-61,-65,12182,1476493931
AC:CF:85:28:94:E2,-72,-75,6314,1476493931
54:60:09:2B:81:08,-67,-77,16631,1476493931
54:60:09:F4:21:4A,-74,-75,16630,1476493931
A4:77:33:F8:A2:00,-41,-57,16627,1476493931
E6:71:85:62:06:38,-61,-63,11998,1476493991
E6:71:85:62:06:70,-63,-67,12242,1476493991
AC:CF:85:28:94:E2,-72,-77,6374,1476493991
54:60:09:2B:81:08,-69,-78,16691,1476493991
54:60:09:F4:21:4A,-80,-81,16690,1476493991
A4:77:33:F8:A2:00,-41,-57,16687,1476493991
E6:71:85:62:06:38,-58,-61,12101,1476494094
E6:71:85:62:06:70,-63,-67,12345,1476494094
AC:CF:85:28:94:E2,-71,-75,6477,1476494094
54:60:09:2B:81:08,-66,-75,16794,1476494094
54:60:09:F4:21:4A,-78,-79,16793,1476494094
A4:77:33:F8:A2:00,-40,-57,16790,1476494094
E6:71:85:62:06:38,-61,-63,12161,1476494154
E6:71:85:62:06:70,-62,-66,12405,1476494154
AC:CF:85:28:94:E2,-71,-75,6537,1476494154
54:60:09:2B:81:08,-67,-76,16854,1476494154
54:60:09:F4:21:4A,-71,-70,16853,1476494154
A4:77:33:F8:A2:00,-41,-57,16850,1476494154
E6:71:85:62:06:38,-61,-63,12221,1476494214
E6:71:85:62:06:70,-63,-68,12465,1476494214
AC:CF:85:28:94:E2,-72,-75,6597,1476494214
54:60:09:2B:81:08,-68,-76,16914,1476494214
54:60:09:F4:21:4A,-73,-73,16913,1476494214
A4:77:33:F8:A2:00,-41,-57,16910,1476494214
E6:71:85:62:06:38,-62,-64,12281,1476494274
E6:71:85:62:06:70,-62,-66,12525,1476494274
AC:CF:85:28:94:E2,-73,-76,6657,1476494274
54:60:09:2B:81:08,-67,-76,16974,1476494274
54:60:09:F4:21:4A,-79,-81,16973,1476494274
A4:77:33:F8:A2:00,-40,-57,16970,1476494274
E6:71:85:62:06:38,-62,-65,12341,1476494334
E6:71:85:62:06:70,-64,-67,12585,1476494334
AC:CF:85:28:94:E2,-73,-77,6717,1476494334
54:60:09:2B:81:08,-67,-75,17034,1476494334
54:60:09:F4:21:4A,-70,-71,17033,1476494334
A4:77:33:F8:A2:00,-41,-57,17030,1476494334
E6:71:85:62:06:38,-62,-64,12404,1476494397
E6:71:85:62:06:70,-61,-65,12648,1476494397
AC:CF:85:28:94:E2,-73,-76,6780,1476494397
54:60:09:2B:81:08,-68,-77,17097,1476494397
54:60:09:F4:21:4A,-70,-70,17096,1476494397
A4:77:33:F8:A2:00,-41,-57,17093,1476494397
E6:71:85:62:06:38,-62,-65,12464,1476494457
E6:71:85:62:06:70,-61,-65,12708,1476494457
AC:CF:85:28:94:E2,-73,-76,6840,1476494457
54:60:09:2B:81:08,-68,-77,17157,1476494457
54:60:09:F4:21:4A,-70,-70,17156,1476494457
A4:77:33:F8:A2:00,-41,-58,17153,1476494457
E6:71:85:62:06:38,-63,-66,12524,1476494517
E6:71:85:62:06:70,-63,-67,12768,1476494517
AC:CF:85:28:94:E2,-72,-76,6900,1476494517
54:60:09:2B:81:08,-67,-76,17217,1476494517
54:60:09:F4:21:4A,-73,-74,17216,1476494517
A4:77:33:F8:A2:00,-40,-58,17213,1476494517
E6:71:85:62:06:38,-62,-64,12584,1476494577
E6:71:85:62:06:70,-64,-68,12828,1476494577
AC:CF:85:28:94:E2,-71,-75,6960,1476494577
54:60:09:2B:81:08,-67,-77,17277,1476494577
54:60:09:F4:21:4A,-70,-70,17276,1476494577
A4:77:33:F8:A2:00,-40,-57,17273,1476494577
E6:71:85:62:06:38,-62,-64,12644,1476494637
E6:71:85:62:06:70,-63,-67,12888,1476494637
AC:CF:85:28:94:E2,-72,-75,7020,1476494637
54:60:09:2B:81:08,-68,-77,17337,1476494637
54:60:09:F4:21:4A,-69,-69,17336,1476494637
A4:77:33:F8:A2:00,-40,-57,17333,1476494637
E6:71:85:62:06:38,-62,-65,12707,1476494700
E6:71:85:62:06:70,-61,-65,12951,1476494700
AC:CF:85:28:94:E2,-74,-77,7083,1476494700
54:60:09:2B:81:08,-68,-77,17400,1476494700
54:60:09:F4:21:4A,-72,-72,17399,1476494700
A4:77:33:F8:A2:00,-41,-57,17396,1476494700
E6:71:85:62:06:38,-61,-63,12767,1476494760
E6:71:85:62:06:70,-61,-65,13011,1476494760
AC:CF:85:28:94:E2,-74,-77,7143,1476494760
54:60:09:2B:81:08,-67,-76,17460,1476494760
54:60:09:F4:21:4A,-69,-69,17459,1476494760
A4:77:33:F8:A2:00,-40,-57,17456,1476494760
E6:71:85:62:06:38,-61,-63,12827,1476494820
E6:71:85:62:06:70,-62,-66,13071,1476494820
AC:CF:85:28:94:E2,-74,-77,7203,1476494820
54:60:09:2B:81:08,-65,-75,17520,1476494820
54:60:09:F4:21:4A,-70,-70,17519,1476494820
A4:77:33:F8:A2:00,-40,-57,17516,1476494820
E6:71:85:62:06:38,-62,-64,12887,1476494880
E6:71:85:62:06:70,-63,-67,13131,1476494880
AC:CF:85:28:94:E2,-74,-77,7263,1476494880
54:60:09:2B:81:08,-67,-77,17580,1476494880
54:60:09:F4:21:4A,-69,-69,17579,1476494880
A4:77:33:F8:A2:00,-40,-57,17576,1476494880
E6:71:85:62:06:38,-61,-64,12947,1476494940
E6:71:85:62:06:70,-61,-65,13191,1476494940
AC:CF:85:28:94:E2,-72,-76,7323,1476494940
54:60:09:2B:81:08,-67,-77,17640,1476494940
54:60:09:F4:21:4A,-76,-78,17639,1476494940
A4:77:33:F8:A2:00,-40,-57,17636,1476494940
E6:71:85:62:06:38,-61,-63,13010,1476495003
E6:71:85:62:06:70,-63,-67,13254,1476495003
AC:CF:85:28:94:E2,-72,-75,7386,1476495003
54:60:09:2B:81:08,-67,-76,17703,1476495003
54:60:09:F4:21:4A,-75,-76,17702,1476495003
A4:77:33:F8:A2:00,-41,-58,17699,1476495003
E6:71:85:62:06:38,-63,-65,13070,1476495063
E6:71:85:62:06:70,-60,-64,13314,1476495063
AC:CF:85:28:94:E2,-74,-77,7446,1476495063
54:60:09:2B:81:08,-72,-77,17763,1476495063
54:60:09:F4:21:4A,-76,-78,17762,1476495063
A4:77:33:F8:A2:00,-40,-57,17759,1476495063
E6:71:85:62:06:38,-58,-61,13130,1476495123
E6:71:85:62:06:70,-63,-67,13374,1476495123
AC:CF:85:28:94:E2,-73,-77,7506,1476495123
54:60:09:2B:81:08,-69,-77,17823,1476495123
54:60:09:F4:21:4A,-74,-75,17822,1476495123
A4:77:33:F8:A2:00,-40,-57,17819,1476495123
E6:71:85:62:06:38,-62,-64,13190,1476495183
E6:71:85:62:06:70,-61,-65,13434,1476495183
AC:CF:85:28:94:E2,-73,-77,7566,1476495183
54:60:09:2B:81:08,-72,-77,17883,1476495183
54:60:09:F4:21:4A,-79,-81,17882,1476495183
A4:77:33:F8:A2:00,-40,-57,17879,1476495183
E6:71:85:62:06:38,-58,-60,13250,1476495243
E6:71:85:62:06:70,-60,-65,13494,1476495243
AC:CF:85:28:94:E2,-73,-77,7626,1476495243
54:60:09:2B:81:08,-70,-77,17943,1476495243
54:60:09:F4:21:4A,-76,-77,17942,1476495243
A4:77:33:F8:A2:00,-40,-57,17939,1476495243
E6:71:85:62:06:38,-60,-63,13310,1476495303
E6:71:85:62:06:70,-61,-66,13554,1476495303
AC:CF:85:28:94:E2,-73,-76,7686,1476495303
54:60:09:2B:81:08,-72,-77,18003,1476495303
54:60:09:F4:21:4A,-74,-75,18002,1476495303
A4:77:33:F8:A2:00,-40,-57,17999,1476495303
E6:71:85:62:06:38,-62,-64,13370,1476495363
E6:71:85:62:06:70,-61,-65,13614,1476495363
AC:CF:85:28:94:E2,-73,-77,7746,1476495363
54:60:09:2B:81:08,-66,-76,18063,1476495363
54:60:09:F4:21:4A,-80,-81,18062,1476495363
A4:77:33:F8:A2:00,-41,-57,18059,1476495363
E6:71:85:62:06:38,-58,-61,13430,1476495423
E6:71:85:62:06:70,-60,-64,13674,1476495423
AC:CF:85:28:94:E2,-74,-78,7806,1476495423
54:60:09:2B:81:08,-72,-77,18123,1476495423
54:60:09:F4:21:4A,-73,-74,18122,1476495423
A4:77:33:F8:A2:00,-40,-57,18119,1476495423
E6:71:85:62:06:38,-63,-65,13490,1476495483
E6:71:85:62:06:70,-63,-67,13734,1476495483
AC:CF:85:28:94:E2,-74,-77,7866,1476495483
54:60:09:2B:81:08,-66,-75,18183,1476495483
54:60:09:F4:21:4A,-79,-80,18182,1476495483
A4:77:33:F8:A2:00,-41,-57,18179,1476495483
