Client_MAC,Rssi0,Rssi1,Connection_Time,EpocTime
E6:71:85:62:06:38,-62,-66,55201,1476537194
E6:71:85:62:06:70,-62,-68,55445,1476537194
AC:CF:85:28:94:E2,-67,-74,49577,1476537194
54:60:09:2B:81:08,-64,-75,22341,1476537194
54:60:09:F4:21:4A,-80,-83,19381,1476537194
A4:77:33:F8:A2:00,-42,-57,20500,1476537194
E6:71:85:62:06:38,-59,-63,55261,1476537254
E6:71:85:62:06:70,-66,-70,55505,1476537254
AC:CF:85:28:94:E2,-70,-74,49637,1476537254
54:60:09:2B:81:08,-71,-76,22401,1476537254
54:60:09:F4:21:4A,-74,-72,19441,1476537254
A4:77:33:F8:A2:00,-43,-57,20560,1476537254
E6:71:85:62:06:38,-61,-65,55321,1476537314
E6:71:85:62:06:70,-67,-71,55565,1476537314
AC:CF:85:28:94:E2,-55,-66,49697,1476537314
54:60:09:2B:81:08,-63,-74,22461,1476537314
54:60:09:F4:21:4A,-80,-81,19501,1476537314
A4:77:33:F8:A2:00,-42,-56,20620,1476537314
E6:71:85:62:06:38,-60,-63,55381,1476537374
E6:71:85:62:06:70,-66,-70,55625,1476537374
AC:CF:85:28:94:E2,-54,-63,49757,1476537374
54:60:09:2B:81:08,-71,-76,22521,1476537374
54:60:09:F4:21:4A,-73,-71,19561,1476537374
A4:77:33:F8:A2:00,-42,-57,20680,1476537374
E6:71:85:62:06:38,-61,-66,55441,1476537434
E6:71:85:62:06:70,-65,-69,55685,1476537434
AC:CF:85:28:94:E2,-57,-58,49817,1476537434
54:60:09:2B:81:08,-65,-74,22581,1476537434
54:60:09:F4:21:4A,-76,-74,19621,1476537434
A4:77:33:F8:A2:00,-43,-57,20740,1476537434
E6:71:85:62:06:38,-62,-66,55504,1476537497
E6:71:85:62:06:70,-62,-67,55748,1476537497
AC:CF:85:28:94:E2,-62,-62,49880,1476537497
54:60:09:2B:81:08,-70,-76,22644,1476537497
54:60:09:F4:21:4A,-74,-73,19684,1476537497
A4:77:33:F8:A2:00,-42,-57,20803,1476537497
E6:71:85:62:06:38,-58,-62,55564,1476537557
E6:71:85:62:06:70,-66,-68,55808,1476537557
AC:CF:85:28:94:E2,-58,-57,49940,1476537557
54:60:09:2B:81:08,-64,-76,22704,1476537557
54:60:09:F4:21:4A,-79,-80,19744,1476537557
A4:77:33:F8:A2:00,-42,-57,20863,1476537557
E6:71:85:62:06:38,-59,-63,55624,1476537617
E6:71:85:62:06:70,-66,-69,55868,1476537617
AC:CF:85:28:94:E2,-54,-68,50000,1476537617
54:60:09:2B:81:08,-72,-76,22764,1476537617
54:60:09:F4:21:4A,-80,-81,19804,1476537617
A4:77:33:F8:A2:00,-43,-57,20923,1476537617
E6:71:85:62:06:38,-62,-66,55684,1476537677
E6:71:85:62:06:70,-66,-70,55928,1476537677
AC:CF:85:28:94:E2,-54,-63,50060,1476537677
54:60:09:2B:81:08,-65,-77,22824,1476537677
54:60:09:F4:21:4A,-80,-81,19864,1476537677
A4:77:33:F8:A2:00,-43,-57,20983,1476537677
E6:71:85:62:06:38,-62,-66,55744,1476537737
E6:71:85:62:06:70,-64,-70,55988,1476537737
AC:CF:85:28:94:E2,-53,-65,50120,1476537737
54:60:09:2B:81:08,-72,-76,22884,1476537737
54:60:09:F4:21:4A,-80,-83,19924,1476537737
A4:77:33:F8:A2:00,-42,-57,21043,1476537737
E6:71:85:62:06:38,-62,-66,55807,1476537800
E6:71:85:62:06:70,-62,-66,56051,1476537800
AC:CF:85:28:94:E2,-54,-66,50183,1476537800
54:60:09:2B:81:08,-70,-76,22947,1476537800
54:60:09:F4:21:4A,-81,-82,19987,1476537800
A4:77:33:F8:A2:00,-42,-57,21106,1476537800
E6:71:85:62:06:38,-59,-63,55867,1476537860
E6:71:85:62:06:70,-62,-67,56111,1476537860
AC:CF:85:28:94:E2,-53,-65,50243,1476537860
54:60:09:2B:81:08,-72,-75,23007,1476537860
54:60:09:F4:21:4A,-80,-83,20047,1476537860
A4:77:33:F8:A2:00,-42,-57,21166,1476537860
E6:71:85:62:06:38,-62,-66,55927,1476537920
E6:71:85:62:06:70,-62,-66,56171,1476537920
AC:CF:85:28:94:E2,-53,-64,50303,1476537920
54:60:09:2B:81:08,-67,-75,23067,1476537920
54:60:09:F4:21:4A,-80,-81,20107,1476537920
A4:77:33:F8:A2:00,-43,-57,21226,1476537920
E6:71:85:62:06:38,-60,-65,55987,1476537980
E6:71:85:62:06:70,-65,-67,56231,1476537980
AC:CF:85:28:94:E2,-62,-63,50363,1476537980
54:60:09:2B:81:08,-65,-75,23127,1476537980
54:60:09:F4:21:4A,-81,-82,20167,1476537980
A4:77:33:F8:A2:00,-42,-57,21286,1476537980
E6:71:85:62:06:38,-58,-62,56054,1476538047
E6:71:85:62:06:70,-64,-67,56298,1476538047
AC:CF:85:28:94:E2,-58,-57,50430,1476538047
54:60:09:2B:81:08,-68,-76,23194,1476538047
54:60:09:F4:21:4A,-77,-78,20234,1476538047
A4:77:33:F8:A2:00,-42,-57,21353,1476538047
E6:71:85:62:06:38,-61,-65,56114,1476538107
E6:71:85:62:06:70,-62,-67,56358,1476538107
AC:CF:85:28:94:E2,-57,-58,50490,1476538107
54:60:09:2B:81:08,-68,-75,23254,1476538107
54:60:09:F4:21:4A,-77,-77,20294,1476538107
A4:77:33:F8:A2:00,-42,-57,21413,1476538107
E6:71:85:62:06:38,-61,-65,56174,1476538167
E6:71:85:62:06:70,-64,-66,56418,1476538167
AC:CF:85:28:94:E2,-60,-64,50550,1476538167
54:60:09:2B:81:08,-71,-76,23314,1476538167
54:60:09:F4:21:4A,-81,-82,20354,1476538167
A4:77:33:F8:A2:00,-42,-57,21473,1476538167
E6:71:85:62:06:38,-58,-62,56234,1476538227
E6:71:85:62:06:70,-66,-69,56478,1476538227
AC:CF:85:28:94:E2,-59,-66,50610,1476538227
54:60:09:2B:81:08,-69,-76,23374,1476538227
54:60:09:F4:21:4A,-81,-82,20414,1476538227
A4:77:33:F8:A2:00,-42,-57,21533,1476538227
E6:71:85:62:06:38,-60,-64,56294,1476538287
E6:71:85:62:06:70,-65,-69,56538,1476538287
AC:CF:85:28:94:E2,-61,-68,50670,1476538287
54:60:09:2B:81:08,-69,-76,23434,1476538287
54:60:09:F4:21:4A,-80,-80,20474,1476538287
A4:77:33:F8:A2:00,-42,-57,21593,1476538287
E6:71:85:62:06:38,-62,-66,56357,1476538350
E6:71:85:62:06:70,-63,-67,56601,1476538350
AC:CF:85:28:94:E2,-63,-59,50733,1476538350
54:60:09:2B:81:08,-65,-77,23497,1476538350
54:60:09:F4:21:4A,-81,-81,20537,1476538350
A4:77:33:F8:A2:00,-42,-57,21656,1476538350
E6:71:85:62:06:38,-61,-65,56417,1476538410
E6:71:85:62:06:70,-63,-69,56661,1476538410
AC:CF:85:28:94:E2,-68,-67,50793,1476538410
54:60:09:2B:81:08,-67,-76,23557,1476538410
54:60:09:F4:21:4A,-78,-78,20597,1476538410
A4:77:33:F8:A2:00,-42,-57,21716,1476538410
E6:71:85:62:06:38,-62,-66,56477,1476538470
E6:71:85:62:06:70,-62,-66,56721,1476538470
AC:CF:85:28:94:E2,-61,-60,50853,1476538470
54:60:09:2B:81:08,-68,-75,23617,1476538470
54:60:09:F4:21:4A,-79,-80,20657,1476538470
A4:77:33:F8:A2:00,-42,-57,21776,1476538470
E6:71:85:62:06:38,-62,-66,56537,1476538530
E6:71:85:62:06:70,-65,-71,56781,1476538530
AC:CF:85:28:94:E2,-61,-60,50913,1476538530
54:60:09:2B:81:08,-63,-77,23677,1476538530
54:60:09:F4:21:4A,-80,-81,20717,1476538530
A4:77:33:F8:A2:00,-43,-57,21836,1476538530
E6:71:85:62:06:38,-58,-62,56597,1476538590
E6:71:85:62:06:70,-64,-70,56841,1476538590
AC:CF:85:28:94:E2,-66,-63,50973,1476538590
54:60:09:2B:81:08,-62,-76,23737,1476538590
54:60:09:F4:21:4A,-80,-81,20777,1476538590
A4:77:33:F8:A2:00,-43,-57,21896,1476538590
E6:71:85:62:06:38,-59,-64,56660,1476538653
E6:71:85:62:06:70,-65,-70,56904,1476538653
AC:CF:85:28:94:E2,-61,-66,51036,1476538653
54:60:09:2B:81:08,-65,-77,23800,1476538653
54:60:09:F4:21:4A,-73,-72,20840,1476538653
A4:77:33:F8:A2:00,-43,-57,21959,1476538653
E6:71:85:62:06:38,-59,-64,56720,1476538713
E6:71:85:62:06:70,-65,-70,56964,1476538713
AC:CF:85:28:94:E2,-62,-68,51096,1476538713
54:60:09:2B:81:08,-66,-77,23860,1476538713
54:60:09:F4:21:4A,-77,-77,20900,1476538713
A4:77:33:F8:A2:00,-43,-57,22019,1476538713
E6:71:85:62:06:38,-58,-63,56780,1476538773
E6:71:85:62:06:70,-64,-67,57024,1476538773
AC:CF:85:28:94:E2,-59,-68,51156,1476538773
54:60:09:2B:81:08,-64,-77,23920,1476538773
54:60:09:F4:21:4A,-81,-81,20960,1476538773
A4:77:33:F8:A2:00,-43,-56,22079,1476538773
E6:71:85:62:06:38,-58,-62,56840,1476538833
E6:71:85:62:06:70,-65,-69,57084,1476538833
AC:CF:85:28:94:E2,-60,-68,51216,1476538833
54:60:09:2B:81:08,-65,-78,23980,1476538833
54:60:09:F4:21:4A,-81,-81,21020,1476538833
A4:77:33:F8:A2:00,-42,-57,22139,1476538833
E6:71:85:62:06:38,-62,-66,56900,1476538893
E6:71:85:62:06:70,-65,-70,57144,1476538893
AC:CF:85:28:94:E2,-60,-70,51276,1476538893
54:60:09:2B:81:08,-65,-78,24040,1476538893
54:60:09:F4:21:4A,-74,-73,21080,1476538893
A4:77:33:F8:A2:00,-42,-57,22199,1476538893
E6:71:85:62:06:38,-61,-65,56963,1476538956
E6:71:85:62:06:70,-63,-67,57207,1476538956
AC:CF:85:28:94:E2,-56,-67,51339,1476538956
54:60:09:2B:81:08,-66,-77,24103,1476538956
54:60:09:F4:21:4A,-74,-74,21143,1476538956
A4:77:33:F8:A2:00,-43,-57,22262,1476538956
E6:71:85:62:06:38,-58,-62,57023,1476539016
E6:71:85:62:06:70,-66,-69,57267,1476539016
AC:CF:85:28:94:E2,-55,-67,51399,1476539016
54:60:09:2B:81:08,-72,-77,24163,1476539016
54:60:09:F4:21:4A,-73,-72,21203,1476539016
A4:77:33:F8:A2:00,-42,-57,22322,1476539016
E6:71:85:62:06:38,-62,-67,57083,1476539076
E6:71:85:62:06:70,-64,-69,57327,1476539076
AC:CF:85:28:94:E2,-53,-65,51459,1476539076
54:60:09:2B:81:08,-72,-77,24223,1476539076
54:60:09:F4:21:4A,-73,-72,21263,1476539076
A4:77:33:F8:A2:00,-43,-57,22382,1476539076
E6:71:85:62:06:38,-63,-67,57143,1476539136
E6:71:85:62:06:70,-65,-69,57387,1476539136
AC:CF:85:28:94:E2,-52,-67,51519,1476539136
54:60:09:2B:81:08,-72,-77,24283,1476539136
54:60:09:F4:21:4A,-74,-72,21323,1476539136
A4:77:33:F8:A2:00,-42,-57,22442,1476539136
E6:71:85:62:06:38,-59,-63,57203,1476539196
E6:71:85:62:06:70,-64,-68,57447,1476539196
AC:CF:85:28:94:E2,-52,-67,51579,1476539196
54:60:09:2B:81:08,-70,-77,24343,1476539196
54:60:09:F4:21:4A,-74,-72,21383,1476539196
A4:77:33:F8:A2:00,-43,-57,22502,1476539196
E6:71:85:62:06:38,-63,-67,57266,1476539259
E6:71:85:62:06:70,-63,-68,57510,1476539259
AC:CF:85:28:94:E2,-54,-68,51642,1476539259
54:60:09:2B:81:08,-71,-77,24406,1476539259
54:60:09:F4:21:4A,-73,-71,21446,1476539259
A4:77:33:F8:A2:00,-42,-57,22565,1476539259
E6:71:85:62:06:38,-63,-67,57326,1476539319
E6:71:85:62:06:70,-62,-67,57570,1476539319
AC:CF:85:28:94:E2,-53,-68,51702,1476539319
54:60:09:2B:81:08,-71,-78,24466,1476539319
54:60:09:F4:21:4A,-79,-79,21506,1476539319
A4:77:33:F8:A2:00,-43,-57,22625,1476539319
E6:71:85:62:06:38,-63,-67,57386,1476539379
E6:71:85:62:06:70,-63,-68,57630,1476539379
AC:CF:85:28:94:E2,-53,-68,51762,1476539379
54:60:09:2B:81:08,-72,-77,24526,1476539379
54:60:09:F4:21:4A,-78,-77,21566,1476539379
A4:77:33:F8:A2:00,-42,-57,22685,1476539379
E6:71:85:62:06:38,-64,-68,57446,1476539439
E6:71:85:62:06:70,-63,-68,57690,1476539439
AC:CF:85:28:94:E2,-53,-67,51822,1476539439
54:60:09:2B:81:08,-66,-77,24586,1476539439
54:60:09:F4:21:4A,-80,-82,21626,1476539439
A4:77:33:F8:A2:00,-43,-57,22745,1476539439
E6:71:85:62:06:38,-63,-68,57506,1476539499
E6:71:85:62:06:70,-63,-69,57750,1476539499
AC:CF:85:28:94:E2,-57,-67,51882,1476539499
54:60:09:2B:81:08,-71,-78,24646,1476539499
54:60:09:F4:21:4A,-78,-79,21686,1476539499
A4:77:33:F8:A2:00,-42,-57,22805,1476539499
