Client_MAC,Rssi0,Rssi1,Connection_Time,EpocTime
E6:71:85:62:06:38,-60,-64,41245,1476523238
E6:71:85:62:06:70,-63,-67,41489,1476523238
AC:CF:85:28:94:E2,-62,-71,35621,1476523238
54:60:09:2B:81:08,-69,-78,8385,1476523238
54:60:09:F4:21:4A,-74,-70,5425,1476523238
A4:77:33:F8:A2:00,-40,-57,6544,1476523238
E6:71:85:62:06:38,-60,-64,41305,1476523298
E6:71:85:62:06:70,-63,-67,41549,1476523298
AC:CF:85:28:94:E2,-62,-71,35681,1476523298
54:60:09:2B:81:08,-66,-77,8445,1476523298
54:60:09:F4:21:4A,-74,-71,5485,1476523298
A4:77:33:F8:A2:00,-40,-57,6604,1476523298
E6:71:85:62:06:38,-60,-64,41365,1476523358
E6:71:85:62:06:70,-60,-64,41609,1476523358
AC:CF:85:28:94:E2,-62,-70,35741,1476523358
54:60:09:2B:81:08,-67,-78,8505,1476523358
54:60:09:F4:21:4A,-79,-79,5545,1476523358
A4:77:33:F8:A2:00,-41,-57,6664,1476523358
E6:71:85:62:06:38,-60,-62,41425,1476523418
E6:71:85:62:06:70,-61,-64,41669,1476523418
AC:CF:85:28:94:E2,-63,-72,35801,1476523418
54:60:09:2B:81:08,-68,-77,8565,1476523418
54:60:09:F4:21:4A,-74,-69,5605,1476523418
A4:77:33:F8:A2:00,-41,-57,6724,1476523418
E6:71:85:62:06:38,-56,-59,41485,1476523478
E6:71:85:62:06:70,-62,-66,41729,1476523478
AC:CF:85:28:94:E2,-62,-70,35861,1476523478
54:60:09:2B:81:08,-66,-76,8625,1476523478
54:60:09:F4:21:4A,-76,-71,5665,1476523478
A4:77:33:F8:A2:00,-41,-57,6784,1476523478
E6:71:85:62:06:38,-60,-64,41548,1476523541
E6:71:85:62:06:70,-61,-65,41792,1476523541
AC:CF:85:28:94:E2,-61,-70,35924,1476523541
54:60:09:2B:81:08,-69,-77,8688,1476523541
54:60:09:F4:21:4A,-76,-72,5728,1476523541
A4:77:33:F8:A2:00,-41,-57,6847,1476523541
E6:71:85:62:06:38,-61,-64,41608,1476523601
E6:71:85:62:06:70,-62,-66,41852,1476523601
AC:CF:85:28:94:E2,-61,-70,35984,1476523601
54:60:09:2B:81:08,-67,-77,8748,1476523601
54:60:09:F4:21:4A,-76,-71,5788,1476523601
A4:77:33:F8:A2:00,-40,-56,6907,1476523601
E6:71:85:62:06:38,-60,-63,41668,1476523661
E6:71:85:62:06:70,-61,-64,41912,1476523661
AC:CF:85:28:94:E2,-62,-71,36044,1476523661
54:60:09:2B:81:08,-67,-77,8808,1476523661
54:60:09:F4:21:4A,-78,-75,5848,1476523661
A4:77:33:F8:A2:00,-41,-57,6967,1476523661
E6:71:85:62:06:38,-59,-62,41728,1476523721
E6:71:85:62:06:70,-64,-68,41972,1476523721
AC:CF:85:28:94:E2,-62,-71,36104,1476523721
54:60:09:2B:81:08,-72,-77,8868,1476523721
54:60:09:F4:21:4A,-77,-73,5908,1476523721
A4:77:33:F8:A2:00,-41,-57,7027,1476523721
E6:71:85:62:06:38,-61,-64,41788,1476523781
E6:71:85:62:06:70,-61,-65,42032,1476523781
AC:CF:85:28:94:E2,-63,-72,36164,1476523781
54:60:09:2B:81:08,-69,-77,8928,1476523781
54:60:09:F4:21:4A,-78,-76,5968,1476523781
A4:77:33:F8:A2:00,-41,-57,7087,1476523781
E6:71:85:62:06:38,-57,-61,41848,1476523841
E6:71:85:62:06:70,-63,-67,42092,1476523841
AC:CF:85:28:94:E2,-63,-72,36224,1476523841
54:60:09:2B:81:08,-72,-77,8988,1476523841
54:60:09:F4:21:4A,-80,-80,6028,1476523841
A4:77:33:F8:A2:00,-41,-57,7147,1476523841
E6:71:85:62:06:38,-57,-61,41908,1476523901
E6:71:85:62:06:70,-61,-66,42152,1476523901
AC:CF:85:28:94:E2,-63,-71,36284,1476523901
54:60:09:2B:81:08,-69,-78,9048,1476523901
54:60:09:F4:21:4A,-77,-74,6088,1476523901
A4:77:33:F8:A2:00,-41,-57,7207,1476523901
E6:71:85:62:06:38,-61,-64,41968,1476523961
E6:71:85:62:06:70,-61,-65,42212,1476523961
AC:CF:85:28:94:E2,-63,-71,36344,1476523961
54:60:09:2B:81:08,-73,-78,9108,1476523961
54:60:09:F4:21:4A,-77,-73,6148,1476523961
A4:77:33:F8:A2:00,-41,-57,7267,1476523961
E6:71:85:62:06:38,-60,-63,42028,1476524021
E6:71:85:62:06:70,-63,-68,42272,1476524021
AC:CF:85:28:94:E2,-63,-71,36404,1476524021
54:60:09:2B:81:08,-69,-77,9168,1476524021
54:60:09:F4:21:4A,-77,-73,6208,1476524021
A4:77:33:F8:A2:00,-41,-57,7327,1476524021
E6:71:85:62:06:38,-57,-61,42091,1476524084
E6:71:85:62:06:70,-63,-67,42335,1476524084
AC:CF:85:28:94:E2,-61,-70,36467,1476524084
54:60:09:2B:81:08,-72,-77,9231,1476524084
54:60:09:F4:21:4A,-78,-77,6271,1476524084
A4:77:33:F8:A2:00,-41,-57,7390,1476524084
E6:71:85:62:06:38,-58,-62,42151,1476524144
E6:71:85:62:06:70,-62,-66,42395,1476524144
AC:CF:85:28:94:E2,-63,-72,36527,1476524144
54:60:09:2B:81:08,-70,-77,9291,1476524144
54:60:09:F4:21:4A,-80,-80,6331,1476524144
A4:77:33:F8:A2:00,-41,-57,7450,1476524144
E6:71:85:62:06:38,-61,-65,42211,1476524204
E6:71:85:62:06:70,-62,-66,42455,1476524204
AC:CF:85:28:94:E2,-62,-71,36587,1476524204
54:60:09:2B:81:08,-72,-77,9351,1476524204
54:60:09:F4:21:4A,-78,-77,6391,1476524204
A4:77:33:F8:A2:00,-41,-57,7510,1476524204
E6:71:85:62:06:38,-61,-64,42271,1476524264
E6:71:85:62:06:70,-61,-65,42515,1476524264
AC:CF:85:28:94:E2,-62,-70,36647,1476524264
54:60:09:2B:81:08,-67,-76,9411,1476524264
54:60:09:F4:21:4A,-78,-75,6451,1476524264
A4:77:33:F8:A2:00,-41,-57,7570,1476524264
E6:71:85:62:06:38,-61,-64,42331,1476524324
E6:71:85:62:06:70,-62,-65,42575,1476524324
AC:CF:85:28:94:E2,-64,-72,36707,1476524324
54:60:09:2B:81:08,-72,-77,9471,1476524324
54:60:09:F4:21:4A,-75,-71,6511,1476524324
A4:77:33:F8:A2:00,-41,-57,7630,1476524324
E6:71:85:62:06:38,-60,-64,42394,1476524387
E6:71:85:62:06:70,-61,-64,42638,1476524387
AC:CF:85:28:94:E2,-63,-71,36770,1476524387
54:60:09:2B:81:08,-69,-77,9534,1476524387
54:60:09:F4:21:4A,-74,-68,6574,1476524387
A4:77:33:F8:A2:00,-41,-57,7693,1476524387
E6:71:85:62:06:38,-60,-64,42454,1476524447
E6:71:85:62:06:70,-64,-68,42698,1476524447
AC:CF:85:28:94:E2,-63,-72,36830,1476524447
54:60:09:2B:81:08,-72,-78,9594,1476524447
54:60:09:F4:21:4A,-76,-71,6634,1476524447
A4:77:33:F8:A2:00,-41,-57,7753,1476524447
E6:71:85:62:06:38,-60,-64,42514,1476524507
E6:71:85:62:06:70,-63,-67,42758,1476524507
AC:CF:85:28:94:E2,-63,-72,36890,1476524507
54:60:09:2B:81:08,-69,-77,9654,1476524507
54:60:09:F4:21:4A,-77,-74,6694,1476524507
A4:77:33:F8:A2:00,-41,-57,7813,1476524507
E6:71:85:62:06:38,-60,-64,42574,1476524567
E6:71:85:62:06:70,-63,-67,42818,1476524567
AC:CF:85:28:94:E2,-63,-72,36950,1476524567
54:60:09:2B:81:08,-72,-77,9714,1476524567
54:60:09:F4:21:4A,-76,-72,6754,1476524567
A4:77:33:F8:A2:00,-41,-57,7873,1476524567
E6:71:85:62:06:38,-59,-62,42634,1476524627
E6:71:85:62:06:70,-64,-68,42878,1476524627
AC:CF:85:28:94:E2,-63,-71,37010,1476524627
54:60:09:2B:81:08,-68,-77,9774,1476524627
54:60:09:F4:21:4A,-77,-72,6814,1476524627
A4:77:33:F8:A2:00,-41,-57,7933,1476524627
E6:71:85:62:06:38,-60,-64,42727,1476524720
E6:71:85:62:06:70,-62,-66,42971,1476524720
AC:CF:85:28:94:E2,-61,-70,37103,1476524720
54:60:09:2B:81:08,-66,-76,9867,1476524720
54:60:09:F4:21:4A,-80,-81,6907,1476524720
A4:77:33:F8:A2:00,-41,-57,8026,1476524720
E6:71:85:62:06:38,-60,-64,42787,1476524780
E6:71:85:62:06:70,-61,-65,43031,1476524780
AC:CF:85:28:94:E2,-61,-70,37163,1476524780
54:60:09:2B:81:08,-72,-77,9927,1476524780
54:60:09:F4:21:4A,-76,-74,6967,1476524780
A4:77:33:F8:A2:00,-41,-57,8086,1476524780
E6:71:85:62:06:38,-56,-60,42847,1476524840
E6:71:85:62:06:70,-63,-67,43091,1476524840
AC:CF:85:28:94:E2,-63,-72,37223,1476524840
54:60:09:2B:81:08,-68,-77,9987,1476524840
54:60:09:F4:21:4A,-80,-81,7027,1476524840
A4:77:33:F8:A2:00,-41,-57,8146,1476524840
E6:71:85:62:06:38,-60,-63,42907,1476524900
E6:71:85:62:06:70,-63,-67,43151,1476524900
AC:CF:85:28:94:E2,-63,-72,37283,1476524900
54:60:09:2B:81:08,-68,-76,10047,1476524900
54:60:09:F4:21:4A,-76,-73,7087,1476524900
A4:77:33:F8:A2:00,-40,-57,8206,1476524900
E6:71:85:62:06:38,-60,-64,42967,1476524960
E6:71:85:62:06:70,-63,-67,43211,1476524960
AC:CF:85:28:94:E2,-61,-70,37343,1476524960
54:60:09:2B:81:08,-68,-77,10107,1476524960
54:60:09:F4:21:4A,-77,-75,7147,1476524960
A4:77:33:F8:A2:00,-41,-57,8266,1476524960
E6:71:85:62:06:38,-59,-64,43030,1476525023
E6:71:85:62:06:70,-60,-64,43274,1476525023
AC:CF:85:28:94:E2,-61,-70,37406,1476525023
54:60:09:2B:81:08,-70,-77,10170,1476525023
54:60:09:F4:21:4A,-79,-80,7210,1476525023
A4:77:33:F8:A2:00,-41,-57,8329,1476525023
E6:71:85:62:06:38,-57,-61,43090,1476525083
E6:71:85:62:06:70,-61,-65,43334,1476525083
AC:CF:85:28:94:E2,-61,-69,37466,1476525083
54:60:09:2B:81:08,-69,-77,10230,1476525083
54:60:09:F4:21:4A,-78,-74,7270,1476525083
A4:77:33:F8:A2:00,-41,-57,8389,1476525083
E6:71:85:62:06:38,-59,-63,43150,1476525143
E6:71:85:62:06:70,-61,-65,43394,1476525143
AC:CF:85:28:94:E2,-61,-69,37526,1476525143
54:60:09:2B:81:08,-68,-76,10290,1476525143
54:60:09:F4:21:4A,-77,-75,7330,1476525143
A4:77:33:F8:A2:00,-41,-57,8449,1476525143
E6:71:85:62:06:38,-59,-62,43210,1476525203
E6:71:85:62:06:70,-63,-67,43454,1476525203
AC:CF:85:28:94:E2,-63,-72,37586,1476525203
54:60:09:2B:81:08,-67,-77,10350,1476525203
54:60:09:F4:21:4A,-76,-71,7390,1476525203
A4:77:33:F8:A2:00,-41,-57,8509,1476525203
E6:71:85:62:06:38,-60,-64,43270,1476525263
E6:71:85:62:06:70,-61,-64,43514,1476525263
AC:CF:85:28:94:E2,-63,-72,37646,1476525263
54:60:09:2B:81:08,-69,-77,10410,1476525263
54:60:09:F4:21:4A,-77,-75,7450,1476525263
A4:77:33:F8:A2:00,-41,-57,8569,1476525263
E6:71:85:62:06:38,-60,-63,43333,1476525326
E6:71:85:62:06:70,-64,-68,43577,1476525326
AC:CF:85:28:94:E2,-63,-72,37709,1476525326
54:60:09:2B:81:08,-66,-75,10473,1476525326
54:60:09:F4:21:4A,-80,-81,7513,1476525326
A4:77:33:F8:A2:00,-40,-57,8632,1476525326
E6:71:85:62:06:38,-61,-64,43393,1476525386
E6:71:85:62:06:70,-63,-67,43637,1476525386
AC:CF:85:28:94:E2,-63,-72,37769,1476525386
54:60:09:2B:81:08,-68,-77,10533,1476525386
54:60:09:F4:21:4A,-75,-70,7573,1476525386
A4:77:33:F8:A2:00,-41,-57,8692,1476525386
E6:71:85:62:06:38,-57,-60,43453,1476525446
E6:71:85:62:06:70,-61,-65,43697,1476525446
AC:CF:85:28:94:E2,-63,-71,37829,1476525446
54:60:09:2B:81:08,-67,-76,10593,1476525446
54:60:09:F4:21:4A,-77,-74,7633,1476525446
A4:77:33:F8:A2:00,-41,-57,8752,1476525446
E6:71:85:62:06:38,-61,-64,43513,1476525506
E6:71:85:62:06:70,-61,-65,43757,1476525506
AC:CF:85:28:94:E2,-63,-72,37889,1476525506
54:60:09:2B:81:08,-67,-76,10653,1476525506
54:60:09:F4:21:4A,-76,-71,7693,1476525506
A4:77:33:F8:A2:00,-41,-57,8812,1476525506
E6:71:85:62:06:38,-57,-61,43573,1476525566
E6:71:85:62:06:70,-64,-68,43817,1476525566
AC:CF:85:28:94:E2,-63,-72,37949,1476525566
54:60:09:2B:81:08,-65,-75,10713,1476525566
54:60:09:F4:21:4A,-76,-71,7753,1476525566
A4:77:33:F8:A2:00,-41,-57,8872,1476525566
E6:71:85:62:06:38,-57,-60,43633,1476525626
E6:71:85:62:06:70,-61,-65,43877,1476525626
AC:CF:85:28:94:E2,-63,-72,38009,1476525626
54:60:09:2B:81:08,-69,-77,10773,1476525626
54:60:09:F4:21:4A,-74,-69,7813,1476525626
A4:77:33:F8:A2:00,-41,-57,8932,1476525626
E6:71:85:62:06:38,-56,-60,43693,1476525686
E6:71:85:62:06:70,-63,-67,43937,1476525686
AC:CF:85:28:94:E2,-63,-72,38069,1476525686
54:60:09:2B:81:08,-66,-75,10833,1476525686
54:60:09:F4:21:4A,-74,-69,7873,1476525686
A4:77:33:F8:A2:00,-41,-57,8992,1476525686
E6:71:85:62:06:38,-60,-63,43753,1476525746
E6:71:85:62:06:70,-63,-67,43997,1476525746
AC:CF:85:28:94:E2,-63,-72,38129,1476525746
54:60:09:2B:81:08,-67,-77,10893,1476525746
54:60:09:F4:21:4A,-76,-70,7933,1476525746
A4:77:33:F8:A2:00,-41,-57,9052,1476525746
E6:71:85:62:06:38,-57,-61,43813,1476525806
E6:71:85:62:06:70,-63,-67,44057,1476525806
AC:CF:85:28:94:E2,-64,-72,38189,1476525806
54:60:09:2B:81:08,-66,-75,10953,1476525806
54:60:09:F4:21:4A,-75,-70,7993,1476525806
A4:77:33:F8:A2:00,-41,-57,9112,1476525806
