Client_MAC,Rssi0,Rssi1,Connection_Time,EpocTime
E6:71:85:62:06:38,-56,-60,21015,1476503008
E6:71:85:62:06:70,-63,-67,21259,1476503008
AC:CF:85:28:94:E2,-62,-70,15391,1476503008
54:60:09:2B:81:08,-72,-77,25708,1476503008
54:60:09:F4:21:4A,-71,-72,25707,1476503008
A4:77:33:F8:A2:00,-41,-57,25704,1476503008
E6:71:85:62:06:38,-60,-64,21075,1476503068
E6:71:85:62:06:70,-63,-67,21319,1476503068
AC:CF:85:28:94:E2,-63,-71,15451,1476503068
54:60:09:2B:81:08,-69,-77,25768,1476503068
54:60:09:F4:21:4A,-70,-70,25767,1476503068
A4:77:33:F8:A2:00,-41,-57,25764,1476503068
E6:71:85:62:06:38,-60,-64,21135,1476503128
E6:71:85:62:06:70,-61,-64,21379,1476503128
AC:CF:85:28:94:E2,-65,-73,15511,1476503128
54:60:09:2B:81:08,-73,-77,25828,1476503128
54:60:09:F4:21:4A,-73,-74,25827,1476503128
A4:77:33:F8:A2:00,-41,-57,25824,1476503128
E6:71:85:62:06:38,-58,-61,21195,1476503188
E6:71:85:62:06:70,-64,-68,21439,1476503188
AC:CF:85:28:94:E2,-64,-72,15571,1476503188
54:60:09:2B:81:08,-67,-77,25888,1476503188
54:60:09:F4:21:4A,-71,-71,25887,1476503188
A4:77:33:F8:A2:00,-41,-57,25884,1476503188
E6:71:85:62:06:38,-60,-64,21255,1476503248
E6:71:85:62:06:70,-62,-66,21499,1476503248
AC:CF:85:28:94:E2,-62,-71,15631,1476503248
54:60:09:2B:81:08,-67,-77,25948,1476503248
54:60:09:F4:21:4A,-69,-68,25947,1476503248
A4:77:33:F8:A2:00,-41,-57,25944,1476503248
E6:71:85:62:06:38,-60,-64,21318,1476503311
E6:71:85:62:06:70,-63,-67,21562,1476503311
AC:CF:85:28:94:E2,-62,-70,15694,1476503311
54:60:09:2B:81:08,-67,-77,26011,1476503311
54:60:09:F4:21:4A,-71,-70,26010,1476503311
A4:77:33:F8:A2:00,-41,-57,26007,1476503311
E6:71:85:62:06:38,-58,-62,21378,1476503371
E6:71:85:62:06:70,-63,-67,21622,1476503371
AC:CF:85:28:94:E2,-62,-70,15754,1476503371
54:60:09:2B:81:08,-68,-77,26071,1476503371
54:60:09:F4:21:4A,-71,-71,26070,1476503371
A4:77:33:F8:A2:00,-41,-57,26067,1476503371
E6:71:85:62:06:38,-57,-61,21438,1476503431
E6:71:85:62:06:70,-62,-66,21682,1476503431
AC:CF:85:28:94:E2,-64,-72,15814,1476503431
54:60:09:2B:81:08,-70,-77,26131,1476503431
54:60:09:F4:21:4A,-71,-71,26130,1476503431
A4:77:33:F8:A2:00,-41,-57,26127,1476503431
E6:71:85:62:06:38,-57,-60,21498,1476503491
E6:71:85:62:06:70,-62,-68,21742,1476503491
AC:CF:85:28:94:E2,-64,-71,15874,1476503491
54:60:09:2B:81:08,-70,-77,26191,1476503491
54:60:09:F4:21:4A,-77,-78,26190,1476503491
A4:77:33:F8:A2:00,-40,-57,26187,1476503491
E6:71:85:62:06:38,-58,-62,21558,1476503551
E6:71:85:62:06:70,-64,-68,21802,1476503551
AC:CF:85:28:94:E2,-65,-73,15934,1476503551
54:60:09:2B:81:08,-69,-77,26251,1476503551
54:60:09:F4:21:4A,-79,-80,26250,1476503551
A4:77:33:F8:A2:00,-40,-57,26247,1476503551
E6:71:85:62:06:38,-57,-61,21621,1476503615
E6:71:85:62:06:70,-63,-67,21865,1476503615
AC:CF:85:28:94:E2,-64,-72,15997,1476503615
54:60:09:2B:81:08,-69,-77,26314,1476503615
54:60:09:F4:21:4A,-79,-80,26313,1476503615
A4:77:33:F8:A2:00,-40,-57,26310,1476503615
E6:71:85:62:06:38,-58,-62,21681,1476503675
E6:71:85:62:06:70,-61,-64,21925,1476503675
AC:CF:85:28:94:E2,-63,-71,16057,1476503675
54:60:09:2B:81:08,-68,-77,26374,1476503675
54:60:09:F4:21:4A,-74,-75,26373,1476503675
A4:77:33:F8:A2:00,-40,-57,26370,1476503675
E6:71:85:62:06:38,-58,-61,21741,1476503735
E6:71:85:62:06:70,-63,-67,21985,1476503735
AC:CF:85:28:94:E2,-62,-70,16117,1476503735
54:60:09:2B:81:08,-72,-77,26434,1476503735
54:60:09:F4:21:4A,-73,-74,26433,1476503735
A4:77:33:F8:A2:00,-41,-57,26430,1476503735
E6:71:85:62:06:38,-56,-60,21801,1476503795
E6:71:85:62:06:70,-62,-66,22045,1476503795
AC:CF:85:28:94:E2,-64,-72,16177,1476503795
54:60:09:2B:81:08,-71,-77,26494,1476503795
54:60:09:F4:21:4A,-72,-72,26493,1476503795
A4:77:33:F8:A2:00,-40,-57,26490,1476503795
E6:71:85:62:06:38,-60,-64,21861,1476503855
E6:71:85:62:06:70,-61,-65,22105,1476503855
AC:CF:85:28:94:E2,-65,-73,16237,1476503855
54:60:09:2B:81:08,-69,-77,26554,1476503855
54:60:09:F4:21:4A,-79,-80,26553,1476503855
A4:77:33:F8:A2:00,-40,-57,26550,1476503855
E6:71:85:62:06:38,-58,-61,21925,1476503918
E6:71:85:62:06:70,-64,-67,22169,1476503918
AC:CF:85:28:94:E2,-64,-72,16301,1476503918
54:60:09:2B:81:08,-68,-76,26618,1476503918
54:60:09:F4:21:4A,-78,-80,26617,1476503918
A4:77:33:F8:A2:00,-40,-57,26614,1476503918
E6:71:85:62:06:38,-60,-64,21985,1476503978
E6:71:85:62:06:70,-62,-67,22229,1476503978
AC:CF:85:28:94:E2,-65,-73,16361,1476503978
54:60:09:2B:81:08,-68,-76,26678,1476503978
54:60:09:F4:21:4A,-72,-72,26677,1476503978
A4:77:33:F8:A2:00,-40,-57,26674,1476503978
E6:71:85:62:06:38,-61,-65,22045,1476504038
E6:71:85:62:06:70,-63,-67,22289,1476504038
AC:CF:85:28:94:E2,-63,-71,16421,1476504038
54:60:09:2B:81:08,-69,-77,26738,1476504038
54:60:09:F4:21:4A,-77,-78,26737,1476504038
A4:77:33:F8:A2:00,-41,-57,26734,1476504038
E6:71:85:62:06:38,-60,-64,22105,1476504098
E6:71:85:62:06:70,-64,-68,22349,1476504098
AC:CF:85:28:94:E2,-64,-72,16481,1476504098
54:60:09:2B:81:08,-70,-77,26798,1476504098
54:60:09:F4:21:4A,-73,-74,26797,1476504098
A4:77:33:F8:A2:00,-41,-57,26794,1476504098
E6:71:85:62:06:38,-60,-64,22171,1476504164
E6:71:85:62:06:70,-64,-67,22415,1476504164
AC:CF:85:28:94:E2,-62,-70,16547,1476504164
54:60:09:2B:81:08,-67,-76,26864,1476504164
54:60:09:F4:21:4A,-77,-78,26863,1476504164
A4:77:33:F8:A2:00,-41,-57,26860,1476504164
E6:71:85:62:06:38,-58,-62,22231,1476504224
E6:71:85:62:06:70,-62,-66,22475,1476504224
AC:CF:85:28:94:E2,-62,-70,16607,1476504224
54:60:09:2B:81:08,-67,-76,26924,1476504224
54:60:09:F4:21:4A,-74,-74,26923,1476504224
A4:77:33:F8:A2:00,-41,-57,26920,1476504224
E6:71:85:62:06:38,-60,-64,22291,1476504284
E6:71:85:62:06:70,-62,-65,22535,1476504284
AC:CF:85:28:94:E2,-65,-73,16667,1476504284
54:60:09:2B:81:08,-69,-76,26984,1476504284
54:60:09:F4:21:4A,-73,-73,26983,1476504284
A4:77:33:F8:A2:00,-41,-57,26980,1476504284
E6:71:85:62:06:38,-60,-64,22351,1476504344
E6:71:85:62:06:70,-61,-65,22595,1476504344
AC:CF:85:28:94:E2,-65,-73,16727,1476504344
54:60:09:2B:81:08,-67,-76,27044,1476504344
54:60:09:F4:21:4A,-74,-74,27043,1476504344
A4:77:33:F8:A2:00,-41,-57,27040,1476504344
E6:71:85:62:06:38,-59,-63,22411,1476504404
E6:71:85:62:06:70,-63,-67,22655,1476504404
AC:CF:85:28:94:E2,-64,-72,16787,1476504404
54:60:09:2B:81:08,-69,-77,27104,1476504404
54:60:09:F4:21:4A,-72,-71,27103,1476504404
A4:77:33:F8:A2:00,-41,-57,27100,1476504404
E6:71:85:62:06:38,-56,-60,22474,1476504467
E6:71:85:62:06:70,-61,-65,22718,1476504467
AC:CF:85:28:94:E2,-64,-73,16850,1476504467
54:60:09:2B:81:08,-68,-77,27167,1476504467
54:60:09:F4:21:4A,-78,-79,27166,1476504467
A4:77:33:F8:A2:00,-41,-57,27163,1476504467
E6:71:85:62:06:38,-60,-64,22534,1476504527
E6:71:85:62:06:70,-62,-67,22778,1476504527
AC:CF:85:28:94:E2,-63,-72,16910,1476504527
54:60:09:2B:81:08,-67,-77,27227,1476504527
54:60:09:F4:21:4A,-73,-74,27226,1476504527
A4:77:33:F8:A2:00,-41,-57,27223,1476504527
E6:71:85:62:06:38,-56,-60,22594,1476504587
E6:71:85:62:06:70,-61,-64,22838,1476504587
AC:CF:85:28:94:E2,-65,-72,16970,1476504587
54:60:09:2B:81:08,-69,-77,27287,1476504587
54:60:09:F4:21:4A,-72,-72,27286,1476504587
A4:77:33:F8:A2:00,-41,-57,27283,1476504587
E6:71:85:62:06:38,-60,-64,22654,1476504647
E6:71:85:62:06:70,-61,-64,22898,1476504647
AC:CF:85:28:94:E2,-64,-72,17030,1476504647
54:60:09:2B:81:08,-68,-76,27347,1476504647
54:60:09:F4:21:4A,-71,-70,27346,1476504647
A4:77:33:F8:A2:00,-41,-57,27343,1476504647
E6:71:85:62:06:38,-60,-64,22714,1476504707
E6:71:85:62:06:70,-62,-66,22958,1476504707
AC:CF:85:28:94:E2,-64,-72,17090,1476504707
54:60:09:2B:81:08,-67,-78,27407,1476504707
54:60:09:F4:21:4A,-73,-73,27406,1476504707
A4:77:33:F8:A2:00,-41,-57,27403,1476504707
E6:71:85:62:06:38,-60,-64,22777,1476504770
E6:71:85:62:06:70,-62,-66,23021,1476504770
AC:CF:85:28:94:E2,-63,-71,17153,1476504770
54:60:09:2B:81:08,-67,-77,27470,1476504770
54:60:09:F4:21:4A,-78,-78,27469,1476504770
A4:77:33:F8:A2:00,-41,-57,27466,1476504770
E6:71:85:62:06:38,-60,-64,22837,1476504830
E6:71:85:62:06:70,-61,-64,23081,1476504830
AC:CF:85:28:94:E2,-63,-72,17213,1476504830
54:60:09:2B:81:08,-67,-76,27530,1476504830
54:60:09:F4:21:4A,-71,-70,27529,1476504830
A4:77:33:F8:A2:00,-41,-57,27526,1476504830
E6:71:85:62:06:38,-57,-61,22897,1476504890
E6:71:85:62:06:70,-62,-66,23141,1476504890
AC:CF:85:28:94:E2,-63,-71,17273,1476504890
54:60:09:2B:81:08,-67,-77,27590,1476504890
54:60:09:F4:21:4A,-71,-70,27589,1476504890
A4:77:33:F8:A2:00,-41,-57,27586,1476504890
E6:71:85:62:06:38,-60,-64,22957,1476504950
E6:71:85:62:06:70,-63,-66,23201,1476504950
AC:CF:85:28:94:E2,-64,-72,17333,1476504950
54:60:09:2B:81:08,-67,-77,27650,1476504950
54:60:09:F4:21:4A,-71,-70,27649,1476504950
A4:77:33:F8:A2:00,-41,-57,27646,1476504950
E6:71:85:62:06:38,-60,-64,23017,1476505010
E6:71:85:62:06:70,-62,-65,23261,1476505010
AC:CF:85:28:94:E2,-63,-71,17393,1476505010
54:60:09:2B:81:08,-66,-75,27710,1476505010
54:60:09:F4:21:4A,-69,-69,27709,1476505010
A4:77:33:F8:A2:00,-41,-57,27706,1476505010
E6:71:85:62:06:38,-60,-64,23080,1476505073
E6:71:85:62:06:70,-63,-66,23324,1476505073
AC:CF:85:28:94:E2,-62,-70,17456,1476505073
54:60:09:2B:81:08,-67,-77,27773,1476505073
54:60:09:F4:21:4A,-71,-70,27772,1476505073
A4:77:33:F8:A2:00,-41,-57,27769,1476505073
E6:71:85:62:06:38,-59,-63,23140,1476505133
E6:71:85:62:06:70,-62,-65,23384,1476505133
AC:CF:85:28:94:E2,-62,-70,17516,1476505133
54:60:09:2B:81:08,-67,-77,27833,1476505133
54:60:09:F4:21:4A,-69,-69,27832,1476505133
A4:77:33:F8:A2:00,-41,-57,27829,1476505133
E6:71:85:62:06:38,-60,-64,23200,1476505194
E6:71:85:62:06:70,-63,-66,23444,1476505194
AC:CF:85:28:94:E2,-64,-72,17576,1476505194
54:60:09:2B:81:08,-67,-77,27893,1476505194
54:60:09:F4:21:4A,-71,-70,27892,1476505194
A4:77:33:F8:A2:00,-41,-57,27889,1476505194
E6:71:85:62:06:38,-60,-63,23260,1476505253
E6:71:85:62:06:70,-62,-66,23504,1476505253
AC:CF:85:28:94:E2,-64,-72,17636,1476505253
54:60:09:2B:81:08,-70,-77,27953,1476505253
54:60:09:F4:21:4A,-72,-72,27952,1476505253
A4:77:33:F8:A2:00,-41,-57,27949,1476505253
E6:71:85:62:06:38,-60,-64,23320,1476505313
E6:71:85:62:06:70,-62,-65,23564,1476505313
AC:CF:85:28:94:E2,-62,-71,17696,1476505313
54:60:09:2B:81:08,-70,-76,28013,1476505313
54:60:09:F4:21:4A,-78,-80,28012,1476505313
A4:77:33:F8:A2:00,-41,-57,28009,1476505313
