Client_MAC,Rssi0,Rssi1,Connection_Time,EpocTime
E6:71:85:62:06:38,-60,-65,74807,1476556800
E6:71:85:62:06:70,-62,-66,75051,1476556800
54:60:09:2B:81:08,-73,-74,41947,1476556800
54:60:09:F4:21:4A,-77,-79,38987,1476556800
A4:77:33:F8:A2:00,-42,-58,40106,1476556800
E6:71:85:62:06:38,-61,-65,74867,1476556860
E6:71:85:62:06:70,-58,-64,75111,1476556860
54:60:09:2B:81:08,-72,-73,42007,1476556860
54:60:09:F4:21:4A,-77,-78,39047,1476556860
A4:77:33:F8:A2:00,-41,-58,40166,1476556860
E6:71:85:62:06:38,-61,-65,74927,1476556920
E6:71:85:62:06:70,-58,-66,75171,1476556920
54:60:09:2B:81:08,-73,-75,42067,1476556920
54:60:09:F4:21:4A,-78,-78,39107,1476556920
A4:77:33:F8:A2:00,-41,-58,40226,1476556920
E6:71:85:62:06:38,-63,-67,74987,1476556980
E6:71:85:62:06:70,-58,-66,75231,1476556980
54:60:09:2B:81:08,-73,-74,42127,1476556980
54:60:09:F4:21:4A,-78,-78,39167,1476556980
A4:77:33:F8:A2:00,-41,-57,40286,1476556980
E6:71:85:62:06:38,-64,-67,75047,1476557040
E6:71:85:62:06:70,-59,-66,75291,1476557040
54:60:09:2B:81:08,-73,-75,42187,1476557040
54:60:09:F4:21:4A,-77,-78,39227,1476557040
A4:77:33:F8:A2:00,-41,-57,40346,1476557040
E6:71:85:62:06:38,-63,-67,75110,1476557103
E6:71:85:62:06:70,-58,-64,75354,1476557103
54:60:09:2B:81:08,-73,-74,42250,1476557103
54:60:09:F4:21:4A,-78,-78,39290,1476557103
A4:77:33:F8:A2:00,-41,-58,40409,1476557103
E6:71:85:62:06:38,-60,-64,75170,1476557163
E6:71:85:62:06:70,-57,-64,75414,1476557163
54:60:09:2B:81:08,-72,-74,42310,1476557163
54:60:09:F4:21:4A,-78,-78,39350,1476557163
A4:77:33:F8:A2:00,-41,-57,40469,1476557163
E6:71:85:62:06:38,-60,-64,75230,1476557223
E6:71:85:62:06:70,-59,-65,75474,1476557223
54:60:09:2B:81:08,-72,-74,42370,1476557223
54:60:09:F4:21:4A,-72,-72,39410,1476557223
A4:77:33:F8:A2:00,-42,-58,40529,1476557223
E6:71:85:62:06:38,-60,-64,75290,1476557283
E6:71:85:62:06:70,-59,-64,75534,1476557283
54:60:09:2B:81:08,-72,-74,42430,1476557283
54:60:09:F4:21:4A,-78,-78,39470,1476557283
A4:77:33:F8:A2:00,-41,-57,40589,1476557283
E6:71:85:62:06:38,-63,-68,75350,1476557343
E6:71:85:62:06:70,-59,-65,75594,1476557343
54:60:09:2B:81:08,-67,-71,42490,1476557343
54:60:09:F4:21:4A,-78,-78,39530,1476557343
A4:77:33:F8:A2:00,-42,-57,40649,1476557343
E6:71:85:62:06:38,-60,-64,75413,1476557406
E6:71:85:62:06:70,-61,-67,75657,1476557406
54:60:09:2B:81:08,-68,-72,42553,1476557406
54:60:09:F4:21:4A,-76,-80,39593,1476557406
A4:77:33:F8:A2:00,-41,-56,40712,1476557406
E6:71:85:62:06:38,-63,-67,75473,1476557466
E6:71:85:62:06:70,-60,-65,75717,1476557466
54:60:09:2B:81:08,-68,-73,42613,1476557466
54:60:09:F4:21:4A,-76,-79,39653,1476557466
A4:77:33:F8:A2:00,-41,-57,40772,1476557466
E6:71:85:62:06:38,-60,-64,75533,1476557526
E6:71:85:62:06:70,-61,-67,75777,1476557526
54:60:09:2B:81:08,-66,-72,42673,1476557526
54:60:09:F4:21:4A,-75,-76,39713,1476557526
A4:77:33:F8:A2:00,-41,-57,40832,1476557526
E6:71:85:62:06:38,-62,-67,75593,1476557586
E6:71:85:62:06:70,-59,-66,75837,1476557586
54:60:09:2B:81:08,-66,-72,42733,1476557586
54:60:09:F4:21:4A,-74,-74,39773,1476557586
A4:77:33:F8:A2:00,-41,-57,40892,1476557586
E6:71:85:62:06:38,-63,-67,75653,1476557646
E6:71:85:62:06:70,-59,-66,75897,1476557646
54:60:09:2B:81:08,-65,-71,42793,1476557646
54:60:09:F4:21:4A,-73,-71,39833,1476557646
A4:77:33:F8:A2:00,-41,-56,40952,1476557646
E6:71:85:62:06:38,-63,-67,75713,1476557706
E6:71:85:62:06:70,-61,-68,75957,1476557706
54:60:09:2B:81:08,-66,-71,42853,1476557706
54:60:09:F4:21:4A,-76,-79,39893,1476557706
A4:77:33:F8:A2:00,-41,-57,41012,1476557706
E6:71:85:62:06:38,-62,-66,75773,1476557766
E6:71:85:62:06:70,-60,-68,76017,1476557766
54:60:09:2B:81:08,-65,-72,42913,1476557766
54:60:09:F4:21:4A,-76,-79,39953,1476557766
A4:77:33:F8:A2:00,-41,-57,41072,1476557766
E6:71:85:62:06:38,-61,-65,75833,1476557826
E6:71:85:62:06:70,-61,-66,76077,1476557826
54:60:09:2B:81:08,-65,-71,42973,1476557826
54:60:09:F4:21:4A,-72,-71,40013,1476557826
A4:77:33:F8:A2:00,-42,-57,41132,1476557826
E6:71:85:62:06:38,-62,-67,75893,1476557886
E6:71:85:62:06:70,-62,-66,76137,1476557886
54:60:09:2B:81:08,-66,-72,43033,1476557886
54:60:09:F4:21:4A,-73,-73,40073,1476557886
A4:77:33:F8:A2:00,-41,-57,41192,1476557886
E6:71:85:62:06:38,-63,-68,75956,1476557949
E6:71:85:62:06:70,-58,-64,76200,1476557949
54:60:09:2B:81:08,-65,-72,43096,1476557949
54:60:09:F4:21:4A,-64,-70,40136,1476557949
A4:77:33:F8:A2:00,-44,-58,41255,1476557949
E6:71:85:62:06:38,-61,-65,76016,1476558009
E6:71:85:62:06:70,-61,-66,76260,1476558009
54:60:09:2B:81:08,-65,-76,43156,1476558009
54:60:09:F4:21:4A,-68,-70,40196,1476558009
A4:77:33:F8:A2:00,-43,-58,41315,1476558009
E6:71:85:62:06:38,-63,-67,76076,1476558069
E6:71:85:62:06:70,-61,-67,76320,1476558069
54:60:09:2B:81:08,-64,-72,43216,1476558069
54:60:09:F4:21:4A,-68,-70,40256,1476558069
A4:77:33:F8:A2:00,-43,-58,41375,1476558069
E6:71:85:62:06:38,-63,-67,76136,1476558129
E6:71:85:62:06:70,-62,-66,76380,1476558129
54:60:09:2B:81:08,-66,-75,43276,1476558129
54:60:09:F4:21:4A,-73,-70,40316,1476558129
A4:77:33:F8:A2:00,-41,-58,41435,1476558129
E6:71:85:62:06:38,-63,-68,76196,1476558189
E6:71:85:62:06:70,-61,-67,76440,1476558189
54:60:09:2B:81:08,-66,-74,43336,1476558189
54:60:09:F4:21:4A,-67,-71,40376,1476558189
A4:77:33:F8:A2:00,-41,-58,41495,1476558189
E6:71:85:62:06:38,-60,-64,76290,1476558283
E6:71:85:62:06:70,-61,-69,76534,1476558283
54:60:09:2B:81:08,-68,-77,43430,1476558283
54:60:09:F4:21:4A,-73,-71,40470,1476558283
A4:77:33:F8:A2:00,-42,-56,41589,1476558283
E6:71:85:62:06:38,-60,-64,76350,1476558343
E6:71:85:62:06:70,-60,-67,76594,1476558343
54:60:09:2B:81:08,-69,-76,43490,1476558343
54:60:09:F4:21:4A,-76,-79,40530,1476558343
A4:77:33:F8:A2:00,-41,-56,41649,1476558343
E6:71:85:62:06:38,-62,-67,76410,1476558403
E6:71:85:62:06:70,-59,-66,76654,1476558403
54:60:09:2B:81:08,-68,-76,43550,1476558403
54:60:09:F4:21:4A,-75,-71,40590,1476558403
A4:77:33:F8:A2:00,-42,-56,41709,1476558403
E6:71:85:62:06:38,-61,-65,76470,1476558463
E6:71:85:62:06:70,-59,-68,76714,1476558463
54:60:09:2B:81:08,-66,-72,43610,1476558463
54:60:09:F4:21:4A,-74,-72,40650,1476558463
A4:77:33:F8:A2:00,-42,-56,41769,1476558463
E6:71:85:62:06:38,-63,-67,76530,1476558523
E6:71:85:62:06:70,-59,-67,76774,1476558523
54:60:09:2B:81:08,-68,-77,43670,1476558523
54:60:09:F4:21:4A,-75,-72,40710,1476558523
A4:77:33:F8:A2:00,-41,-56,41829,1476558523
E6:71:85:62:06:38,-60,-64,76593,1476558586
E6:71:85:62:06:70,-60,-67,76837,1476558586
54:60:09:2B:81:08,-66,-72,43733,1476558586
54:60:09:F4:21:4A,-74,-70,40773,1476558586
A4:77:33:F8:A2:00,-42,-56,41892,1476558586
E6:71:85:62:06:38,-61,-64,76653,1476558646
E6:71:85:62:06:70,-61,-68,76897,1476558646
54:60:09:2B:81:08,-66,-71,43793,1476558646
54:60:09:F4:21:4A,-77,-78,40833,1476558646
A4:77:33:F8:A2:00,-42,-56,41952,1476558646
E6:71:85:62:06:38,-60,-64,76713,1476558706
E6:71:85:62:06:70,-62,-68,76957,1476558706
54:60:09:2B:81:08,-66,-72,43853,1476558706
54:60:09:F4:21:4A,-75,-72,40893,1476558706
A4:77:33:F8:A2:00,-42,-56,42012,1476558706
E6:71:85:62:06:38,-61,-65,76773,1476558766
E6:71:85:62:06:70,-62,-71,77017,1476558766
54:60:09:2B:81:08,-63,-69,43913,1476558766
54:60:09:F4:21:4A,-74,-70,40953,1476558766
A4:77:33:F8:A2:00,-42,-56,42072,1476558766
E6:71:85:62:06:38,-61,-66,76833,1476558826
E6:71:85:62:06:70,-62,-69,77077,1476558826
54:60:09:2B:81:08,-64,-69,43973,1476558826
54:60:09:F4:21:4A,-73,-69,41013,1476558826
A4:77:33:F8:A2:00,-42,-56,42132,1476558826
E6:71:85:62:06:38,-60,-64,76896,1476558889
E6:71:85:62:06:70,-62,-69,77140,1476558889
54:60:09:2B:81:08,-65,-71,44036,1476558889
54:60:09:F4:21:4A,-73,-68,41076,1476558889
A4:77:33:F8:A2:00,-42,-56,42195,1476558889
E6:71:85:62:06:38,-60,-64,76956,1476558949
E6:71:85:62:06:70,-61,-68,77200,1476558949
54:60:09:2B:81:08,-66,-71,44096,1476558949
54:60:09:F4:21:4A,-72,-67,41136,1476558949
A4:77:33:F8:A2:00,-42,-56,42255,1476558949
E6:71:85:62:06:38,-60,-64,77016,1476559009
E6:71:85:62:06:70,-62,-68,77260,1476559009
54:60:09:2B:81:08,-67,-73,44156,1476559009
54:60:09:F4:21:4A,-74,-70,41196,1476559009
A4:77:33:F8:A2:00,-42,-56,42315,1476559009
E6:71:85:62:06:38,-63,-67,77076,1476559069
E6:71:85:62:06:70,-60,-68,77320,1476559069
54:60:09:2B:81:08,-66,-72,44216,1476559069
54:60:09:F4:21:4A,-75,-70,41256,1476559069
A4:77:33:F8:A2:00,-42,-56,42375,1476559069
E6:71:85:62:06:38,-62,-66,77136,1476559129
E6:71:85:62:06:70,-63,-71,77380,1476559129
54:60:09:2B:81:08,-68,-76,44276,1476559129
54:60:09:F4:21:4A,-74,-69,41316,1476559129
A4:77:33:F8:A2:00,-43,-56,42435,1476559129
E6:71:85:62:06:38,-63,-67,77199,1476559192
E6:71:85:62:06:70,-62,-68,77443,1476559192
54:60:09:2B:81:08,-67,-74,44339,1476559192
54:60:09:F4:21:4A,-73,-68,41379,1476559192
A4:77:33:F8:A2:00,-43,-56,42498,1476559192
E6:71:85:62:06:38,-61,-65,77259,1476559252
E6:71:85:62:06:70,-60,-67,77503,1476559252
54:60:09:2B:81:08,-68,-77,44399,1476559252
54:60:09:F4:21:4A,-75,-74,41439,1476559252
A4:77:33:F8:A2:00,-42,-56,42558,1476559252
E6:71:85:62:06:38,-61,-65,77319,1476559312
E6:71:85:62:06:70,-59,-69,77563,1476559312
54:60:09:2B:81:08,-67,-73,44459,1476559312
54:60:09:F4:21:4A,-75,-73,41499,1476559312
A4:77:33:F8:A2:00,-41,-56,42618,1476559312
E6:71:85:62:06:38,-63,-67,77379,1476559372
E6:71:85:62:06:70,-59,-69,77623,1476559372
54:60:09:2B:81:08,-68,-76,44519,1476559372
54:60:09:F4:21:4A,-76,-78,41559,1476559372
A4:77:33:F8:A2:00,-42,-56,42678,1476559372
E6:71:85:62:06:38,-62,-66,77439,1476559432
E6:71:85:62:06:70,-58,-69,77683,1476559432
54:60:09:2B:81:08,-66,-72,44579,1476559432
54:60:09:F4:21:4A,-75,-72,41619,1476559432
A4:77:33:F8:A2:00,-42,-56,42738,1476559432
E6:71:85:62:06:38,-60,-64,77499,1476559492
E6:71:85:62:06:70,-60,-70,77743,1476559492
54:60:09:2B:81:08,-68,-76,44639,1476559492
54:60:09:F4:21:4A,-76,-73,41679,1476559492
A4:77:33:F8:A2:00,-42,-56,42798,1476559492
E6:71:85:62:06:38,-60,-64,77559,1476559552
E6:71:85:62:06:70,-60,-70,77803,1476559552
54:60:09:2B:81:08,-67,-73,44699,1476559552
54:60:09:F4:21:4A,-76,-78,41739,1476559552
A4:77:33:F8:A2:00,-42,-56,42858,1476559552
E6:71:85:62:06:38,-60,-64,77619,1476559612
E6:71:85:62:06:70,-60,-71,77863,1476559612
54:60:09:2B:81:08,-68,-77,44759,1476559612
54:60:09:F4:21:4A,-76,-72,41799,1476559612
A4:77:33:F8:A2:00,-42,-56,42918,1476559612
E6:71:85:62:06:38,-61,-64,77679,1476559672
E6:71:85:62:06:70,-59,-69,77923,1476559672
54:60:09:2B:81:08,-65,-71,44819,1476559672
54:60:09:F4:21:4A,-75,-74,41859,1476559672
A4:77:33:F8:A2:00,-42,-56,42978,1476559672
