Client_MAC,Rssi0,Rssi1,Connection_Time,EpocTime
E6:71:85:62:06:38,-58,-62,28444,1476510437
E6:71:85:62:06:70,-63,-68,28688,1476510437
AC:CF:85:28:94:E2,-63,-72,22820,1476510437
54:60:09:2B:81:08,-68,-77,33137,1476510437
54:60:09:F4:21:4A,-77,-78,33136,1476510437
A4:77:33:F8:A2:00,-41,-57,33133,1476510437
E6:71:85:62:06:38,-58,-62,28504,1476510497
E6:71:85:62:06:70,-63,-67,28748,1476510497
AC:CF:85:28:94:E2,-64,-72,22880,1476510497
54:60:09:2B:81:08,-67,-76,33197,1476510497
54:60:09:F4:21:4A,-79,-80,33196,1476510497
A4:77:33:F8:A2:00,-41,-57,33193,1476510497
E6:71:85:62:06:38,-59,-63,28564,1476510557
E6:71:85:62:06:70,-62,-66,28808,1476510557
AC:CF:85:28:94:E2,-62,-70,22940,1476510557
54:60:09:2B:81:08,-66,-76,33257,1476510557
54:60:09:F4:21:4A,-73,-74,33256,1476510557
A4:77:33:F8:A2:00,-40,-57,33253,1476510557
E6:71:85:62:06:38,-60,-64,28624,1476510617
E6:71:85:62:06:70,-61,-65,28868,1476510617
AC:CF:85:28:94:E2,-63,-72,23000,1476510617
54:60:09:2B:81:08,-67,-76,33317,1476510617
54:60:09:F4:21:4A,-71,-71,33316,1476510617
A4:77:33:F8:A2:00,-41,-57,33313,1476510617
E6:71:85:62:06:38,-57,-61,28684,1476510677
E6:71:85:62:06:70,-63,-67,28928,1476510677
AC:CF:85:28:94:E2,-63,-71,23060,1476510677
54:60:09:2B:81:08,-66,-76,33377,1476510677
54:60:09:F4:21:4A,-73,-73,33376,1476510677
A4:77:33:F8:A2:00,-41,-57,33373,1476510677
E6:71:85:62:06:38,-61,-65,28747,1476510740
E6:71:85:62:06:70,-63,-67,28991,1476510740
AC:CF:85:28:94:E2,-62,-71,23123,1476510740
54:60:09:2B:81:08,-67,-77,33440,1476510740
54:60:09:F4:21:4A,-79,-80,33439,1476510740
A4:77:33:F8:A2:00,-41,-57,33436,1476510740
E6:71:85:62:06:38,-60,-64,28807,1476510800
E6:71:85:62:06:70,-63,-67,29051,1476510800
AC:CF:85:28:94:E2,-64,-72,23183,1476510800
54:60:09:2B:81:08,-67,-77,33500,1476510800
54:60:09:F4:21:4A,-78,-80,33499,1476510800
A4:77:33:F8:A2:00,-41,-57,33496,1476510800
E6:71:85:62:06:38,-60,-64,28867,1476510860
E6:71:85:62:06:70,-61,-65,29111,1476510860
AC:CF:85:28:94:E2,-63,-71,23243,1476510860
54:60:09:2B:81:08,-68,-77,33560,1476510860
54:60:09:F4:21:4A,-69,-69,33559,1476510860
A4:77:33:F8:A2:00,-40,-57,33556,1476510860
E6:71:85:62:06:38,-60,-64,28927,1476510920
E6:71:85:62:06:70,-63,-67,29171,1476510920
AC:CF:85:28:94:E2,-62,-71,23303,1476510920
54:60:09:2B:81:08,-67,-77,33620,1476510920
54:60:09:F4:21:4A,-73,-73,33619,1476510920
A4:77:33:F8:A2:00,-40,-57,33616,1476510920
E6:71:85:62:06:38,-60,-64,28987,1476510980
E6:71:85:62:06:70,-61,-65,29231,1476510980
AC:CF:85:28:94:E2,-61,-69,23363,1476510980
54:60:09:2B:81:08,-67,-77,33680,1476510980
54:60:09:F4:21:4A,-69,-69,33679,1476510980
A4:77:33:F8:A2:00,-41,-57,33676,1476510980
E6:71:85:62:06:38,-60,-64,29080,1476511073
E6:71:85:62:06:70,-64,-68,29324,1476511073
AC:CF:85:28:94:E2,-63,-72,23456,1476511073
54:60:09:2B:81:08,-72,-77,33773,1476511073
54:60:09:F4:21:4A,-71,-71,33772,1476511073
A4:77:33:F8:A2:00,-41,-57,33769,1476511073
E6:71:85:62:06:38,-59,-63,29140,1476511133
E6:71:85:62:06:70,-62,-66,29384,1476511133
AC:CF:85:28:94:E2,-63,-71,23516,1476511133
54:60:09:2B:81:08,-69,-77,33833,1476511133
54:60:09:F4:21:4A,-77,-78,33832,1476511133
A4:77:33:F8:A2:00,-41,-57,33829,1476511133
E6:71:85:62:06:38,-61,-65,29200,1476511193
E6:71:85:62:06:70,-63,-67,29444,1476511193
AC:CF:85:28:94:E2,-63,-71,23576,1476511193
54:60:09:2B:81:08,-72,-77,33893,1476511193
54:60:09:F4:21:4A,-74,-74,33892,1476511193
A4:77:33:F8:A2:00,-42,-57,33889,1476511193
E6:71:85:62:06:38,-60,-64,29260,1476511253
E6:71:85:62:06:70,-61,-65,29504,1476511253
AC:CF:85:28:94:E2,-62,-70,23636,1476511253
54:60:09:2B:81:08,-68,-77,33953,1476511253
54:60:09:F4:21:4A,-79,-80,33952,1476511253
A4:77:33:F8:A2:00,-41,-57,33949,1476511253
E6:71:85:62:06:38,-60,-64,29320,1476511313
E6:71:85:62:06:70,-61,-65,29564,1476511313
AC:CF:85:28:94:E2,-63,-71,23696,1476511313
54:60:09:2B:81:08,-70,-77,34013,1476511313
54:60:09:F4:21:4A,-72,-72,34012,1476511313
A4:77:33:F8:A2:00,-42,-57,34009,1476511313
E6:71:85:62:06:38,-60,-64,29380,1476511373
E6:71:85:62:06:70,-61,-64,29624,1476511373
AC:CF:85:28:94:E2,-63,-72,23756,1476511373
54:60:09:2B:81:08,-67,-77,34073,1476511373
54:60:09:F4:21:4A,-72,-72,34072,1476511373
A4:77:33:F8:A2:00,-41,-57,34069,1476511373
E6:71:85:62:06:38,-60,-64,29440,1476511433
E6:71:85:62:06:70,-61,-65,29684,1476511433
AC:CF:85:28:94:E2,-63,-72,23816,1476511433
54:60:09:2B:81:08,-72,-77,34133,1476511433
54:60:09:F4:21:4A,-73,-73,34132,1476511433
A4:77:33:F8:A2:00,-41,-57,34129,1476511433
E6:71:85:62:06:38,-60,-64,29500,1476511493
E6:71:85:62:06:70,-61,-66,29744,1476511493
AC:CF:85:28:94:E2,-64,-72,23876,1476511493
54:60:09:2B:81:08,-68,-77,34193,1476511493
54:60:09:F4:21:4A,-72,-72,34192,1476511493
A4:77:33:F8:A2:00,-41,-57,34189,1476511493
E6:71:85:62:06:38,-58,-62,29560,1476511553
E6:71:85:62:06:70,-60,-64,29804,1476511553
AC:CF:85:28:94:E2,-64,-72,23936,1476511553
54:60:09:2B:81:08,-72,-78,34253,1476511553
54:60:09:F4:21:4A,-72,-72,34252,1476511553
A4:77:33:F8:A2:00,-42,-57,34249,1476511553
E6:71:85:62:06:38,-60,-64,29623,1476511616
E6:71:85:62:06:70,-61,-65,29867,1476511616
AC:CF:85:28:94:E2,-62,-70,23999,1476511616
54:60:09:2B:81:08,-67,-76,34316,1476511616
54:60:09:F4:21:4A,-75,-76,34315,1476511616
A4:77:33:F8:A2:00,-41,-57,34312,1476511616
E6:71:85:62:06:38,-56,-60,29683,1476511676
E6:71:85:62:06:70,-61,-65,29927,1476511676
AC:CF:85:28:94:E2,-63,-72,24059,1476511676
54:60:09:2B:81:08,-73,-78,34376,1476511676
54:60:09:F4:21:4A,-71,-70,34375,1476511676
A4:77:33:F8:A2:00,-41,-57,34372,1476511676
E6:71:85:62:06:38,-56,-60,29743,1476511736
E6:71:85:62:06:70,-64,-68,29987,1476511736
AC:CF:85:28:94:E2,-64,-72,24119,1476511736
54:60:09:2B:81:08,-65,-76,34436,1476511736
54:60:09:F4:21:4A,-71,-71,34435,1476511736
A4:77:33:F8:A2:00,-41,-57,34432,1476511736
E6:71:85:62:06:38,-56,-60,29803,1476511796
E6:71:85:62:06:70,-61,-65,30047,1476511796
AC:CF:85:28:94:E2,-63,-72,24179,1476511796
54:60:09:2B:81:08,-67,-77,34496,1476511796
54:60:09:F4:21:4A,-70,-70,34495,1476511796
A4:77:33:F8:A2:00,-41,-57,34492,1476511796
E6:71:85:62:06:38,-60,-64,29863,1476511856
E6:71:85:62:06:70,-63,-67,30107,1476511856
AC:CF:85:28:94:E2,-62,-71,24239,1476511856
54:60:09:2B:81:08,-67,-77,34556,1476511856
54:60:09:F4:21:4A,-72,-71,34555,1476511856
A4:77:33:F8:A2:00,-41,-57,34552,1476511856
E6:71:85:62:06:38,-60,-64,29926,1476511919
E6:71:85:62:06:70,-64,-68,30170,1476511919
AC:CF:85:28:94:E2,-62,-71,24302,1476511919
54:60:09:2B:81:08,-64,-75,34619,1476511919
54:60:09:F4:21:4A,-79,-81,34618,1476511919
A4:77:33:F8:A2:00,-41,-57,34615,1476511919
E6:71:85:62:06:38,-59,-63,29986,1476511979
E6:71:85:62:06:70,-61,-64,30230,1476511979
AC:CF:85:28:94:E2,-63,-72,24362,1476511979
54:60:09:2B:81:08,-68,-77,34679,1476511979
54:60:09:F4:21:4A,-70,-70,34678,1476511979
A4:77:33:F8:A2:00,-41,-57,34675,1476511979
E6:71:85:62:06:38,-57,-61,30046,1476512039
E6:71:85:62:06:70,-63,-67,30290,1476512039
AC:CF:85:28:94:E2,-62,-71,24422,1476512039
54:60:09:2B:81:08,-72,-77,34739,1476512039
54:60:09:F4:21:4A,-71,-70,34738,1476512039
A4:77:33:F8:A2:00,-40,-57,34735,1476512039
E6:71:85:62:06:38,-60,-64,30106,1476512099
E6:71:85:62:06:70,-63,-67,30350,1476512099
AC:CF:85:28:94:E2,-62,-70,24482,1476512099
54:60:09:2B:81:08,-69,-77,34799,1476512099
54:60:09:F4:21:4A,-69,-69,34798,1476512099
A4:77:33:F8:A2:00,-41,-57,34795,1476512099
E6:71:85:62:06:38,-61,-65,30166,1476512159
E6:71:85:62:06:70,-63,-68,30410,1476512159
AC:CF:85:28:94:E2,-63,-72,24542,1476512159
54:60:09:2B:81:08,-72,-78,34859,1476512159
54:60:09:F4:21:4A,-70,-70,34858,1476512159
A4:77:33:F8:A2:00,-41,-57,34855,1476512159
E6:71:85:62:06:38,-60,-64,30229,1476512222
E6:71:85:62:06:70,-63,-67,30473,1476512222
AC:CF:85:28:94:E2,-64,-73,24605,1476512222
54:60:09:2B:81:08,-70,-77,34922,1476512222
54:60:09:F4:21:4A,-71,-71,34921,1476512222
A4:77:33:F8:A2:00,-41,-57,34918,1476512222
E6:71:85:62:06:38,-58,-62,30289,1476512282
E6:71:85:62:06:70,-63,-68,30533,1476512282
AC:CF:85:28:94:E2,-63,-72,24665,1476512282
54:60:09:2B:81:08,-72,-77,34982,1476512282
54:60:09:F4:21:4A,-79,-81,34981,1476512282
A4:77:33:F8:A2:00,-40,-57,34978,1476512282
E6:71:85:62:06:38,-57,-61,30349,1476512342
E6:71:85:62:06:70,-61,-65,30593,1476512342
AC:CF:85:28:94:E2,-63,-72,24725,1476512342
54:60:09:2B:81:08,-69,-77,35042,1476512342
54:60:09:F4:21:4A,-79,-81,35041,1476512342
A4:77:33:F8:A2:00,-40,-57,35038,1476512342
E6:71:85:62:06:38,-60,-64,30409,1476512402
E6:71:85:62:06:70,-61,-65,30653,1476512402
AC:CF:85:28:94:E2,-63,-71,24785,1476512402
54:60:09:2B:81:08,-72,-77,35102,1476512402
54:60:09:F4:21:4A,-75,-75,35101,1476512402
A4:77:33:F8:A2:00,-41,-57,35098,1476512402
E6:71:85:62:06:38,-60,-64,30469,1476512462
E6:71:85:62:06:70,-61,-65,30713,1476512462
AC:CF:85:28:94:E2,-63,-72,24845,1476512462
54:60:09:2B:81:08,-69,-77,35162,1476512462
54:60:09:F4:21:4A,-77,-78,35161,1476512462
A4:77:33:F8:A2:00,-41,-57,35158,1476512462
E6:71:85:62:06:38,-59,-63,30533,1476512526
E6:71:85:62:06:70,-62,-66,30777,1476512526
AC:CF:85:28:94:E2,-62,-71,24909,1476512526
54:60:09:2B:81:08,-72,-77,35226,1476512526
54:60:09:F4:21:4A,-73,-75,35225,1476512526
A4:77:33:F8:A2:00,-41,-57,35222,1476512526
E6:71:85:62:06:38,-60,-64,30593,1476512586
E6:71:85:62:06:70,-62,-66,30837,1476512586
AC:CF:85:28:94:E2,-64,-72,24969,1476512586
54:60:09:2B:81:08,-68,-77,35286,1476512586
54:60:09:F4:21:4A,-79,-80,35285,1476512586
A4:77:33:F8:A2:00,-40,-57,35282,1476512586
E6:71:85:62:06:38,-60,-64,30653,1476512646
E6:71:85:62:06:70,-62,-66,30897,1476512646
AC:CF:85:28:94:E2,-64,-72,25029,1476512646
54:60:09:2B:81:08,-72,-77,35346,1476512646
54:60:09:F4:21:4A,-77,-79,35345,1476512646
A4:77:33:F8:A2:00,-40,-57,35342,1476512646
E6:71:85:62:06:38,-60,-64,30713,1476512706
E6:71:85:62:06:70,-64,-68,30957,1476512706
AC:CF:85:28:94:E2,-63,-71,25089,1476512706
54:60:09:2B:81:08,-68,-77,35406,1476512706
54:60:09:F4:21:4A,-73,-73,35405,1476512706
A4:77:33:F8:A2:00,-40,-57,35402,1476512706
E6:71:85:62:06:38,-56,-60,30773,1476512766
E6:71:85:62:06:70,-62,-65,31017,1476512766
AC:CF:85:28:94:E2,-64,-72,25149,1476512766
54:60:09:2B:81:08,-73,-77,35466,1476512766
54:60:09:F4:21:4A,-79,-81,35465,1476512766
A4:77:33:F8:A2:00,-40,-57,35462,1476512766
