Client_MAC,Rssi0,Rssi1,Connection_Time,EpocTime
E6:71:85:62:06:38,-59,-61,18383,1476500376
E6:71:85:62:06:70,-61,-64,18627,1476500376
AC:CF:85:28:94:E2,-66,-71,12759,1476500376
54:60:09:2B:81:08,-69,-77,23076,1476500376
54:60:09:F4:21:4A,-73,-73,23075,1476500376
A4:77:33:F8:A2:00,-41,-57,23072,1476500376
E6:71:85:62:06:38,-61,-63,18443,1476500435
E6:71:85:62:06:70,-61,-65,18687,1476500435
AC:CF:85:28:94:E2,-65,-70,12819,1476500435
54:60:09:2B:81:08,-72,-78,23136,1476500435
54:60:09:F4:21:4A,-71,-71,23135,1476500435
A4:77:33:F8:A2:00,-42,-57,23132,1476500435
E6:71:85:62:06:38,-62,-64,18503,1476500495
E6:71:85:62:06:70,-63,-67,18747,1476500495
AC:CF:85:28:94:E2,-65,-70,12879,1476500495
54:60:09:2B:81:08,-67,-76,23196,1476500495
54:60:09:F4:21:4A,-71,-71,23195,1476500495
A4:77:33:F8:A2:00,-41,-57,23192,1476500495
E6:71:85:62:06:38,-57,-60,18563,1476500555
E6:71:85:62:06:70,-62,-66,18807,1476500555
AC:CF:85:28:94:E2,-66,-72,12939,1476500555
54:60:09:2B:81:08,-72,-77,23256,1476500555
54:60:09:F4:21:4A,-74,-74,23255,1476500555
A4:77:33:F8:A2:00,-41,-57,23252,1476500555
E6:71:85:62:06:38,-59,-61,18623,1476500615
E6:71:85:62:06:70,-63,-67,18867,1476500615
AC:CF:85:28:94:E2,-77,-75,12999,1476500615
54:60:09:2B:81:08,-66,-76,23316,1476500615
54:60:09:F4:21:4A,-75,-75,23315,1476500615
A4:77:33:F8:A2:00,-41,-57,23312,1476500615
E6:71:85:62:06:38,-62,-64,18683,1476500675
E6:71:85:62:06:70,-63,-67,18927,1476500675
AC:CF:85:28:94:E2,-73,-78,13059,1476500675
54:60:09:2B:81:08,-67,-77,23376,1476500675
54:60:09:F4:21:4A,-71,-71,23375,1476500675
A4:77:33:F8:A2:00,-41,-57,23372,1476500675
E6:71:85:62:06:38,-59,-61,18743,1476500736
E6:71:85:62:06:70,-62,-66,18987,1476500736
AC:CF:85:28:94:E2,-68,-71,13119,1476500736
54:60:09:2B:81:08,-67,-77,23436,1476500736
54:60:09:F4:21:4A,-71,-71,23435,1476500736
A4:77:33:F8:A2:00,-41,-57,23432,1476500736
E6:71:85:62:06:38,-62,-64,18803,1476500796
E6:71:85:62:06:70,-64,-67,19047,1476500796
AC:CF:85:28:94:E2,-71,-79,13179,1476500796
54:60:09:2B:81:08,-67,-76,23496,1476500796
54:60:09:F4:21:4A,-69,-69,23495,1476500796
A4:77:33:F8:A2:00,-41,-57,23492,1476500796
E6:71:85:62:06:38,-62,-64,18863,1476500856
E6:71:85:62:06:70,-60,-64,19107,1476500856
AC:CF:85:28:94:E2,-69,-71,13239,1476500856
54:60:09:2B:81:08,-72,-77,23556,1476500856
54:60:09:F4:21:4A,-76,-77,23555,1476500856
A4:77:33:F8:A2:00,-42,-57,23552,1476500856
E6:71:85:62:06:38,-62,-64,18926,1476500919
E6:71:85:62:06:70,-61,-65,19170,1476500919
AC:CF:85:28:94:E2,-71,-68,13302,1476500919
54:60:09:2B:81:08,-71,-77,23619,1476500919
54:60:09:F4:21:4A,-79,-81,23618,1476500919
A4:77:33:F8:A2:00,-41,-57,23615,1476500919
E6:71:85:62:06:38,-62,-64,18986,1476500979
E6:71:85:62:06:70,-62,-66,19230,1476500979
AC:CF:85:28:94:E2,-67,-72,13362,1476500979
54:60:09:2B:81:08,-72,-77,23679,1476500979
54:60:09:F4:21:4A,-76,-78,23678,1476500979
A4:77:33:F8:A2:00,-41,-57,23675,1476500979
E6:71:85:62:06:38,-62,-64,19046,1476501039
E6:71:85:62:06:70,-61,-65,19290,1476501039
AC:CF:85:28:94:E2,-71,-75,13422,1476501039
54:60:09:2B:81:08,-69,-77,23739,1476501039
54:60:09:F4:21:4A,-74,-75,23738,1476501039
A4:77:33:F8:A2:00,-41,-57,23735,1476501039
E6:71:85:62:06:38,-61,-63,19106,1476501099
E6:71:85:62:06:70,-64,-68,19350,1476501099
AC:CF:85:28:94:E2,-69,-72,13482,1476501099
54:60:09:2B:81:08,-71,-77,23799,1476501099
54:60:09:F4:21:4A,-78,-80,23798,1476501099
A4:77:33:F8:A2:00,-41,-57,23795,1476501099
E6:71:85:62:06:38,-61,-64,19166,1476501159
E6:71:85:62:06:70,-61,-65,19410,1476501159
AC:CF:85:28:94:E2,-69,-71,13542,1476501159
54:60:09:2B:81:08,-69,-76,23859,1476501159
54:60:09:F4:21:4A,-74,-75,23858,1476501159
A4:77:33:F8:A2:00,-41,-57,23855,1476501159
E6:71:85:62:06:38,-62,-64,19259,1476501252
E6:71:85:62:06:70,-61,-64,19503,1476501252
AC:CF:85:28:94:E2,-74,-75,13635,1476501252
54:60:09:2B:81:08,-65,-75,23952,1476501252
54:60:09:F4:21:4A,-70,-70,23951,1476501252
A4:77:33:F8:A2:00,-41,-57,23948,1476501252
E6:71:85:62:06:38,-61,-64,19319,1476501312
E6:71:85:62:06:70,-61,-64,19563,1476501312
AC:CF:85:28:94:E2,-77,-78,13695,1476501312
54:60:09:2B:81:08,-69,-77,24012,1476501312
54:60:09:F4:21:4A,-72,-72,24011,1476501312
A4:77:33:F8:A2:00,-41,-57,24008,1476501312
E6:71:85:62:06:38,-59,-62,19379,1476501372
E6:71:85:62:06:70,-61,-65,19623,1476501372
AC:CF:85:28:94:E2,-65,-72,13755,1476501372
54:60:09:2B:81:08,-65,-75,24072,1476501372
54:60:09:F4:21:4A,-77,-78,24071,1476501372
A4:77:33:F8:A2:00,-41,-57,24068,1476501372
E6:71:85:62:06:38,-62,-65,19439,1476501432
E6:71:85:62:06:70,-63,-67,19683,1476501432
AC:CF:85:28:94:E2,-68,-72,13815,1476501432
54:60:09:2B:81:08,-69,-77,24132,1476501432
54:60:09:F4:21:4A,-71,-71,24131,1476501432
A4:77:33:F8:A2:00,-41,-57,24128,1476501432
E6:71:85:62:06:38,-62,-64,19499,1476501492
E6:71:85:62:06:70,-61,-65,19743,1476501492
AC:CF:85:28:94:E2,-65,-73,13875,1476501492
54:60:09:2B:81:08,-66,-76,24192,1476501492
54:60:09:F4:21:4A,-72,-73,24191,1476501492
A4:77:33:F8:A2:00,-40,-57,24188,1476501492
E6:71:85:62:06:38,-62,-65,19562,1476501556
E6:71:85:62:06:70,-63,-67,19806,1476501556
AC:CF:85:28:94:E2,-69,-72,13938,1476501556
54:60:09:2B:81:08,-67,-77,24255,1476501556
54:60:09:F4:21:4A,-70,-70,24254,1476501556
A4:77:33:F8:A2:00,-40,-57,24251,1476501556
E6:71:85:62:06:38,-62,-64,19622,1476501616
E6:71:85:62:06:70,-63,-67,19866,1476501616
AC:CF:85:28:94:E2,-68,-73,13998,1476501616
54:60:09:2B:81:08,-65,-75,24315,1476501616
54:60:09:F4:21:4A,-69,-69,24314,1476501616
A4:77:33:F8:A2:00,-40,-57,24311,1476501616
E6:71:85:62:06:38,-57,-60,19682,1476501676
E6:71:85:62:06:70,-62,-65,19926,1476501676
AC:CF:85:28:94:E2,-65,-70,14058,1476501676
54:60:09:2B:81:08,-72,-78,24375,1476501676
54:60:09:F4:21:4A,-71,-71,24374,1476501676
A4:77:33:F8:A2:00,-40,-57,24371,1476501676
E6:71:85:62:06:38,-58,-60,19742,1476501736
E6:71:85:62:06:70,-63,-67,19986,1476501736
AC:CF:85:28:94:E2,-71,-72,14118,1476501736
54:60:09:2B:81:08,-67,-77,24435,1476501736
54:60:09:F4:21:4A,-78,-79,24434,1476501736
A4:77:33:F8:A2:00,-40,-57,24431,1476501736
E6:71:85:62:06:38,-59,-61,19802,1476501796
E6:71:85:62:06:70,-63,-67,20046,1476501796
AC:CF:85:28:94:E2,-66,-72,14178,1476501796
54:60:09:2B:81:08,-72,-77,24495,1476501796
54:60:09:F4:21:4A,-79,-81,24494,1476501796
A4:77:33:F8:A2:00,-40,-57,24491,1476501796
E6:71:85:62:06:38,-61,-64,19866,1476501859
E6:71:85:62:06:70,-64,-67,20110,1476501859
AC:CF:85:28:94:E2,-73,-78,14242,1476501859
54:60:09:2B:81:08,-68,-77,24559,1476501859
54:60:09:F4:21:4A,-76,-77,24558,1476501859
A4:77:33:F8:A2:00,-40,-57,24555,1476501859
E6:71:85:62:06:38,-59,-61,19926,1476501919
E6:71:85:62:06:70,-61,-65,20170,1476501919
AC:CF:85:28:94:E2,-73,-81,14302,1476501919
54:60:09:2B:81:08,-73,-77,24619,1476501919
54:60:09:F4:21:4A,-79,-81,24618,1476501919
A4:77:33:F8:A2:00,-41,-57,24615,1476501919
E6:71:85:62:06:38,-62,-64,19986,1476501979
E6:71:85:62:06:70,-64,-68,20230,1476501979
AC:CF:85:28:94:E2,-73,-80,14362,1476501979
54:60:09:2B:81:08,-67,-77,24679,1476501979
54:60:09:F4:21:4A,-79,-81,24678,1476501979
A4:77:33:F8:A2:00,-40,-56,24675,1476501979
E6:71:85:62:06:38,-62,-64,20046,1476502039
E6:71:85:62:06:70,-64,-67,20290,1476502039
AC:CF:85:28:94:E2,-77,-77,14422,1476502039
54:60:09:2B:81:08,-72,-77,24739,1476502039
54:60:09:F4:21:4A,-78,-79,24738,1476502039
A4:77:33:F8:A2:00,-41,-57,24735,1476502039
E6:71:85:62:06:38,-62,-64,20106,1476502099
E6:71:85:62:06:70,-61,-64,20350,1476502099
AC:CF:85:28:94:E2,-62,-72,14482,1476502099
54:60:09:2B:81:08,-67,-77,24799,1476502099
54:60:09:F4:21:4A,-80,-81,24798,1476502099
A4:77:33:F8:A2:00,-40,-57,24795,1476502099
E6:71:85:62:06:38,-58,-60,20169,1476502162
E6:71:85:62:06:70,-63,-67,20413,1476502162
AC:CF:85:28:94:E2,-62,-72,14545,1476502162
54:60:09:2B:81:08,-72,-77,24862,1476502162
54:60:09:F4:21:4A,-73,-74,24861,1476502162
A4:77:33:F8:A2:00,-41,-57,24858,1476502162
E6:71:85:62:06:38,-58,-61,20229,1476502222
E6:71:85:62:06:70,-64,-68,20473,1476502222
AC:CF:85:28:94:E2,-63,-73,14605,1476502222
54:60:09:2B:81:08,-67,-77,24922,1476502222
54:60:09:F4:21:4A,-79,-81,24921,1476502222
A4:77:33:F8:A2:00,-41,-57,24918,1476502222
E6:71:85:62:06:38,-62,-64,20289,1476502282
E6:71:85:62:06:70,-63,-67,20533,1476502282
AC:CF:85:28:94:E2,-63,-74,14665,1476502282
54:60:09:2B:81:08,-73,-77,24982,1476502282
54:60:09:F4:21:4A,-75,-76,24981,1476502282
A4:77:33:F8:A2:00,-41,-57,24978,1476502282
E6:71:85:62:06:38,-61,-64,20349,1476502342
E6:71:85:62:06:70,-63,-67,20593,1476502342
AC:CF:85:28:94:E2,-63,-74,14725,1476502342
54:60:09:2B:81:08,-67,-77,25042,1476502342
54:60:09:F4:21:4A,-79,-81,25041,1476502342
A4:77:33:F8:A2:00,-40,-57,25038,1476502342
E6:71:85:62:06:38,-58,-60,20409,1476502402
E6:71:85:62:06:70,-62,-66,20653,1476502402
AC:CF:85:28:94:E2,-64,-73,14785,1476502402
54:60:09:2B:81:08,-73,-77,25102,1476502402
54:60:09:F4:21:4A,-79,-81,25101,1476502402
A4:77:33:F8:A2:00,-41,-57,25098,1476502402
E6:71:85:62:06:38,-60,-64,20469,1476502462
E6:71:85:62:06:70,-61,-65,20713,1476502462
AC:CF:85:28:94:E2,-63,-72,14845,1476502462
54:60:09:2B:81:08,-66,-75,25162,1476502462
54:60:09:F4:21:4A,-73,-73,25161,1476502462
A4:77:33:F8:A2:00,-41,-57,25158,1476502462
E6:71:85:62:06:38,-58,-62,20529,1476502522
E6:71:85:62:06:70,-62,-66,20773,1476502522
AC:CF:85:28:94:E2,-64,-72,14905,1476502522
54:60:09:2B:81:08,-72,-77,25222,1476502522
54:60:09:F4:21:4A,-72,-73,25221,1476502522
A4:77:33:F8:A2:00,-40,-57,25218,1476502522
E6:71:85:62:06:38,-60,-64,20589,1476502582
E6:71:85:62:06:70,-62,-67,20833,1476502582
AC:CF:85:28:94:E2,-64,-72,14965,1476502582
54:60:09:2B:81:08,-66,-76,25282,1476502582
54:60:09:F4:21:4A,-70,-69,25281,1476502582
A4:77:33:F8:A2:00,-41,-57,25278,1476502582
E6:71:85:62:06:38,-61,-64,20649,1476502642
E6:71:85:62:06:70,-61,-66,20893,1476502642
AC:CF:85:28:94:E2,-63,-71,15025,1476502642
54:60:09:2B:81:08,-73,-77,25342,1476502642
54:60:09:F4:21:4A,-77,-78,25341,1476502642
A4:77:33:F8:A2:00,-40,-57,25338,1476502642
E6:71:85:62:06:38,-57,-61,20712,1476502705
E6:71:85:62:06:70,-63,-68,20956,1476502705
AC:CF:85:28:94:E2,-63,-71,15088,1476502705
54:60:09:2B:81:08,-68,-76,25405,1476502705
54:60:09:F4:21:4A,-70,-69,25404,1476502705
A4:77:33:F8:A2:00,-41,-57,25401,1476502705
E6:71:85:62:06:38,-57,-61,20772,1476502765
E6:71:85:62:06:70,-63,-67,21016,1476502765
AC:CF:85:28:94:E2,-64,-72,15148,1476502765
54:60:09:2B:81:08,-72,-78,25465,1476502765
54:60:09:F4:21:4A,-72,-72,25464,1476502765
A4:77:33:F8:A2:00,-40,-57,25461,1476502765
E6:71:85:62:06:38,-57,-61,20832,1476502825
E6:71:85:62:06:70,-63,-67,21076,1476502825
AC:CF:85:28:94:E2,-63,-72,15208,1476502825
54:60:09:2B:81:08,-66,-75,25525,1476502825
54:60:09:F4:21:4A,-73,-73,25524,1476502825
A4:77:33:F8:A2:00,-41,-57,25521,1476502825
E6:71:85:62:06:38,-57,-61,20892,1476502885
E6:71:85:62:06:70,-63,-67,21136,1476502885
AC:CF:85:28:94:E2,-63,-71,15268,1476502885
54:60:09:2B:81:08,-73,-77,25585,1476502885
54:60:09:F4:21:4A,-73,-73,25584,1476502885
A4:77:33:F8:A2:00,-41,-57,25581,1476502885
E6:71:85:62:06:38,-56,-60,20952,1476502945
E6:71:85:62:06:70,-63,-67,21196,1476502945
AC:CF:85:28:94:E2,-62,-71,15328,1476502945
54:60:09:2B:81:08,-66,-75,25645,1476502945
54:60:09:F4:21:4A,-78,-80,25644,1476502945
A4:77:33:F8:A2:00,-40,-57,25641,1476502945
