Client_MAC,Rssi0,Rssi1,Connection_Time,EpocTime
E6:71:85:62:06:38,-62,-66,85464,1476567456
E6:71:85:62:06:70,-64,-74,85708,1476567456
A4:77:33:F8:A1:B8,-65,-69,5939,1476567456
54:60:09:2B:81:08,-68,-68,52604,1476567456
54:60:09:F4:21:4A,-77,-73,49644,1476567456
A4:77:33:F8:A2:00,-40,-54,50763,1476567456
E6:71:85:62:06:38,-63,-66,85524,1476567516
E6:71:85:62:06:70,-63,-71,85768,1476567516
A4:77:33:F8:A1:B8,-67,-71,5999,1476567516
54:60:09:2B:81:08,-68,-66,52664,1476567516
54:60:09:F4:21:4A,-77,-73,49704,1476567516
A4:77:33:F8:A2:00,-40,-54,50823,1476567516
E6:71:85:62:06:38,-63,-66,85584,1476567576
E6:71:85:62:06:70,-61,-72,85828,1476567576
A4:77:33:F8:A1:B8,-71,-75,6059,1476567576
54:60:09:2B:81:08,-66,-63,52724,1476567576
54:60:09:F4:21:4A,-76,-71,49764,1476567576
A4:77:33:F8:A2:00,-40,-54,50883,1476567576
E6:71:85:62:06:38,-64,-67,85644,1476567636
E6:71:85:62:06:70,-62,-70,85888,1476567636
A4:77:33:F8:A1:B8,-71,-74,6119,1476567636
54:60:09:2B:81:08,-69,-66,52784,1476567636
54:60:09:F4:21:4A,-71,-67,49824,1476567636
A4:77:33:F8:A2:00,-40,-54,50943,1476567636
E6:71:85:62:06:38,-62,-66,85704,1476567696
E6:71:85:62:06:70,-62,-69,85948,1476567696
A4:77:33:F8:A1:B8,-69,-73,6179,1476567696
54:60:09:2B:81:08,-68,-66,52844,1476567696
54:60:09:F4:21:4A,-74,-71,49884,1476567696
A4:77:33:F8:A2:00,-40,-54,51003,1476567696
E6:71:85:62:06:38,-63,-66,85767,1476567759
E6:71:85:62:06:70,-63,-70,86011,1476567759
A4:77:33:F8:A1:B8,-69,-73,6242,1476567759
54:60:09:2B:81:08,-67,-65,52907,1476567759
54:60:09:F4:21:4A,-74,-70,49947,1476567759
A4:77:33:F8:A2:00,-40,-54,51066,1476567759
E6:71:85:62:06:38,-65,-71,85827,1476567819
E6:71:85:62:06:70,-58,-67,86071,1476567819
A4:77:33:F8:A1:B8,-72,-76,6302,1476567819
54:60:09:2B:81:08,-70,-66,52967,1476567819
54:60:09:F4:21:4A,-73,-69,50007,1476567819
A4:77:33:F8:A2:00,-40,-54,51126,1476567819
E6:71:85:62:06:38,-63,-66,85887,1476567879
E6:71:85:62:06:70,-61,-71,86131,1476567879
A4:77:33:F8:A1:B8,-68,-72,6362,1476567879
54:60:09:2B:81:08,-68,-65,53027,1476567879
54:60:09:F4:21:4A,-74,-70,50067,1476567879
A4:77:33:F8:A2:00,-40,-54,51186,1476567879
E6:71:85:62:06:38,-63,-65,85947,1476567939
E6:71:85:62:06:70,-62,-70,86191,1476567939
A4:77:33:F8:A1:B8,-72,-76,6422,1476567939
54:60:09:2B:81:08,-69,-68,53087,1476567939
54:60:09:F4:21:4A,-72,-69,50127,1476567939
A4:77:33:F8:A2:00,-40,-54,51246,1476567939
E6:71:85:62:06:38,-63,-65,86007,1476567999
E6:71:85:62:06:70,-63,-69,86251,1476567999
A4:77:33:F8:A1:B8,-66,-70,6482,1476567999
54:60:09:2B:81:08,-68,-68,53147,1476567999
54:60:09:F4:21:4A,-71,-66,50187,1476567999
A4:77:33:F8:A2:00,-40,-54,51306,1476567999
E6:71:85:62:06:38,-63,-65,86070,1476568063
E6:71:85:62:06:70,-60,-68,86314,1476568063
A4:77:33:F8:A1:B8,-69,-73,6545,1476568063
54:60:09:2B:81:08,-68,-66,53210,1476568063
54:60:09:F4:21:4A,-73,-68,50250,1476568063
A4:77:33:F8:A2:00,-40,-54,51369,1476568063
E6:71:85:62:06:38,-64,-66,86130,1476568123
E6:71:85:62:06:70,-60,-70,86374,1476568123
A4:77:33:F8:A1:B8,-72,-76,6605,1476568123
54:60:09:2B:81:08,-68,-69,53270,1476568123
54:60:09:F4:21:4A,-73,-70,50310,1476568123
A4:77:33:F8:A2:00,-40,-54,51429,1476568123
E6:71:85:62:06:38,-63,-65,86190,1476568183
E6:71:85:62:06:70,-64,-70,86434,1476568183
A4:77:33:F8:A1:B8,-66,-70,6665,1476568183
54:60:09:2B:81:08,-67,-65,53330,1476568183
54:60:09:F4:21:4A,-74,-69,50370,1476568183
A4:77:33:F8:A2:00,-40,-54,51489,1476568183
E6:71:85:62:06:38,-63,-65,86250,1476568243
E6:71:85:62:06:70,-63,-70,86494,1476568243
A4:77:33:F8:A1:B8,-69,-73,6725,1476568243
54:60:09:2B:81:08,-69,-68,53390,1476568243
54:60:09:F4:21:4A,-79,-76,50430,1476568243
A4:77:33:F8:A2:00,-40,-54,51549,1476568243
E6:71:85:62:06:38,-63,-66,86310,1476568303
E6:71:85:62:06:70,-59,-66,86554,1476568303
A4:77:33:F8:A1:B8,-66,-70,6785,1476568303
54:60:09:2B:81:08,-67,-66,53450,1476568303
54:60:09:F4:21:4A,-80,-77,50490,1476568303
A4:77:33:F8:A2:00,-40,-54,51609,1476568303
E6:71:85:62:06:38,-63,-65,86370,1476568363
E6:71:85:62:06:70,-60,-66,86614,1476568363
A4:77:33:F8:A1:B8,-66,-70,6845,1476568363
54:60:09:2B:81:08,-68,-69,53510,1476568363
54:60:09:F4:21:4A,-77,-74,50550,1476568363
A4:77:33:F8:A2:00,-40,-54,51669,1476568363
E6:71:85:62:06:38,-63,-65,86430,1476568423
E6:71:85:62:06:70,-60,-67,86674,1476568423
A4:77:33:F8:A1:B8,-68,-72,6905,1476568423
54:60:09:2B:81:08,-65,-67,53570,1476568423
54:60:09:F4:21:4A,-77,-74,50610,1476568423
A4:77:33:F8:A2:00,-40,-54,51729,1476568423
E6:71:85:62:06:38,-63,-65,86490,1476568483
E6:71:85:62:06:70,-61,-67,86734,1476568483
A4:77:33:F8:A1:B8,-68,-73,6965,1476568483
54:60:09:2B:81:08,-67,-68,53630,1476568483
54:60:09:F4:21:4A,-80,-77,50670,1476568483
A4:77:33:F8:A2:00,-40,-54,51789,1476568483
E6:71:85:62:06:38,-63,-65,86550,1476568543
E6:71:85:62:06:70,-62,-67,86794,1476568543
A4:77:33:F8:A1:B8,-68,-73,7025,1476568543
54:60:09:2B:81:08,-66,-65,53690,1476568543
54:60:09:F4:21:4A,-77,-74,50730,1476568543
A4:77:33:F8:A2:00,-40,-54,51849,1476568543
E6:71:85:62:06:38,-63,-65,86613,1476568606
E6:71:85:62:06:70,-65,-69,86857,1476568606
A4:77:33:F8:A1:B8,-67,-72,7088,1476568606
54:60:09:2B:81:08,-66,-67,53753,1476568606
54:60:09:F4:21:4A,-79,-77,50793,1476568606
A4:77:33:F8:A2:00,-40,-54,51912,1476568606
E6:71:85:62:06:38,-63,-65,86673,1476568666
E6:71:85:62:06:70,-62,-72,86917,1476568666
A4:77:33:F8:A1:B8,-68,-72,7148,1476568666
54:60:09:2B:81:08,-66,-66,53813,1476568666
54:60:09:F4:21:4A,-79,-77,50853,1476568666
A4:77:33:F8:A2:00,-40,-54,51972,1476568666
E6:71:85:62:06:38,-63,-65,86733,1476568726
E6:71:85:62:06:70,-60,-68,86977,1476568726
A4:77:33:F8:A1:B8,-68,-73,7208,1476568726
54:60:09:2B:81:08,-66,-68,53873,1476568726
54:60:09:F4:21:4A,-77,-75,50913,1476568726
A4:77:33:F8:A2:00,-40,-54,52032,1476568726
E6:71:85:62:06:38,-63,-65,86793,1476568786
E6:71:85:62:06:70,-65,-71,87037,1476568786
A4:77:33:F8:A1:B8,-67,-72,7268,1476568786
54:60:09:2B:81:08,-64,-65,53933,1476568786
54:60:09:F4:21:4A,-74,-71,50973,1476568786
A4:77:33:F8:A2:00,-40,-54,52092,1476568786
E6:71:85:62:06:38,-63,-65,86853,1476568846
E6:71:85:62:06:70,-64,-69,87097,1476568846
A4:77:33:F8:A1:B8,-72,-76,7328,1476568846
54:60:09:2B:81:08,-67,-69,53993,1476568846
54:60:09:F4:21:4A,-72,-70,51033,1476568846
A4:77:33:F8:A2:00,-40,-54,52152,1476568846
E6:71:85:62:06:38,-64,-66,86916,1476568909
E6:71:85:62:06:70,-65,-69,87160,1476568909
A4:77:33:F8:A1:B8,-68,-72,7391,1476568909
54:60:09:2B:81:08,-66,-66,54056,1476568909
54:60:09:F4:21:4A,-75,-72,51096,1476568909
A4:77:33:F8:A2:00,-40,-54,52215,1476568909
E6:71:85:62:06:38,-63,-65,86976,1476568969
E6:71:85:62:06:70,-64,-68,87220,1476568969
A4:77:33:F8:A1:B8,-67,-71,7451,1476568969
54:60:09:2B:81:08,-64,-66,54116,1476568969
54:60:09:F4:21:4A,-76,-74,51156,1476568969
A4:77:33:F8:A2:00,-40,-54,52275,1476568969
E6:71:85:62:06:38,-63,-65,87036,1476569029
E6:71:85:62:06:70,-65,-69,87280,1476569029
A4:77:33:F8:A1:B8,-64,-69,7511,1476569029
54:60:09:2B:81:08,-65,-65,54176,1476569029
54:60:09:F4:21:4A,-75,-73,51216,1476569029
A4:77:33:F8:A2:00,-40,-54,52335,1476569029
E6:71:85:62:06:38,-64,-66,87096,1476569089
E6:71:85:62:06:70,-63,-70,87340,1476569089
A4:77:33:F8:A1:B8,-64,-69,7571,1476569089
54:60:09:2B:81:08,-66,-66,54236,1476569089
54:60:09:F4:21:4A,-74,-71,51276,1476569089
A4:77:33:F8:A2:00,-40,-54,52395,1476569089
E6:71:85:62:06:38,-63,-65,87156,1476569149
E6:71:85:62:06:70,-66,-69,87400,1476569149
A4:77:33:F8:A1:B8,-72,-77,7631,1476569149
54:60:09:2B:81:08,-66,-67,54296,1476569149
54:60:09:F4:21:4A,-73,-70,51336,1476569149
A4:77:33:F8:A2:00,-40,-54,52455,1476569149
E6:71:85:62:06:38,-63,-65,87219,1476569212
E6:71:85:62:06:70,-65,-70,87463,1476569212
A4:77:33:F8:A1:B8,-70,-75,7694,1476569212
54:60:09:2B:81:08,-64,-66,54359,1476569212
54:60:09:F4:21:4A,-74,-71,51399,1476569212
A4:77:33:F8:A2:00,-40,-54,52518,1476569212
E6:71:85:62:06:38,-63,-65,87279,1476569272
E6:71:85:62:06:70,-65,-69,87523,1476569272
A4:77:33:F8:A1:B8,-70,-74,7754,1476569272
54:60:09:2B:81:08,-66,-67,54419,1476569272
54:60:09:F4:21:4A,-73,-71,51459,1476569272
A4:77:33:F8:A2:00,-40,-54,52578,1476569272
E6:71:85:62:06:38,-63,-65,87339,1476569332
E6:71:85:62:06:70,-65,-70,87583,1476569332
A4:77:33:F8:A1:B8,-72,-77,7814,1476569332
54:60:09:2B:81:08,-64,-64,54479,1476569332
54:60:09:F4:21:4A,-79,-78,51519,1476569332
A4:77:33:F8:A2:00,-40,-54,52638,1476569332
E6:71:85:62:06:38,-64,-68,87399,1476569392
E6:71:85:62:06:70,-65,-69,87643,1476569392
A4:77:33:F8:A1:B8,-68,-73,7874,1476569392
54:60:09:2B:81:08,-65,-65,54539,1476569392
54:60:09:F4:21:4A,-73,-70,51579,1476569392
A4:77:33:F8:A2:00,-40,-54,52698,1476569392
E6:71:85:62:06:38,-64,-67,87459,1476569452
E6:71:85:62:06:70,-64,-69,87703,1476569452
A4:77:33:F8:A1:B8,-71,-76,7934,1476569452
54:60:09:2B:81:08,-67,-69,54599,1476569452
54:60:09:F4:21:4A,-73,-71,51639,1476569452
A4:77:33:F8:A2:00,-40,-54,52758,1476569452
E6:71:85:62:06:38,-63,-65,87522,1476569515
E6:71:85:62:06:70,-64,-69,87766,1476569515
A4:77:33:F8:A1:B8,-67,-71,7997,1476569515
54:60:09:2B:81:08,-67,-70,54662,1476569515
54:60:09:F4:21:4A,-72,-69,51702,1476569515
A4:77:33:F8:A2:00,-40,-54,52821,1476569515
E6:71:85:62:06:38,-63,-68,87582,1476569575
E6:71:85:62:06:70,-64,-69,87826,1476569575
A4:77:33:F8:A1:B8,-72,-76,8057,1476569575
54:60:09:2B:81:08,-66,-67,54722,1476569575
54:60:09:F4:21:4A,-74,-71,51762,1476569575
A4:77:33:F8:A2:00,-40,-54,52881,1476569575
E6:71:85:62:06:38,-64,-69,87642,1476569635
E6:71:85:62:06:70,-64,-70,87886,1476569635
A4:77:33:F8:A1:B8,-71,-75,8117,1476569635
54:60:09:2B:81:08,-67,-70,54782,1476569635
54:60:09:F4:21:4A,-77,-75,51822,1476569635
A4:77:33:F8:A2:00,-40,-54,52941,1476569635
E6:71:85:62:06:38,-64,-70,87702,1476569695
E6:71:85:62:06:70,-64,-69,87946,1476569695
A4:77:33:F8:A1:B8,-68,-72,8177,1476569695
54:60:09:2B:81:08,-66,-67,54842,1476569695
54:60:09:F4:21:4A,-72,-70,51882,1476569695
A4:77:33:F8:A2:00,-40,-54,53001,1476569695
E6:71:85:62:06:38,-64,-70,87762,1476569755
E6:71:85:62:06:70,-64,-70,88006,1476569755
A4:77:33:F8:A1:B8,-68,-73,8237,1476569755
54:60:09:2B:81:08,-66,-70,54902,1476569755
54:60:09:F4:21:4A,-71,-67,51942,1476569755
A4:77:33:F8:A2:00,-40,-54,53061,1476569755
