Client_MAC,Rssi0,Rssi1,Connection_Time,EpocTime
E6:71:85:62:06:38,-63,-67,77742,1476559735
E6:71:85:62:06:70,-60,-70,77986,1476559735
54:60:09:2B:81:08,-68,-76,44882,1476559735
54:60:09:F4:21:4A,-76,-73,41922,1476559735
A4:77:33:F8:A2:00,-42,-56,43041,1476559735
E6:71:85:62:06:38,-63,-67,77802,1476559795
E6:71:85:62:06:70,-61,-68,78046,1476559795
54:60:09:2B:81:08,-67,-73,44942,1476559795
54:60:09:F4:21:4A,-76,-78,41982,1476559795
A4:77:33:F8:A2:00,-42,-56,43101,1476559795
E6:71:85:62:06:38,-60,-64,77862,1476559855
E6:71:85:62:06:70,-61,-70,78106,1476559855
54:60:09:2B:81:08,-68,-77,45002,1476559855
54:60:09:F4:21:4A,-77,-78,42042,1476559855
A4:77:33:F8:A2:00,-42,-56,43161,1476559855
E6:71:85:62:06:38,-60,-64,77923,1476559915
E6:71:85:62:06:70,-59,-69,78167,1476559915
54:60:09:2B:81:08,-66,-73,45063,1476559915
54:60:09:F4:21:4A,-74,-71,42103,1476559915
A4:77:33:F8:A2:00,-42,-56,43222,1476559915
E6:71:85:62:06:38,-59,-64,77983,1476559975
E6:71:85:62:06:70,-60,-69,78227,1476559975
54:60:09:2B:81:08,-68,-76,45123,1476559975
54:60:09:F4:21:4A,-75,-73,42163,1476559975
A4:77:33:F8:A2:00,-42,-56,43282,1476559975
E6:71:85:62:06:38,-60,-64,78046,1476560038
E6:71:85:62:06:70,-60,-69,78290,1476560038
54:60:09:2B:81:08,-65,-71,45186,1476560038
54:60:09:F4:21:4A,-73,-70,42226,1476560038
A4:77:33:F8:A2:00,-42,-56,43345,1476560038
E6:71:85:62:06:38,-59,-64,78106,1476560098
E6:71:85:62:06:70,-61,-68,78350,1476560098
54:60:09:2B:81:08,-68,-77,45246,1476560098
54:60:09:F4:21:4A,-75,-73,42286,1476560098
A4:77:33:F8:A2:00,-42,-56,43405,1476560098
E6:71:85:62:06:38,-62,-67,78166,1476560158
E6:71:85:62:06:70,-59,-68,78410,1476560158
54:60:09:2B:81:08,-67,-72,45306,1476560158
54:60:09:F4:21:4A,-77,-78,42346,1476560158
A4:77:33:F8:A2:00,-42,-56,43465,1476560158
E6:71:85:62:06:38,-62,-66,78226,1476560218
E6:71:85:62:06:70,-60,-68,78470,1476560218
54:60:09:2B:81:08,-68,-77,45366,1476560218
54:60:09:F4:21:4A,-74,-69,42406,1476560218
A4:77:33:F8:A2:00,-42,-56,43525,1476560218
E6:71:85:62:06:38,-60,-64,78286,1476560278
E6:71:85:62:06:70,-62,-69,78530,1476560278
54:60:09:2B:81:08,-66,-71,45426,1476560278
54:60:09:F4:21:4A,-75,-71,42466,1476560278
A4:77:33:F8:A2:00,-42,-56,43585,1476560278
E6:71:85:62:06:38,-60,-65,78379,1476560372
E6:71:85:62:06:70,-60,-68,78623,1476560372
54:60:09:2B:81:08,-67,-73,45519,1476560372
54:60:09:F4:21:4A,-75,-75,42559,1476560372
A4:77:33:F8:A2:00,-41,-56,43678,1476560372
E6:71:85:62:06:38,-62,-67,78439,1476560432
E6:71:85:62:06:70,-62,-69,78683,1476560432
54:60:09:2B:81:08,-67,-73,45579,1476560432
54:60:09:F4:21:4A,-74,-72,42619,1476560432
A4:77:33:F8:A2:00,-42,-56,43738,1476560432
E6:71:85:62:06:38,-60,-64,78499,1476560492
E6:71:85:62:06:70,-59,-68,78743,1476560492
54:60:09:2B:81:08,-66,-71,45639,1476560492
54:60:09:F4:21:4A,-77,-78,42679,1476560492
A4:77:33:F8:A2:00,-42,-56,43798,1476560492
E6:71:85:62:06:38,-62,-67,78559,1476560552
E6:71:85:62:06:70,-60,-70,78803,1476560552
54:60:09:2B:81:08,-67,-72,45699,1476560552
54:60:09:F4:21:4A,-75,-73,42739,1476560552
A4:77:33:F8:A2:00,-42,-56,43858,1476560552
E6:71:85:62:06:38,-62,-66,78619,1476560612
E6:71:85:62:06:70,-60,-71,78863,1476560612
54:60:09:2B:81:08,-66,-71,45759,1476560612
54:60:09:F4:21:4A,-71,-69,42799,1476560612
A4:77:33:F8:A2:00,-42,-56,43918,1476560612
E6:71:85:62:06:38,-60,-64,78682,1476560675
E6:71:85:62:06:70,-61,-71,78926,1476560675
54:60:09:2B:81:08,-67,-73,45822,1476560675
54:60:09:F4:21:4A,-75,-75,42862,1476560675
A4:77:33:F8:A2:00,-42,-56,43981,1476560675
E6:71:85:62:06:38,-60,-64,78742,1476560735
E6:71:85:62:06:70,-61,-67,78986,1476560735
54:60:09:2B:81:08,-64,-70,45882,1476560735
54:60:09:F4:21:4A,-73,-69,42922,1476560735
A4:77:33:F8:A2:00,-42,-56,44041,1476560735
E6:71:85:62:06:38,-62,-67,78802,1476560795
E6:71:85:62:06:70,-60,-69,79046,1476560795
54:60:09:2B:81:08,-67,-72,45942,1476560795
54:60:09:F4:21:4A,-76,-77,42982,1476560795
A4:77:33:F8:A2:00,-42,-56,44101,1476560795
E6:71:85:62:06:38,-62,-67,78862,1476560855
E6:71:85:62:06:70,-59,-67,79106,1476560855
54:60:09:2B:81:08,-65,-71,46002,1476560855
54:60:09:F4:21:4A,-75,-72,43042,1476560855
A4:77:33:F8:A2:00,-42,-56,44161,1476560855
E6:71:85:62:06:38,-62,-67,78922,1476560915
E6:71:85:62:06:70,-60,-67,79166,1476560915
54:60:09:2B:81:08,-67,-73,46062,1476560915
54:60:09:F4:21:4A,-74,-71,43102,1476560915
A4:77:33:F8:A2:00,-43,-56,44221,1476560915
E6:71:85:62:06:38,-62,-67,78985,1476560978
E6:71:85:62:06:70,-60,-70,79229,1476560978
54:60:09:2B:81:08,-65,-71,46125,1476560978
54:60:09:F4:21:4A,-72,-74,43165,1476560978
A4:77:33:F8:A2:00,-42,-56,44284,1476560978
E6:71:85:62:06:38,-60,-64,79045,1476561038
E6:71:85:62:06:70,-61,-69,79289,1476561038
54:60:09:2B:81:08,-67,-73,46185,1476561038
54:60:09:F4:21:4A,-75,-73,43225,1476561038
A4:77:33:F8:A2:00,-42,-56,44344,1476561038
E6:71:85:62:06:38,-60,-64,79105,1476561098
E6:71:85:62:06:70,-60,-69,79349,1476561098
54:60:09:2B:81:08,-66,-72,46245,1476561098
54:60:09:F4:21:4A,-73,-69,43285,1476561098
A4:77:33:F8:A2:00,-42,-56,44404,1476561098
E6:71:85:62:06:38,-59,-64,79165,1476561158
E6:71:85:62:06:70,-63,-70,79409,1476561158
54:60:09:2B:81:08,-64,-70,46305,1476561158
54:60:09:F4:21:4A,-77,-78,43345,1476561158
A4:77:33:F8:A2:00,-43,-56,44464,1476561158
E6:71:85:62:06:38,-61,-65,79225,1476561218
E6:71:85:62:06:70,-63,-69,79469,1476561218
54:60:09:2B:81:08,-65,-71,46365,1476561218
54:60:09:F4:21:4A,-77,-78,43405,1476561218
A4:77:33:F8:A2:00,-42,-56,44524,1476561218
E6:71:85:62:06:38,-61,-65,79285,1476561278
E6:71:85:62:06:70,-63,-69,79529,1476561278
54:60:09:2B:81:08,-65,-70,46425,1476561278
54:60:09:F4:21:4A,-77,-79,43465,1476561278
A4:77:33:F8:A2:00,-41,-56,44584,1476561278
E6:71:85:62:06:38,-63,-67,79345,1476561338
E6:71:85:62:06:70,-59,-67,79589,1476561338
54:60:09:2B:81:08,-64,-70,46485,1476561338
54:60:09:F4:21:4A,-75,-72,43525,1476561338
A4:77:33:F8:A2:00,-42,-56,44644,1476561338
E6:71:85:62:06:38,-62,-66,79405,1476561398
E6:71:85:62:06:70,-62,-68,79649,1476561398
54:60:09:2B:81:08,-66,-72,46545,1476561398
54:60:09:F4:21:4A,-75,-72,43585,1476561398
A4:77:33:F8:A2:00,-42,-56,44704,1476561398
E6:71:85:62:06:38,-61,-64,79465,1476561458
E6:71:85:62:06:70,-61,-68,79709,1476561458
54:60:09:2B:81:08,-68,-76,46605,1476561458
54:60:09:F4:21:4A,-73,-67,43645,1476561458
A4:77:33:F8:A2:00,-42,-56,44764,1476561458
E6:71:85:62:06:38,-62,-66,79528,1476561521
E6:71:85:62:06:70,-61,-68,79772,1476561521
A4:77:33:F8:A1:B8,-68,-75,3,1476561521
54:60:09:2B:81:08,-68,-76,46668,1476561521
54:60:09:F4:21:4A,-74,-69,43708,1476561521
A4:77:33:F8:A2:00,-42,-56,44827,1476561521
E6:71:85:62:06:38,-61,-66,79588,1476561581
E6:71:85:62:06:70,-60,-66,79832,1476561581
A4:77:33:F8:A1:B8,-68,-75,63,1476561581
54:60:09:2B:81:08,-68,-77,46728,1476561581
54:60:09:F4:21:4A,-76,-69,43768,1476561581
A4:77:33:F8:A2:00,-42,-56,44887,1476561581
E6:71:85:62:06:38,-62,-66,79648,1476561641
E6:71:85:62:06:70,-59,-67,79892,1476561641
A4:77:33:F8:A1:B8,-66,-74,123,1476561641
54:60:09:2B:81:08,-67,-74,46788,1476561641
54:60:09:F4:21:4A,-75,-69,43828,1476561641
A4:77:33:F8:A2:00,-42,-56,44947,1476561641
E6:71:85:62:06:38,-60,-65,79708,1476561701
E6:71:85:62:06:70,-61,-66,79952,1476561701
A4:77:33:F8:A1:B8,-66,-74,183,1476561701
54:60:09:2B:81:08,-68,-77,46848,1476561701
54:60:09:F4:21:4A,-77,-79,43888,1476561701
A4:77:33:F8:A2:00,-42,-56,45007,1476561701
E6:71:85:62:06:38,-61,-66,79768,1476561761
E6:71:85:62:06:70,-65,-68,80012,1476561761
A4:77:33:F8:A1:B8,-66,-73,243,1476561761
54:60:09:2B:81:08,-66,-73,46908,1476561761
54:60:09:F4:21:4A,-76,-75,43948,1476561761
A4:77:33:F8:A2:00,-42,-56,45067,1476561761
E6:71:85:62:06:38,-62,-68,79831,1476561824
E6:71:85:62:06:70,-62,-67,80075,1476561824
A4:77:33:F8:A1:B8,-68,-76,306,1476561824
54:60:09:2B:81:08,-68,-77,46971,1476561824
54:60:09:F4:21:4A,-76,-75,44011,1476561824
A4:77:33:F8:A2:00,-42,-56,45130,1476561824
E6:71:85:62:06:38,-60,-65,79891,1476561884
E6:71:85:62:06:70,-63,-68,80135,1476561884
A4:77:33:F8:A1:B8,-68,-75,366,1476561884
54:60:09:2B:81:08,-67,-73,47031,1476561884
54:60:09:F4:21:4A,-76,-77,44071,1476561884
A4:77:33:F8:A2:00,-42,-56,45190,1476561884
E6:71:85:62:06:38,-61,-66,79951,1476561944
E6:71:85:62:06:70,-63,-68,80195,1476561944
A4:77:33:F8:A1:B8,-64,-72,426,1476561944
54:60:09:2B:81:08,-68,-76,47091,1476561944
54:60:09:F4:21:4A,-75,-74,44131,1476561944
A4:77:33:F8:A2:00,-42,-56,45250,1476561944
E6:71:85:62:06:38,-62,-67,80011,1476562004
E6:71:85:62:06:70,-59,-68,80255,1476562004
A4:77:33:F8:A1:B8,-68,-76,486,1476562004
54:60:09:2B:81:08,-68,-76,47151,1476562004
54:60:09:F4:21:4A,-76,-78,44191,1476562004
A4:77:33:F8:A2:00,-42,-56,45310,1476562004
E6:71:85:62:06:38,-60,-65,80071,1476562064
E6:71:85:62:06:70,-61,-69,80315,1476562064
A4:77:33:F8:A1:B8,-69,-76,546,1476562064
54:60:09:2B:81:08,-68,-76,47211,1476562064
54:60:09:F4:21:4A,-76,-79,44251,1476562064
A4:77:33:F8:A2:00,-43,-56,45370,1476562064
E6:71:85:62:06:38,-60,-65,80165,1476562158
E6:71:85:62:06:70,-60,-66,80409,1476562158
A4:77:33:F8:A1:B8,-63,-72,640,1476562158
54:60:09:2B:81:08,-66,-72,47305,1476562158
54:60:09:F4:21:4A,-77,-79,44345,1476562158
A4:77:33:F8:A2:00,-42,-56,45464,1476562158
E6:71:85:62:06:38,-60,-64,80225,1476562218
E6:71:85:62:06:70,-62,-67,80469,1476562218
A4:77:33:F8:A1:B8,-65,-73,700,1476562218
54:60:09:2B:81:08,-67,-70,47365,1476562218
54:60:09:F4:21:4A,-78,-79,44405,1476562218
A4:77:33:F8:A2:00,-42,-56,45524,1476562218
E6:71:85:62:06:38,-62,-67,80285,1476562278
E6:71:85:62:06:70,-62,-67,80529,1476562278
A4:77:33:F8:A1:B8,-69,-76,760,1476562278
54:60:09:2B:81:08,-69,-77,47425,1476562278
54:60:09:F4:21:4A,-78,-76,44465,1476562278
A4:77:33:F8:A2:00,-42,-56,45584,1476562278
E6:71:85:62:06:38,-63,-68,80345,1476562338
E6:71:85:62:06:70,-60,-66,80589,1476562338
A4:77:33:F8:A1:B8,-68,-76,820,1476562338
54:60:09:2B:81:08,-70,-77,47485,1476562338
54:60:09:F4:21:4A,-78,-80,44525,1476562338
A4:77:33:F8:A2:00,-41,-57,45644,1476562338
E6:71:85:62:06:38,-60,-65,80405,1476562398
E6:71:85:62:06:70,-62,-68,80649,1476562398
A4:77:33:F8:A1:B8,-68,-76,880,1476562398
54:60:09:2B:81:08,-69,-74,47545,1476562398
54:60:09:F4:21:4A,-75,-69,44585,1476562398
A4:77:33:F8:A2:00,-40,-57,45704,1476562398
