Client_MAC,Rssi0,Rssi1,Connection_Time,EpocTime
E6:71:85:62:06:38,-60,-64,51018,1476533010
E6:71:85:62:06:70,-64,-71,51262,1476533010
AC:CF:85:28:94:E2,-65,-73,45394,1476533010
54:60:09:2B:81:08,-70,-76,18158,1476533010
54:60:09:F4:21:4A,-71,-72,15198,1476533010
A4:77:33:F8:A2:00,-41,-58,16317,1476533010
54:60:09:F2:D8:92,-79,-80,2866,1476533010
E6:71:85:62:06:38,-61,-65,51078,1476533070
E6:71:85:62:06:70,-64,-71,51322,1476533070
AC:CF:85:28:94:E2,-63,-71,45454,1476533070
54:60:09:2B:81:08,-65,-75,18218,1476533070
54:60:09:F4:21:4A,-76,-77,15258,1476533070
A4:77:33:F8:A2:00,-41,-58,16377,1476533070
54:60:09:F2:D8:92,-79,-80,2926,1476533070
E6:71:85:62:06:38,-61,-65,51138,1476533130
E6:71:85:62:06:70,-64,-71,51382,1476533130
AC:CF:85:28:94:E2,-64,-71,45514,1476533130
54:60:09:2B:81:08,-70,-76,18278,1476533130
54:60:09:F4:21:4A,-78,-79,15318,1476533130
A4:77:33:F8:A2:00,-42,-58,16437,1476533130
54:60:09:F2:D8:92,-79,-80,2986,1476533130
E6:71:85:62:06:38,-60,-64,51198,1476533190
E6:71:85:62:06:70,-64,-71,51442,1476533190
AC:CF:85:28:94:E2,-63,-71,45574,1476533190
54:60:09:2B:81:08,-68,-76,18338,1476533190
54:60:09:F4:21:4A,-70,-71,15378,1476533190
A4:77:33:F8:A2:00,-41,-58,16497,1476533190
54:60:09:F2:D8:92,-79,-80,3046,1476533190
E6:71:85:62:06:38,-60,-64,51258,1476533250
E6:71:85:62:06:70,-64,-71,51502,1476533250
AC:CF:85:28:94:E2,-64,-72,45634,1476533250
54:60:09:2B:81:08,-71,-76,18398,1476533250
54:60:09:F4:21:4A,-70,-71,15438,1476533250
A4:77:33:F8:A2:00,-41,-58,16557,1476533250
54:60:09:F2:D8:92,-80,-80,3106,1476533250
E6:71:85:62:06:38,-60,-64,51321,1476533314
E6:71:85:62:06:70,-64,-71,51565,1476533314
AC:CF:85:28:94:E2,-62,-69,45697,1476533314
54:60:09:2B:81:08,-66,-75,18461,1476533314
54:60:09:F4:21:4A,-72,-73,15501,1476533314
A4:77:33:F8:A2:00,-42,-58,16620,1476533314
54:60:09:F2:D8:92,-80,-81,3169,1476533314
E6:71:85:62:06:38,-60,-64,51381,1476533374
E6:71:85:62:06:70,-63,-71,51625,1476533374
AC:CF:85:28:94:E2,-62,-70,45757,1476533374
54:60:09:2B:81:08,-71,-76,18521,1476533374
54:60:09:F4:21:4A,-79,-79,15561,1476533374
A4:77:33:F8:A2:00,-42,-58,16680,1476533374
54:60:09:F2:D8:92,-80,-80,3229,1476533374
E6:71:85:62:06:38,-61,-65,51441,1476533434
E6:71:85:62:06:70,-62,-68,51685,1476533434
AC:CF:85:28:94:E2,-64,-72,45817,1476533434
54:60:09:2B:81:08,-67,-76,18581,1476533434
54:60:09:F4:21:4A,-78,-79,15621,1476533434
A4:77:33:F8:A2:00,-41,-58,16740,1476533434
54:60:09:F2:D8:92,-79,-79,3289,1476533434
E6:71:85:62:06:38,-61,-65,51501,1476533494
E6:71:85:62:06:70,-64,-71,51745,1476533494
AC:CF:85:28:94:E2,-63,-71,45877,1476533494
54:60:09:2B:81:08,-67,-76,18641,1476533494
54:60:09:F4:21:4A,-70,-71,15681,1476533494
A4:77:33:F8:A2:00,-41,-58,16800,1476533494
54:60:09:F2:D8:92,-78,-79,3349,1476533494
E6:71:85:62:06:38,-61,-65,51561,1476533554
E6:71:85:62:06:70,-64,-71,51805,1476533554
AC:CF:85:28:94:E2,-62,-69,45937,1476533554
54:60:09:2B:81:08,-66,-78,18701,1476533554
54:60:09:F4:21:4A,-69,-69,15741,1476533554
A4:77:33:F8:A2:00,-41,-58,16860,1476533554
54:60:09:F2:D8:92,-73,-74,3409,1476533554
E6:71:85:62:06:38,-61,-64,51624,1476533617
E6:71:85:62:06:70,-64,-71,51868,1476533617
AC:CF:85:28:94:E2,-62,-72,46000,1476533617
54:60:09:2B:81:08,-71,-77,18764,1476533617
54:60:09:F4:21:4A,-69,-71,15804,1476533617
A4:77:33:F8:A2:00,-41,-58,16923,1476533617
54:60:09:F2:D8:92,-72,-75,3472,1476533617
E6:71:85:62:06:38,-60,-64,51684,1476533677
E6:71:85:62:06:70,-62,-68,51928,1476533677
AC:CF:85:28:94:E2,-62,-71,46060,1476533677
54:60:09:2B:81:08,-66,-77,18824,1476533677
54:60:09:F4:21:4A,-71,-72,15864,1476533677
A4:77:33:F8:A2:00,-42,-58,16983,1476533677
54:60:09:F2:D8:92,-81,-80,3532,1476533677
E6:71:85:62:06:38,-60,-64,51744,1476533737
E6:71:85:62:06:70,-61,-67,51988,1476533737
AC:CF:85:28:94:E2,-62,-70,46120,1476533737
54:60:09:2B:81:08,-67,-77,18884,1476533737
54:60:09:F4:21:4A,-69,-70,15924,1476533737
A4:77:33:F8:A2:00,-41,-58,17043,1476533737
54:60:09:F2:D8:92,-80,-80,3592,1476533737
E6:71:85:62:06:38,-58,-62,51804,1476533797
E6:71:85:62:06:70,-64,-70,52048,1476533797
AC:CF:85:28:94:E2,-71,-78,46180,1476533797
54:60:09:2B:81:08,-64,-76,18944,1476533797
54:60:09:F4:21:4A,-73,-74,15984,1476533797
A4:77:33:F8:A2:00,-41,-58,17103,1476533797
54:60:09:F2:D8:92,-80,-80,3652,1476533797
E6:71:85:62:06:38,-60,-64,51864,1476533857
E6:71:85:62:06:70,-61,-68,52108,1476533857
AC:CF:85:28:94:E2,-74,-73,46240,1476533857
54:60:09:2B:81:08,-66,-78,19004,1476533857
54:60:09:F4:21:4A,-73,-74,16044,1476533857
A4:77:33:F8:A2:00,-41,-58,17163,1476533857
54:60:09:F2:D8:92,-80,-79,3712,1476533857
E6:71:85:62:06:38,-61,-65,51927,1476533920
E6:71:85:62:06:70,-61,-67,52171,1476533920
AC:CF:85:28:94:E2,-72,-79,46303,1476533920
54:60:09:2B:81:08,-66,-78,19067,1476533920
54:60:09:F4:21:4A,-75,-76,16107,1476533920
A4:77:33:F8:A2:00,-41,-58,17226,1476533920
54:60:09:F2:D8:92,-80,-80,3775,1476533920
E6:71:85:62:06:38,-61,-64,51987,1476533980
E6:71:85:62:06:70,-63,-70,52231,1476533980
AC:CF:85:28:94:E2,-71,-76,46363,1476533980
54:60:09:2B:81:08,-70,-76,19127,1476533980
54:60:09:F4:21:4A,-69,-70,16167,1476533980
A4:77:33:F8:A2:00,-41,-58,17286,1476533980
54:60:09:F2:D8:92,-80,-80,3835,1476533980
E6:71:85:62:06:38,-61,-64,52047,1476534040
E6:71:85:62:06:70,-61,-67,52291,1476534040
AC:CF:85:28:94:E2,-71,-76,46423,1476534040
54:60:09:2B:81:08,-71,-76,19187,1476534040
54:60:09:F4:21:4A,-73,-74,16227,1476534040
A4:77:33:F8:A2:00,-41,-58,17346,1476534040
54:60:09:F2:D8:92,-79,-79,3895,1476534040
E6:71:85:62:06:38,-60,-64,52107,1476534100
E6:71:85:62:06:70,-64,-70,52351,1476534100
AC:CF:85:28:94:E2,-66,-73,46483,1476534100
54:60:09:2B:81:08,-69,-75,19247,1476534100
54:60:09:F4:21:4A,-77,-78,16287,1476534100
A4:77:33:F8:A2:00,-41,-58,17406,1476534100
54:60:09:F2:D8:92,-79,-81,3955,1476534100
E6:71:85:62:06:38,-61,-65,52167,1476534160
E6:71:85:62:06:70,-63,-70,52411,1476534160
AC:CF:85:28:94:E2,-69,-75,46543,1476534160
54:60:09:2B:81:08,-69,-75,19307,1476534160
54:60:09:F4:21:4A,-78,-79,16347,1476534160
A4:77:33:F8:A2:00,-41,-58,17466,1476534160
54:60:09:F2:D8:92,-80,-81,4015,1476534160
E6:71:85:62:06:38,-61,-65,52231,1476534223
E6:71:85:62:06:70,-61,-68,52475,1476534223
AC:CF:85:28:94:E2,-67,-75,46607,1476534223
54:60:09:2B:81:08,-69,-75,19371,1476534223
54:60:09:F4:21:4A,-78,-80,16411,1476534223
A4:77:33:F8:A2:00,-41,-58,17530,1476534223
54:60:09:F2:D8:92,-80,-80,4079,1476534223
E6:71:85:62:06:38,-60,-64,52291,1476534283
E6:71:85:62:06:70,-61,-68,52535,1476534283
AC:CF:85:28:94:E2,-67,-75,46667,1476534283
54:60:09:2B:81:08,-69,-75,19431,1476534283
54:60:09:F4:21:4A,-79,-80,16471,1476534283
A4:77:33:F8:A2:00,-41,-58,17590,1476534283
54:60:09:F2:D8:92,-81,-80,4139,1476534283
E6:71:85:62:06:38,-60,-64,52351,1476534343
E6:71:85:62:06:70,-64,-71,52595,1476534343
AC:CF:85:28:94:E2,-69,-74,46727,1476534343
54:60:09:2B:81:08,-70,-76,19491,1476534343
54:60:09:F4:21:4A,-80,-80,16531,1476534343
A4:77:33:F8:A2:00,-41,-58,17650,1476534343
54:60:09:F2:D8:92,-81,-81,4199,1476534343
E6:71:85:62:06:38,-60,-64,52411,1476534403
E6:71:85:62:06:70,-64,-70,52655,1476534403
AC:CF:85:28:94:E2,-69,-74,46787,1476534403
54:60:09:2B:81:08,-69,-75,19551,1476534403
54:60:09:F4:21:4A,-77,-77,16591,1476534403
A4:77:33:F8:A2:00,-41,-58,17710,1476534403
54:60:09:F2:D8:92,-81,-80,4259,1476534403
E6:71:85:62:06:38,-60,-64,52471,1476534463
E6:71:85:62:06:70,-63,-70,52715,1476534463
AC:CF:85:28:94:E2,-67,-74,46847,1476534463
54:60:09:2B:81:08,-67,-75,19611,1476534463
54:60:09:F4:21:4A,-79,-80,16651,1476534463
A4:77:33:F8:A2:00,-42,-58,17770,1476534463
54:60:09:F2:D8:92,-81,-80,4319,1476534463
E6:71:85:62:06:38,-60,-64,52531,1476534523
E6:71:85:62:06:70,-64,-71,52775,1476534523
AC:CF:85:28:94:E2,-67,-74,46907,1476534523
54:60:09:2B:81:08,-65,-75,19671,1476534523
54:60:09:F4:21:4A,-74,-74,16711,1476534523
A4:77:33:F8:A2:00,-41,-58,17830,1476534523
54:60:09:F2:D8:92,-80,-80,4379,1476534523
E6:71:85:62:06:38,-61,-65,52591,1476534583
E6:71:85:62:06:70,-64,-71,52835,1476534583
AC:CF:85:28:94:E2,-71,-77,46967,1476534583
54:60:09:2B:81:08,-67,-76,19731,1476534583
54:60:09:F4:21:4A,-73,-74,16771,1476534583
A4:77:33:F8:A2:00,-41,-58,17890,1476534583
54:60:09:F2:D8:92,-80,-80,4439,1476534583
E6:71:85:62:06:38,-61,-65,52651,1476534643
E6:71:85:62:06:70,-64,-71,52895,1476534643
AC:CF:85:28:94:E2,-69,-74,47027,1476534643
54:60:09:2B:81:08,-67,-76,19791,1476534643
54:60:09:F4:21:4A,-79,-80,16831,1476534643
A4:77:33:F8:A2:00,-41,-58,17950,1476534643
54:60:09:F2:D8:92,-80,-80,4499,1476534643
E6:71:85:62:06:38,-60,-64,52711,1476534703
E6:71:85:62:06:70,-63,-70,52955,1476534703
AC:CF:85:28:94:E2,-70,-77,47087,1476534703
54:60:09:2B:81:08,-68,-77,19851,1476534703
54:60:09:F4:21:4A,-70,-71,16891,1476534703
A4:77:33:F8:A2:00,-42,-58,18010,1476534703
54:60:09:F2:D8:92,-80,-80,4559,1476534703
E6:71:85:62:06:38,-60,-64,52808,1476534801
E6:71:85:62:06:70,-64,-71,53052,1476534801
AC:CF:85:28:94:E2,-71,-76,47184,1476534801
54:60:09:2B:81:08,-66,-75,19948,1476534801
54:60:09:F4:21:4A,-69,-70,16988,1476534801
A4:77:33:F8:A2:00,-42,-58,18107,1476534801
54:60:09:F2:D8:92,-79,-80,4656,1476534801
E6:71:85:62:06:38,-61,-65,52868,1476534861
E6:71:85:62:06:70,-64,-71,53112,1476534861
AC:CF:85:28:94:E2,-69,-75,47244,1476534861
54:60:09:2B:81:08,-70,-76,20008,1476534861
54:60:09:F4:21:4A,-69,-70,17048,1476534861
A4:77:33:F8:A2:00,-41,-58,18167,1476534861
54:60:09:F2:D8:92,-81,-80,4716,1476534861
E6:71:85:62:06:38,-60,-64,52928,1476534921
E6:71:85:62:06:70,-61,-67,53172,1476534921
AC:CF:85:28:94:E2,-69,-76,47304,1476534921
54:60:09:2B:81:08,-67,-76,20068,1476534921
54:60:09:F4:21:4A,-80,-80,17108,1476534921
A4:77:33:F8:A2:00,-42,-58,18227,1476534921
54:60:09:F2:D8:92,-79,-80,4776,1476534921
E6:71:85:62:06:38,-60,-64,52988,1476534981
E6:71:85:62:06:70,-64,-71,53232,1476534981
AC:CF:85:28:94:E2,-71,-73,47364,1476534981
54:60:09:2B:81:08,-71,-75,20128,1476534981
54:60:09:F4:21:4A,-78,-79,17168,1476534981
A4:77:33:F8:A2:00,-41,-58,18287,1476534981
54:60:09:F2:D8:92,-80,-81,4836,1476534981
E6:71:85:62:06:38,-61,-65,53048,1476535041
E6:71:85:62:06:70,-64,-71,53292,1476535041
AC:CF:85:28:94:E2,-69,-74,47424,1476535041
54:60:09:2B:81:08,-66,-75,20188,1476535041
54:60:09:F4:21:4A,-79,-79,17228,1476535041
A4:77:33:F8:A2:00,-41,-58,18347,1476535041
54:60:09:F2:D8:92,-80,-81,4896,1476535041
