Client_MAC,Rssi0,Rssi1,Connection_Time,EpocTime
E6:71:85:62:06:38,-64,-67,60239,1476542232
E6:71:85:62:06:70,-62,-67,60483,1476542232
AC:CF:85:28:94:E2,-55,-63,54615,1476542232
54:60:09:2B:81:08,-66,-69,27379,1476542232
54:60:09:F4:21:4A,-75,-71,24419,1476542232
A4:77:33:F8:A2:00,-44,-54,25538,1476542232
E6:71:85:62:06:38,-64,-67,60299,1476542292
E6:71:85:62:06:70,-64,-70,60543,1476542292
AC:CF:85:28:94:E2,-57,-62,54675,1476542292
54:60:09:2B:81:08,-71,-73,27439,1476542292
54:60:09:F4:21:4A,-71,-67,24479,1476542292
A4:77:33:F8:A2:00,-44,-54,25598,1476542292
E6:71:85:62:06:38,-64,-68,60359,1476542352
E6:71:85:62:06:70,-64,-69,60603,1476542352
AC:CF:85:28:94:E2,-56,-63,54735,1476542352
54:60:09:2B:81:08,-66,-69,27499,1476542352
54:60:09:F4:21:4A,-71,-66,24539,1476542352
A4:77:33:F8:A2:00,-44,-54,25658,1476542352
E6:71:85:62:06:38,-64,-67,60419,1476542412
E6:71:85:62:06:70,-64,-70,60663,1476542412
AC:CF:85:28:94:E2,-56,-63,54795,1476542412
54:60:09:2B:81:08,-72,-74,27559,1476542412
54:60:09:F4:21:4A,-72,-68,24599,1476542412
A4:77:33:F8:A2:00,-44,-54,25718,1476542412
E6:71:85:62:06:38,-61,-65,60479,1476542472
E6:71:85:62:06:70,-64,-69,60723,1476542472
AC:CF:85:28:94:E2,-55,-63,54855,1476542472
54:60:09:2B:81:08,-65,-68,27619,1476542472
54:60:09:F4:21:4A,-72,-68,24659,1476542472
A4:77:33:F8:A2:00,-44,-54,25778,1476542472
E6:71:85:62:06:38,-65,-68,60542,1476542535
E6:71:85:62:06:70,-64,-69,60786,1476542535
AC:CF:85:28:94:E2,-56,-62,54918,1476542535
54:60:09:2B:81:08,-72,-74,27682,1476542535
54:60:09:F4:21:4A,-73,-70,24722,1476542535
A4:77:33:F8:A2:00,-44,-54,25841,1476542535
E6:71:85:62:06:38,-65,-68,60602,1476542595
E6:71:85:62:06:70,-65,-70,60846,1476542595
AC:CF:85:28:94:E2,-55,-64,54978,1476542595
54:60:09:2B:81:08,-67,-70,27742,1476542595
54:60:09:F4:21:4A,-71,-66,24782,1476542595
A4:77:33:F8:A2:00,-44,-54,25901,1476542595
E6:71:85:62:06:38,-62,-65,60662,1476542655
E6:71:85:62:06:70,-65,-70,60906,1476542655
AC:CF:85:28:94:E2,-55,-62,55038,1476542655
54:60:09:2B:81:08,-69,-71,27802,1476542655
54:60:09:F4:21:4A,-71,-66,24842,1476542655
A4:77:33:F8:A2:00,-44,-54,25961,1476542655
E6:71:85:62:06:38,-63,-67,60722,1476542715
E6:71:85:62:06:70,-64,-69,60966,1476542715
AC:CF:85:28:94:E2,-56,-65,55098,1476542715
54:60:09:2B:81:08,-66,-69,27862,1476542715
54:60:09:F4:21:4A,-72,-68,24902,1476542715
A4:77:33:F8:A2:00,-44,-54,26021,1476542715
E6:71:85:62:06:38,-61,-65,60782,1476542775
E6:71:85:62:06:70,-64,-69,61026,1476542775
AC:CF:85:28:94:E2,-55,-64,55158,1476542775
54:60:09:2B:81:08,-70,-72,27922,1476542775
54:60:09:F4:21:4A,-79,-77,24962,1476542775
A4:77:33:F8:A2:00,-44,-54,26081,1476542775
E6:71:85:62:06:38,-62,-65,60845,1476542838
E6:71:85:62:06:70,-62,-67,61089,1476542838
AC:CF:85:28:94:E2,-54,-63,55221,1476542838
54:60:09:2B:81:08,-66,-69,27985,1476542838
54:60:09:F4:21:4A,-79,-77,25025,1476542838
A4:77:33:F8:A2:00,-44,-54,26144,1476542838
E6:71:85:62:06:38,-61,-65,60905,1476542898
E6:71:85:62:06:70,-65,-70,61149,1476542898
AC:CF:85:28:94:E2,-54,-63,55281,1476542898
54:60:09:2B:81:08,-68,-70,28045,1476542898
54:60:09:F4:21:4A,-75,-71,25085,1476542898
A4:77:33:F8:A2:00,-44,-54,26204,1476542898
E6:71:85:62:06:38,-63,-66,60965,1476542958
E6:71:85:62:06:70,-64,-71,61209,1476542958
AC:CF:85:28:94:E2,-66,-70,55341,1476542958
54:60:09:2B:81:08,-72,-74,28105,1476542958
54:60:09:F4:21:4A,-80,-77,25145,1476542958
A4:77:33:F8:A2:00,-44,-54,26264,1476542958
E6:71:85:62:06:38,-63,-66,61025,1476543018
E6:71:85:62:06:70,-63,-70,61269,1476543018
AC:CF:85:28:94:E2,-62,-74,55401,1476543018
54:60:09:2B:81:08,-71,-73,28165,1476543018
54:60:09:F4:21:4A,-79,-77,25205,1476543018
A4:77:33:F8:A2:00,-43,-54,26324,1476543018
E6:71:85:62:06:38,-63,-66,61085,1476543078
E6:71:85:62:06:70,-64,-71,61329,1476543078
AC:CF:85:28:94:E2,-59,-69,55461,1476543078
54:60:09:2B:81:08,-66,-68,28225,1476543078
54:60:09:F4:21:4A,-79,-77,25265,1476543078
A4:77:33:F8:A2:00,-44,-54,26384,1476543078
E6:71:85:62:06:38,-63,-66,61148,1476543141
E6:71:85:62:06:70,-64,-71,61392,1476543141
AC:CF:85:28:94:E2,-55,-69,55524,1476543141
54:60:09:2B:81:08,-70,-72,28288,1476543141
54:60:09:F4:21:4A,-77,-74,25328,1476543141
A4:77:33:F8:A2:00,-44,-54,26447,1476543141
E6:71:85:62:06:38,-62,-65,61208,1476543201
E6:71:85:62:06:70,-64,-69,61452,1476543201
AC:CF:85:28:94:E2,-60,-74,55584,1476543201
54:60:09:2B:81:08,-67,-69,28348,1476543201
54:60:09:F4:21:4A,-79,-77,25388,1476543201
A4:77:33:F8:A2:00,-44,-54,26507,1476543201
E6:71:85:62:06:38,-64,-67,61268,1476543261
E6:71:85:62:06:70,-64,-72,61512,1476543261
AC:CF:85:28:94:E2,-54,-68,55644,1476543261
54:60:09:2B:81:08,-70,-72,28408,1476543261
54:60:09:F4:21:4A,-78,-75,25448,1476543261
A4:77:33:F8:A2:00,-44,-54,26567,1476543261
E6:71:85:62:06:38,-62,-65,61328,1476543321
E6:71:85:62:06:70,-61,-69,61572,1476543321
AC:CF:85:28:94:E2,-55,-70,55704,1476543321
54:60:09:2B:81:08,-68,-71,28468,1476543321
54:60:09:F4:21:4A,-78,-76,25508,1476543321
A4:77:33:F8:A2:00,-44,-54,26627,1476543321
E6:71:85:62:06:38,-63,-67,61388,1476543381
E6:71:85:62:06:70,-62,-70,61632,1476543381
AC:CF:85:28:94:E2,-52,-68,55764,1476543381
54:60:09:2B:81:08,-69,-71,28528,1476543381
54:60:09:F4:21:4A,-75,-72,25568,1476543381
A4:77:33:F8:A2:00,-44,-54,26687,1476543381
E6:71:85:62:06:38,-62,-65,61448,1476543441
E6:71:85:62:06:70,-63,-72,61692,1476543441
AC:CF:85:28:94:E2,-55,-70,55824,1476543441
54:60:09:2B:81:08,-70,-73,28588,1476543441
54:60:09:F4:21:4A,-79,-77,25628,1476543441
A4:77:33:F8:A2:00,-44,-54,26747,1476543441
E6:71:85:62:06:38,-63,-67,61508,1476543501
E6:71:85:62:06:70,-64,-70,61752,1476543501
AC:CF:85:28:94:E2,-53,-69,55884,1476543501
54:60:09:2B:81:08,-68,-70,28648,1476543501
54:60:09:F4:21:4A,-75,-72,25688,1476543501
A4:77:33:F8:A2:00,-44,-54,26807,1476543501
E6:71:85:62:06:38,-62,-65,61568,1476543561
E6:71:85:62:06:70,-64,-72,61812,1476543561
AC:CF:85:28:94:E2,-53,-70,55944,1476543561
54:60:09:2B:81:08,-66,-68,28708,1476543561
54:60:09:F4:21:4A,-71,-68,25748,1476543561
A4:77:33:F8:A2:00,-43,-54,26867,1476543561
E6:71:85:62:06:38,-61,-65,61628,1476543621
E6:71:85:62:06:70,-64,-72,61872,1476543621
AC:CF:85:28:94:E2,-57,-64,56004,1476543621
54:60:09:2B:81:08,-67,-70,28768,1476543621
54:60:09:F4:21:4A,-73,-70,25808,1476543621
A4:77:33:F8:A2:00,-44,-54,26927,1476543621
E6:71:85:62:06:38,-65,-68,61691,1476543684
E6:71:85:62:06:70,-65,-72,61935,1476543684
AC:CF:85:28:94:E2,-58,-65,56067,1476543684
54:60:09:2B:81:08,-65,-69,28831,1476543684
54:60:09:F4:21:4A,-73,-70,25871,1476543684
A4:77:33:F8:A2:00,-44,-54,26990,1476543684
E6:71:85:62:06:38,-63,-65,61751,1476543744
E6:71:85:62:06:70,-65,-71,61995,1476543744
AC:CF:85:28:94:E2,-56,-60,56127,1476543744
54:60:09:2B:81:08,-66,-70,28891,1476543744
54:60:09:F4:21:4A,-74,-70,25931,1476543744
A4:77:33:F8:A2:00,-44,-54,27050,1476543744
E6:71:85:62:06:38,-65,-68,61811,1476543804
E6:71:85:62:06:70,-63,-69,62055,1476543804
AC:CF:85:28:94:E2,-56,-60,56187,1476543804
54:60:09:2B:81:08,-67,-70,28951,1476543804
54:60:09:F4:21:4A,-74,-70,25991,1476543804
A4:77:33:F8:A2:00,-44,-54,27110,1476543804
E6:71:85:62:06:38,-64,-67,61871,1476543864
E6:71:85:62:06:70,-65,-71,62115,1476543864
AC:CF:85:28:94:E2,-55,-62,56247,1476543864
54:60:09:2B:81:08,-66,-70,29011,1476543864
54:60:09:F4:21:4A,-73,-69,26051,1476543864
A4:77:33:F8:A2:00,-44,-54,27170,1476543864
E6:71:85:62:06:38,-61,-65,61931,1476543924
E6:71:85:62:06:70,-63,-69,62175,1476543924
AC:CF:85:28:94:E2,-59,-64,56307,1476543924
54:60:09:2B:81:08,-66,-70,29071,1476543924
54:60:09:F4:21:4A,-72,-68,26111,1476543924
A4:77:33:F8:A2:00,-44,-54,27230,1476543924
E6:71:85:62:06:38,-63,-66,61994,1476543987
E6:71:85:62:06:70,-64,-70,62238,1476543987
AC:CF:85:28:94:E2,-56,-65,56370,1476543987
54:60:09:2B:81:08,-66,-70,29134,1476543987
54:60:09:F4:21:4A,-74,-71,26174,1476543987
A4:77:33:F8:A2:00,-44,-54,27293,1476543987
E6:71:85:62:06:38,-64,-67,62054,1476544047
E6:71:85:62:06:70,-63,-70,62298,1476544047
AC:CF:85:28:94:E2,-58,-68,56430,1476544047
54:60:09:2B:81:08,-66,-70,29194,1476544047
54:60:09:F4:21:4A,-73,-68,26234,1476544047
A4:77:33:F8:A2:00,-44,-54,27353,1476544047
E6:71:85:62:06:38,-65,-68,62114,1476544107
E6:71:85:62:06:70,-62,-70,62358,1476544107
AC:CF:85:28:94:E2,-58,-66,56490,1476544107
54:60:09:2B:81:08,-72,-74,29254,1476544107
54:60:09:F4:21:4A,-71,-67,26294,1476544107
A4:77:33:F8:A2:00,-44,-54,27413,1476544107
E6:71:85:62:06:38,-64,-67,62174,1476544167
E6:71:85:62:06:70,-63,-70,62418,1476544167
AC:CF:85:28:94:E2,-60,-66,56550,1476544167
54:60:09:2B:81:08,-68,-71,29314,1476544167
54:60:09:F4:21:4A,-70,-66,26354,1476544167
A4:77:33:F8:A2:00,-44,-54,27473,1476544167
E6:71:85:62:06:38,-65,-69,62234,1476544227
E6:71:85:62:06:70,-63,-69,62478,1476544227
AC:CF:85:28:94:E2,-61,-64,56610,1476544227
54:60:09:2B:81:08,-70,-73,29374,1476544227
54:60:09:F4:21:4A,-70,-66,26414,1476544227
A4:77:33:F8:A2:00,-44,-54,27533,1476544227
E6:71:85:62:06:38,-63,-66,62297,1476544290
E6:71:85:62:06:70,-63,-69,62541,1476544290
AC:CF:85:28:94:E2,-60,-66,56673,1476544290
54:60:09:2B:81:08,-71,-73,29437,1476544290
54:60:09:F4:21:4A,-73,-69,26477,1476544290
A4:77:33:F8:A2:00,-44,-54,27596,1476544290
E6:71:85:62:06:38,-62,-66,62357,1476544350
E6:71:85:62:06:70,-64,-70,62601,1476544350
AC:CF:85:28:94:E2,-83,-88,56733,1476544350
54:60:09:2B:81:08,-70,-73,29497,1476544350
54:60:09:F4:21:4A,-72,-68,26537,1476544350
A4:77:33:F8:A2:00,-44,-54,27656,1476544350
E6:71:85:62:06:38,-65,-68,62417,1476544410
E6:71:85:62:06:70,-63,-70,62661,1476544410
AC:CF:85:28:94:E2,-73,-76,56793,1476544410
54:60:09:2B:81:08,-65,-68,29557,1476544410
54:60:09:F4:21:4A,-70,-67,26597,1476544410
A4:77:33:F8:A2:00,-44,-54,27716,1476544410
E6:71:85:62:06:38,-62,-66,62477,1476544470
E6:71:85:62:06:70,-64,-70,62721,1476544470
AC:CF:85:28:94:E2,-86,-91,56853,1476544470
54:60:09:2B:81:08,-70,-73,29617,1476544470
54:60:09:F4:21:4A,-79,-78,26657,1476544470
A4:77:33:F8:A2:00,-44,-54,27776,1476544470
E6:71:85:62:06:38,-63,-66,62537,1476544530
E6:71:85:62:06:70,-64,-70,62781,1476544530
AC:CF:85:28:94:E2,-86,-91,56913,1476544530
54:60:09:2B:81:08,-67,-70,29677,1476544530
54:60:09:F4:21:4A,-75,-72,26717,1476544530
A4:77:33:F8:A2:00,-44,-54,27836,1476544530
