Client_MAC,Rssi0,Rssi1,Connection_Time,EpocTime
E6:71:85:62:06:38,-62,-65,8514,1476490507
E6:71:85:62:06:70,-63,-67,8758,1476490507
AC:CF:85:28:94:E2,-62,-70,2890,1476490507
54:60:09:2B:81:08,-72,-77,13207,1476490507
54:60:09:F4:21:4A,-76,-76,13206,1476490507
A4:77:33:F8:A2:00,-41,-57,13203,1476490507
E6:71:85:62:06:38,-62,-64,8574,1476490567
E6:71:85:62:06:70,-64,-67,8818,1476490567
AC:CF:85:28:94:E2,-62,-70,2950,1476490567
54:60:09:2B:81:08,-69,-77,13267,1476490567
54:60:09:F4:21:4A,-69,-68,13266,1476490567
A4:77:33:F8:A2:00,-40,-57,13263,1476490567
E6:71:85:62:06:38,-59,-61,8634,1476490627
E6:71:85:62:06:70,-62,-66,8878,1476490627
AC:CF:85:28:94:E2,-62,-70,3010,1476490627
54:60:09:2B:81:08,-72,-77,13327,1476490627
54:60:09:F4:21:4A,-72,-73,13326,1476490627
A4:77:33:F8:A2:00,-41,-57,13323,1476490627
E6:71:85:62:06:38,-62,-64,8694,1476490687
E6:71:85:62:06:70,-62,-66,8938,1476490687
AC:CF:85:28:94:E2,-63,-71,3070,1476490687
54:60:09:2B:81:08,-67,-76,13387,1476490687
54:60:09:F4:21:4A,-78,-80,13386,1476490687
A4:77:33:F8:A2:00,-40,-57,13383,1476490687
E6:71:85:62:06:38,-58,-61,8754,1476490747
E6:71:85:62:06:70,-62,-65,8998,1476490747
AC:CF:85:28:94:E2,-63,-71,3130,1476490747
54:60:09:2B:81:08,-73,-77,13447,1476490747
54:60:09:F4:21:4A,-70,-69,13446,1476490747
A4:77:33:F8:A2:00,-41,-57,13443,1476490747
E6:71:85:62:06:38,-62,-65,8817,1476490810
E6:71:85:62:06:70,-64,-68,9061,1476490810
AC:CF:85:28:94:E2,-63,-71,3193,1476490810
54:60:09:2B:81:08,-68,-78,13510,1476490810
54:60:09:F4:21:4A,-69,-68,13509,1476490810
A4:77:33:F8:A2:00,-41,-57,13506,1476490810
E6:71:85:62:06:38,-60,-63,8877,1476490870
E6:71:85:62:06:70,-64,-68,9121,1476490870
AC:CF:85:28:94:E2,-62,-70,3253,1476490870
54:60:09:2B:81:08,-69,-77,13570,1476490870
54:60:09:F4:21:4A,-73,-73,13569,1476490870
A4:77:33:F8:A2:00,-40,-57,13566,1476490870
E6:71:85:62:06:38,-61,-64,8937,1476490930
E6:71:85:62:06:70,-63,-68,9181,1476490930
AC:CF:85:28:94:E2,-62,-69,3313,1476490930
54:60:09:2B:81:08,-67,-77,13630,1476490930
54:60:09:F4:21:4A,-72,-72,13629,1476490930
A4:77:33:F8:A2:00,-41,-57,13626,1476490930
E6:71:85:62:06:38,-61,-64,8997,1476490990
E6:71:85:62:06:70,-62,-66,9241,1476490990
AC:CF:85:28:94:E2,-61,-69,3373,1476490990
54:60:09:2B:81:08,-66,-75,13690,1476490990
54:60:09:F4:21:4A,-70,-70,13689,1476490990
A4:77:33:F8:A2:00,-41,-57,13686,1476490990
E6:71:85:62:06:38,-62,-64,9057,1476491050
E6:71:85:62:06:70,-62,-65,9301,1476491050
AC:CF:85:28:94:E2,-63,-70,3433,1476491050
54:60:09:2B:81:08,-67,-77,13750,1476491050
54:60:09:F4:21:4A,-72,-73,13749,1476491050
A4:77:33:F8:A2:00,-40,-57,13746,1476491050
E6:71:85:62:06:38,-58,-61,9120,1476491114
E6:71:85:62:06:70,-63,-68,9364,1476491114
AC:CF:85:28:94:E2,-63,-70,3496,1476491114
54:60:09:2B:81:08,-64,-74,13813,1476491114
54:60:09:F4:21:4A,-70,-70,13812,1476491114
A4:77:33:F8:A2:00,-41,-57,13809,1476491114
E6:71:85:62:06:38,-58,-61,9180,1476491174
E6:71:85:62:06:70,-61,-64,9424,1476491174
AC:CF:85:28:94:E2,-63,-70,3556,1476491174
54:60:09:2B:81:08,-66,-75,13873,1476491174
54:60:09:F4:21:4A,-71,-71,13872,1476491174
A4:77:33:F8:A2:00,-41,-57,13869,1476491174
E6:71:85:62:06:38,-59,-61,9240,1476491234
E6:71:85:62:06:70,-64,-67,9484,1476491234
AC:CF:85:28:94:E2,-62,-70,3616,1476491234
54:60:09:2B:81:08,-68,-77,13933,1476491234
54:60:09:F4:21:4A,-72,-72,13932,1476491234
A4:77:33:F8:A2:00,-41,-57,13929,1476491234
E6:71:85:62:06:38,-60,-63,9300,1476491294
E6:71:85:62:06:70,-63,-67,9544,1476491294
AC:CF:85:28:94:E2,-62,-69,3676,1476491294
54:60:09:2B:81:08,-65,-75,13993,1476491294
54:60:09:F4:21:4A,-79,-81,13992,1476491294
A4:77:33:F8:A2:00,-41,-57,13989,1476491294
E6:71:85:62:06:38,-58,-61,9360,1476491354
E6:71:85:62:06:70,-64,-67,9604,1476491354
AC:CF:85:28:94:E2,-62,-69,3736,1476491354
54:60:09:2B:81:08,-72,-78,14053,1476491354
54:60:09:F4:21:4A,-77,-79,14052,1476491354
A4:77:33:F8:A2:00,-41,-57,14049,1476491354
E6:71:85:62:06:38,-61,-64,9424,1476491417
E6:71:85:62:06:70,-63,-67,9668,1476491417
AC:CF:85:28:94:E2,-63,-71,3800,1476491417
54:60:09:2B:81:08,-69,-77,14117,1476491417
54:60:09:F4:21:4A,-77,-78,14116,1476491417
A4:77:33:F8:A2:00,-40,-57,14113,1476491417
E6:71:85:62:06:38,-62,-64,9484,1476491477
E6:71:85:62:06:70,-64,-67,9728,1476491477
AC:CF:85:28:94:E2,-63,-70,3860,1476491477
54:60:09:2B:81:08,-73,-77,14177,1476491477
54:60:09:F4:21:4A,-76,-76,14176,1476491477
A4:77:33:F8:A2:00,-41,-57,14173,1476491477
E6:71:85:62:06:38,-61,-64,9544,1476491537
E6:71:85:62:06:70,-61,-65,9788,1476491537
AC:CF:85:28:94:E2,-63,-70,3920,1476491537
54:60:09:2B:81:08,-66,-76,14237,1476491537
54:60:09:F4:21:4A,-76,-77,14236,1476491537
A4:77:33:F8:A2:00,-40,-57,14233,1476491537
E6:71:85:62:06:38,-62,-64,9604,1476491597
E6:71:85:62:06:70,-63,-67,9848,1476491597
AC:CF:85:28:94:E2,-64,-71,3980,1476491597
54:60:09:2B:81:08,-72,-77,14297,1476491597
54:60:09:F4:21:4A,-79,-80,14296,1476491597
A4:77:33:F8:A2:00,-40,-57,14293,1476491597
E6:71:85:62:06:38,-62,-64,9664,1476491657
E6:71:85:62:06:70,-61,-65,9908,1476491657
AC:CF:85:28:94:E2,-64,-71,4040,1476491657
54:60:09:2B:81:08,-67,-77,14357,1476491657
54:60:09:F4:21:4A,-79,-81,14356,1476491657
A4:77:33:F8:A2:00,-41,-57,14353,1476491657
E6:71:85:62:06:38,-62,-64,9724,1476491717
E6:71:85:62:06:70,-64,-68,9968,1476491717
AC:CF:85:28:94:E2,-62,-70,4100,1476491717
54:60:09:2B:81:08,-72,-77,14417,1476491717
54:60:09:F4:21:4A,-74,-74,14416,1476491717
A4:77:33:F8:A2:00,-41,-57,14413,1476491717
E6:71:85:62:06:38,-61,-64,9784,1476491777
E6:71:85:62:06:70,-63,-67,10028,1476491777
AC:CF:85:28:94:E2,-64,-72,4160,1476491777
54:60:09:2B:81:08,-68,-77,14477,1476491777
54:60:09:F4:21:4A,-72,-72,14476,1476491777
A4:77:33:F8:A2:00,-40,-57,14473,1476491777
E6:71:85:62:06:38,-61,-64,9844,1476491837
E6:71:85:62:06:70,-62,-67,10088,1476491837
AC:CF:85:28:94:E2,-63,-71,4220,1476491837
54:60:09:2B:81:08,-72,-77,14537,1476491837
54:60:09:F4:21:4A,-74,-75,14536,1476491837
A4:77:33:F8:A2:00,-40,-57,14533,1476491837
E6:71:85:62:06:38,-62,-64,9904,1476491897
E6:71:85:62:06:70,-63,-67,10148,1476491897
AC:CF:85:28:94:E2,-63,-70,4280,1476491897
54:60:09:2B:81:08,-67,-77,14597,1476491897
54:60:09:F4:21:4A,-71,-71,14596,1476491897
A4:77:33:F8:A2:00,-40,-57,14593,1476491897
E6:71:85:62:06:38,-61,-65,9967,1476491960
E6:71:85:62:06:70,-64,-68,10211,1476491960
AC:CF:85:28:94:E2,-62,-70,4343,1476491960
54:60:09:2B:81:08,-70,-77,14660,1476491960
54:60:09:F4:21:4A,-73,-74,14659,1476491960
A4:77:33:F8:A2:00,-41,-57,14656,1476491960
E6:71:85:62:06:38,-61,-64,10027,1476492020
E6:71:85:62:06:70,-63,-67,10271,1476492020
AC:CF:85:28:94:E2,-62,-70,4403,1476492020
54:60:09:2B:81:08,-67,-77,14720,1476492020
54:60:09:F4:21:4A,-73,-73,14719,1476492020
A4:77:33:F8:A2:00,-40,-56,14716,1476492020
E6:71:85:62:06:38,-63,-65,10087,1476492080
E6:71:85:62:06:70,-61,-67,10331,1476492080
AC:CF:85:28:94:E2,-62,-69,4463,1476492080
54:60:09:2B:81:08,-72,-77,14780,1476492080
54:60:09:F4:21:4A,-74,-74,14779,1476492080
A4:77:33:F8:A2:00,-40,-57,14776,1476492080
E6:71:85:62:06:38,-61,-64,10147,1476492140
E6:71:85:62:06:70,-61,-64,10391,1476492140
AC:CF:85:28:94:E2,-64,-71,4523,1476492140
54:60:09:2B:81:08,-67,-77,14840,1476492140
54:60:09:F4:21:4A,-79,-80,14839,1476492140
A4:77:33:F8:A2:00,-41,-57,14836,1476492140
E6:71:85:62:06:38,-61,-64,10207,1476492200
E6:71:85:62:06:70,-63,-67,10451,1476492200
AC:CF:85:28:94:E2,-63,-71,4583,1476492200
54:60:09:2B:81:08,-72,-78,14900,1476492200
54:60:09:F4:21:4A,-72,-73,14899,1476492200
A4:77:33:F8:A2:00,-40,-57,14896,1476492200
E6:71:85:62:06:38,-62,-64,10270,1476492263
E6:71:85:62:06:70,-61,-64,10514,1476492263
AC:CF:85:28:94:E2,-62,-70,4646,1476492263
54:60:09:2B:81:08,-66,-76,14963,1476492263
54:60:09:F4:21:4A,-71,-71,14962,1476492263
A4:77:33:F8:A2:00,-40,-57,14959,1476492263
E6:71:85:62:06:38,-63,-65,10330,1476492323
E6:71:85:62:06:70,-62,-66,10574,1476492323
AC:CF:85:28:94:E2,-62,-70,4706,1476492323
54:60:09:2B:81:08,-72,-78,15023,1476492323
54:60:09:F4:21:4A,-79,-80,15022,1476492323
A4:77:33:F8:A2:00,-40,-57,15019,1476492323
E6:71:85:62:06:38,-62,-64,10390,1476492383
E6:71:85:62:06:70,-63,-67,10634,1476492383
AC:CF:85:28:94:E2,-62,-70,4766,1476492383
54:60:09:2B:81:08,-65,-75,15083,1476492383
54:60:09:F4:21:4A,-71,-71,15082,1476492383
A4:77:33:F8:A2:00,-40,-57,15079,1476492383
E6:71:85:62:06:38,-61,-64,10450,1476492443
E6:71:85:62:06:70,-61,-64,10694,1476492443
AC:CF:85:28:94:E2,-62,-70,4826,1476492443
54:60:09:2B:81:08,-72,-77,15143,1476492443
54:60:09:F4:21:4A,-71,-71,15142,1476492443
A4:77:33:F8:A2:00,-40,-57,15139,1476492443
E6:71:85:62:06:38,-62,-64,10510,1476492503
E6:71:85:62:06:70,-63,-67,10754,1476492503
AC:CF:85:28:94:E2,-64,-71,4886,1476492503
54:60:09:2B:81:08,-66,-76,15203,1476492503
54:60:09:F4:21:4A,-71,-71,15202,1476492503
A4:77:33:F8:A2:00,-41,-57,15199,1476492503
E6:71:85:62:06:38,-62,-65,10573,1476492566
E6:71:85:62:06:70,-62,-66,10817,1476492566
AC:CF:85:28:94:E2,-63,-71,4949,1476492566
54:60:09:2B:81:08,-70,-77,15266,1476492566
54:60:09:F4:21:4A,-71,-71,15265,1476492566
A4:77:33:F8:A2:00,-41,-57,15262,1476492566
E6:71:85:62:06:38,-63,-65,10633,1476492626
E6:71:85:62:06:70,-61,-65,10877,1476492626
AC:CF:85:28:94:E2,-68,-79,5009,1476492626
54:60:09:2B:81:08,-71,-77,15326,1476492626
54:60:09:F4:21:4A,-74,-75,15325,1476492626
A4:77:33:F8:A2:00,-41,-57,15322,1476492626
E6:71:85:62:06:38,-61,-64,10693,1476492686
E6:71:85:62:06:70,-61,-65,10937,1476492686
AC:CF:85:28:94:E2,-69,-77,5069,1476492686
54:60:09:2B:81:08,-72,-78,15386,1476492686
54:60:09:F4:21:4A,-72,-72,15385,1476492686
A4:77:33:F8:A2:00,-41,-56,15382,1476492686
E6:71:85:62:06:38,-63,-65,10753,1476492746
E6:71:85:62:06:70,-62,-66,10997,1476492746
AC:CF:85:28:94:E2,-71,-76,5129,1476492746
54:60:09:2B:81:08,-68,-77,15446,1476492746
54:60:09:F4:21:4A,-71,-71,15445,1476492746
A4:77:33:F8:A2:00,-41,-57,15442,1476492746
E6:71:85:62:06:38,-62,-64,10813,1476492806
E6:71:85:62:06:70,-61,-66,11057,1476492806
AC:CF:85:28:94:E2,-72,-76,5189,1476492806
54:60:09:2B:81:08,-72,-78,15506,1476492806
54:60:09:F4:21:4A,-71,-71,15505,1476492806
A4:77:33:F8:A2:00,-41,-57,15502,1476492806
