Client_MAC,Rssi0,Rssi1,Connection_Time,EpocTime
E6:71:85:62:06:38,-60,-64,43877,1476525870
E6:71:85:62:06:70,-61,-65,44121,1476525870
AC:CF:85:28:94:E2,-64,-72,38253,1476525870
54:60:09:2B:81:08,-66,-77,11017,1476525870
54:60:09:F4:21:4A,-74,-68,8057,1476525870
A4:77:33:F8:A2:00,-41,-57,9176,1476525870
E6:71:85:62:06:38,-61,-65,43937,1476525930
E6:71:85:62:06:70,-61,-65,44181,1476525930
AC:CF:85:28:94:E2,-63,-72,38313,1476525930
54:60:09:2B:81:08,-67,-77,11077,1476525930
54:60:09:F4:21:4A,-76,-71,8117,1476525930
A4:77:33:F8:A2:00,-41,-57,9236,1476525930
E6:71:85:62:06:38,-61,-64,43997,1476525990
E6:71:85:62:06:70,-63,-67,44241,1476525990
AC:CF:85:28:94:E2,-63,-72,38373,1476525990
54:60:09:2B:81:08,-67,-77,11137,1476525990
54:60:09:F4:21:4A,-78,-77,8177,1476525990
A4:77:33:F8:A2:00,-41,-57,9296,1476525990
E6:71:85:62:06:38,-61,-64,44057,1476526050
E6:71:85:62:06:70,-60,-65,44301,1476526050
AC:CF:85:28:94:E2,-63,-72,38433,1476526050
54:60:09:2B:81:08,-68,-77,11197,1476526050
54:60:09:F4:21:4A,-78,-75,8237,1476526050
A4:77:33:F8:A2:00,-41,-57,9356,1476526050
E6:71:85:62:06:38,-61,-64,44117,1476526110
E6:71:85:62:06:70,-61,-65,44361,1476526110
AC:CF:85:28:94:E2,-63,-72,38493,1476526110
54:60:09:2B:81:08,-69,-77,11257,1476526110
54:60:09:F4:21:4A,-79,-80,8297,1476526110
A4:77:33:F8:A2:00,-41,-57,9416,1476526110
E6:71:85:62:06:38,-59,-63,44209,1476526202
E6:71:85:62:06:70,-63,-67,44453,1476526202
AC:CF:85:28:94:E2,-64,-72,38585,1476526202
54:60:09:2B:81:08,-68,-77,11349,1476526202
54:60:09:F4:21:4A,-76,-72,8389,1476526202
A4:77:33:F8:A2:00,-41,-57,9508,1476526202
E6:71:85:62:06:38,-56,-60,44269,1476526262
E6:71:85:62:06:70,-66,-71,44513,1476526262
AC:CF:85:28:94:E2,-63,-72,38645,1476526262
54:60:09:2B:81:08,-67,-77,11409,1476526262
54:60:09:F4:21:4A,-75,-70,8449,1476526262
A4:77:33:F8:A2:00,-40,-58,9568,1476526262
E6:71:85:62:06:38,-60,-64,44329,1476526322
E6:71:85:62:06:70,-64,-71,44573,1476526322
AC:CF:85:28:94:E2,-63,-71,38705,1476526322
54:60:09:2B:81:08,-69,-83,11469,1476526322
54:60:09:F4:21:4A,-69,-70,8509,1476526322
A4:77:33:F8:A2:00,-41,-58,9628,1476526322
E6:71:85:62:06:38,-58,-62,44389,1476526382
E6:71:85:62:06:70,-64,-71,44633,1476526382
AC:CF:85:28:94:E2,-63,-71,38765,1476526382
54:60:09:2B:81:08,-64,-76,11529,1476526382
54:60:09:F4:21:4A,-69,-70,8569,1476526382
A4:77:33:F8:A2:00,-41,-58,9688,1476526382
E6:71:85:62:06:38,-60,-64,44449,1476526442
E6:71:85:62:06:70,-64,-71,44693,1476526442
AC:CF:85:28:94:E2,-62,-70,38825,1476526442
54:60:09:2B:81:08,-65,-75,11589,1476526442
54:60:09:F4:21:4A,-69,-70,8629,1476526442
A4:77:33:F8:A2:00,-42,-58,9748,1476526442
E6:71:85:62:06:38,-60,-64,44512,1476526505
E6:71:85:62:06:70,-64,-71,44756,1476526505
AC:CF:85:28:94:E2,-64,-72,38888,1476526505
54:60:09:2B:81:08,-63,-76,11652,1476526505
54:60:09:F4:21:4A,-69,-70,8692,1476526505
A4:77:33:F8:A2:00,-41,-58,9811,1476526505
E6:71:85:62:06:38,-60,-64,44572,1476526565
E6:71:85:62:06:70,-64,-71,44816,1476526565
AC:CF:85:28:94:E2,-63,-72,38948,1476526565
54:60:09:2B:81:08,-66,-76,11712,1476526565
54:60:09:F4:21:4A,-69,-70,8752,1476526565
A4:77:33:F8:A2:00,-41,-58,9871,1476526565
E6:71:85:62:06:38,-60,-64,44632,1476526625
E6:71:85:62:06:70,-63,-71,44876,1476526625
AC:CF:85:28:94:E2,-63,-71,39008,1476526625
54:60:09:2B:81:08,-64,-78,11772,1476526625
54:60:09:F4:21:4A,-69,-69,8812,1476526625
A4:77:33:F8:A2:00,-40,-57,9931,1476526625
E6:71:85:62:06:38,-60,-64,44692,1476526685
E6:71:85:62:06:70,-62,-68,44936,1476526685
AC:CF:85:28:94:E2,-61,-70,39068,1476526685
54:60:09:2B:81:08,-65,-74,11832,1476526685
54:60:09:F4:21:4A,-67,-67,8872,1476526685
A4:77:33:F8:A2:00,-41,-58,9991,1476526685
E6:71:85:62:06:38,-60,-64,44752,1476526745
E6:71:85:62:06:70,-63,-70,44996,1476526745
AC:CF:85:28:94:E2,-62,-70,39128,1476526745
54:60:09:2B:81:08,-63,-72,11892,1476526745
54:60:09:F4:21:4A,-70,-71,8932,1476526745
A4:77:33:F8:A2:00,-41,-58,10051,1476526745
E6:71:85:62:06:38,-60,-64,44815,1476526808
E6:71:85:62:06:70,-63,-69,45059,1476526808
AC:CF:85:28:94:E2,-62,-70,39191,1476526808
54:60:09:2B:81:08,-65,-74,11955,1476526808
54:60:09:F4:21:4A,-70,-70,8995,1476526808
A4:77:33:F8:A2:00,-41,-58,10114,1476526808
E6:71:85:62:06:38,-60,-64,44875,1476526868
E6:71:85:62:06:70,-64,-70,45119,1476526868
AC:CF:85:28:94:E2,-65,-73,39251,1476526868
54:60:09:2B:81:08,-66,-74,12015,1476526868
54:60:09:F4:21:4A,-79,-80,9055,1476526868
A4:77:33:F8:A2:00,-41,-58,10174,1476526868
E6:71:85:62:06:38,-58,-62,44935,1476526928
E6:71:85:62:06:70,-64,-71,45179,1476526928
AC:CF:85:28:94:E2,-63,-71,39311,1476526928
54:60:09:2B:81:08,-71,-75,12075,1476526928
54:60:09:F4:21:4A,-75,-76,9115,1476526928
A4:77:33:F8:A2:00,-41,-58,10234,1476526928
E6:71:85:62:06:38,-60,-64,44995,1476526988
E6:71:85:62:06:70,-64,-71,45239,1476526988
AC:CF:85:28:94:E2,-62,-70,39371,1476526988
54:60:09:2B:81:08,-66,-73,12135,1476526988
54:60:09:F4:21:4A,-74,-75,9175,1476526988
A4:77:33:F8:A2:00,-41,-58,10294,1476526988
E6:71:85:62:06:38,-60,-64,45055,1476527048
E6:71:85:62:06:70,-61,-67,45299,1476527048
AC:CF:85:28:94:E2,-62,-70,39431,1476527048
54:60:09:2B:81:08,-71,-76,12195,1476527048
54:60:09:F4:21:4A,-73,-74,9235,1476527048
A4:77:33:F8:A2:00,-41,-58,10354,1476527048
E6:71:85:62:06:38,-60,-64,45118,1476527111
E6:71:85:62:06:70,-62,-70,45362,1476527111
AC:CF:85:28:94:E2,-61,-69,39494,1476527111
54:60:09:2B:81:08,-64,-72,12258,1476527111
54:60:09:F4:21:4A,-75,-76,9298,1476527111
A4:77:33:F8:A2:00,-41,-58,10417,1476527111
E6:71:85:62:06:38,-60,-64,45178,1476527171
E6:71:85:62:06:70,-62,-69,45422,1476527171
AC:CF:85:28:94:E2,-61,-69,39554,1476527171
54:60:09:2B:81:08,-71,-75,12318,1476527171
54:60:09:F4:21:4A,-73,-73,9358,1476527171
A4:77:33:F8:A2:00,-41,-58,10477,1476527171
E6:71:85:62:06:38,-60,-64,45238,1476527231
E6:71:85:62:06:70,-63,-70,45482,1476527231
AC:CF:85:28:94:E2,-63,-71,39614,1476527231
54:60:09:2B:81:08,-66,-75,12378,1476527231
54:60:09:F4:21:4A,-76,-77,9418,1476527231
A4:77:33:F8:A2:00,-41,-58,10537,1476527231
E6:71:85:62:06:38,-60,-64,45298,1476527291
E6:71:85:62:06:70,-63,-70,45542,1476527291
AC:CF:85:28:94:E2,-63,-71,39674,1476527291
54:60:09:2B:81:08,-67,-74,12438,1476527291
54:60:09:F4:21:4A,-72,-73,9478,1476527291
A4:77:33:F8:A2:00,-41,-58,10597,1476527291
E6:71:85:62:06:38,-60,-64,45358,1476527351
E6:71:85:62:06:70,-62,-69,45602,1476527351
AC:CF:85:28:94:E2,-63,-71,39734,1476527351
54:60:09:2B:81:08,-66,-75,12498,1476527351
54:60:09:F4:21:4A,-72,-72,9538,1476527351
A4:77:33:F8:A2:00,-41,-58,10657,1476527351
E6:71:85:62:06:38,-60,-64,45418,1476527411
E6:71:85:62:06:70,-61,-68,45662,1476527411
AC:CF:85:28:94:E2,-62,-70,39794,1476527411
54:60:09:2B:81:08,-68,-75,12558,1476527411
54:60:09:F4:21:4A,-69,-69,9598,1476527411
A4:77:33:F8:A2:00,-42,-58,10717,1476527411
E6:71:85:62:06:38,-60,-64,45478,1476527471
E6:71:85:62:06:70,-62,-68,45722,1476527471
AC:CF:85:28:94:E2,-63,-72,39854,1476527471
54:60:09:2B:81:08,-66,-72,12618,1476527471
54:60:09:F4:21:4A,-73,-74,9658,1476527471
A4:77:33:F8:A2:00,-41,-58,10777,1476527471
E6:71:85:62:06:38,-60,-64,45538,1476527531
E6:71:85:62:06:70,-63,-70,45782,1476527531
AC:CF:85:28:94:E2,-62,-70,39914,1476527531
54:60:09:2B:81:08,-67,-74,12678,1476527531
54:60:09:F4:21:4A,-76,-77,9718,1476527531
A4:77:33:F8:A2:00,-41,-58,10837,1476527531
E6:71:85:62:06:38,-60,-64,45598,1476527591
E6:71:85:62:06:70,-61,-67,45842,1476527591
AC:CF:85:28:94:E2,-64,-72,39974,1476527591
54:60:09:2B:81:08,-65,-73,12738,1476527591
54:60:09:F4:21:4A,-67,-68,9778,1476527591
A4:77:33:F8:A2:00,-42,-58,10897,1476527591
E6:71:85:62:06:38,-57,-61,45661,1476527654
E6:71:85:62:06:70,-64,-71,45905,1476527654
AC:CF:85:28:94:E2,-63,-71,40037,1476527654
54:60:09:2B:81:08,-68,-75,12801,1476527654
54:60:09:F4:21:4A,-73,-74,9841,1476527654
A4:77:33:F8:A2:00,-41,-58,10960,1476527654
E6:71:85:62:06:38,-57,-61,45721,1476527714
E6:71:85:62:06:70,-63,-70,45965,1476527714
AC:CF:85:28:94:E2,-64,-72,40097,1476527714
54:60:09:2B:81:08,-66,-74,12861,1476527714
54:60:09:F4:21:4A,-78,-79,9901,1476527714
A4:77:33:F8:A2:00,-41,-58,11020,1476527714
E6:71:85:62:06:38,-61,-65,45781,1476527774
E6:71:85:62:06:70,-64,-70,46025,1476527774
AC:CF:85:28:94:E2,-63,-71,40157,1476527774
54:60:09:2B:81:08,-63,-72,12921,1476527774
54:60:09:F4:21:4A,-70,-71,9961,1476527774
A4:77:33:F8:A2:00,-41,-58,11080,1476527774
E6:71:85:62:06:38,-60,-64,45841,1476527834
E6:71:85:62:06:70,-62,-68,46085,1476527834
AC:CF:85:28:94:E2,-62,-71,40217,1476527834
54:60:09:2B:81:08,-67,-74,12981,1476527834
54:60:09:F4:21:4A,-74,-75,10021,1476527834
A4:77:33:F8:A2:00,-41,-57,11140,1476527834
E6:71:85:62:06:38,-60,-64,45901,1476527894
E6:71:85:62:06:70,-61,-68,46145,1476527894
AC:CF:85:28:94:E2,-63,-71,40277,1476527894
54:60:09:2B:81:08,-64,-72,13041,1476527894
54:60:09:F4:21:4A,-70,-71,10081,1476527894
A4:77:33:F8:A2:00,-41,-58,11200,1476527894
E6:71:85:62:06:38,-60,-64,45988,1476527981
E6:71:85:62:06:70,-63,-70,46232,1476527981
AC:CF:85:28:94:E2,-63,-72,40364,1476527981
54:60:09:2B:81:08,-71,-75,13128,1476527981
54:60:09:F4:21:4A,-71,-72,10168,1476527981
A4:77:33:F8:A2:00,-41,-58,11287,1476527981
E6:71:85:62:06:38,-60,-64,46048,1476528041
E6:71:85:62:06:70,-63,-70,46292,1476528041
AC:CF:85:28:94:E2,-62,-71,40424,1476528041
54:60:09:2B:81:08,-68,-75,13188,1476528041
54:60:09:F4:21:4A,-78,-79,10228,1476528041
A4:77:33:F8:A2:00,-41,-58,11347,1476528041
E6:71:85:62:06:38,-60,-64,46108,1476528101
E6:71:85:62:06:70,-64,-71,46352,1476528101
AC:CF:85:28:94:E2,-61,-70,40484,1476528101
54:60:09:2B:81:08,-70,-76,13248,1476528101
54:60:09:F4:21:4A,-72,-73,10288,1476528101
A4:77:33:F8:A2:00,-42,-58,11407,1476528101
E6:71:85:62:06:38,-60,-64,46168,1476528161
E6:71:85:62:06:70,-61,-67,46412,1476528161
AC:CF:85:28:94:E2,-61,-69,40544,1476528161
54:60:09:2B:81:08,-67,-74,13308,1476528161
54:60:09:F4:21:4A,-75,-76,10348,1476528161
A4:77:33:F8:A2:00,-41,-58,11467,1476528161
E6:71:85:62:06:38,-60,-64,46228,1476528221
E6:71:85:62:06:70,-61,-67,46472,1476528221
AC:CF:85:28:94:E2,-61,-69,40604,1476528221
54:60:09:2B:81:08,-68,-75,13368,1476528221
54:60:09:F4:21:4A,-78,-79,10408,1476528221
A4:77:33:F8:A2:00,-41,-58,11527,1476528221
