Client_MAC,Rssi0,Rssi1,Connection_Time,EpocTime
E6:71:85:62:06:38,-64,-68,87858,1476569851
E6:71:85:62:06:70,-64,-69,88102,1476569851
A4:77:33:F8:A1:B8,-65,-70,8333,1476569851
54:60:09:2B:81:08,-67,-68,54998,1476569851
54:60:09:F4:21:4A,-76,-73,52038,1476569851
A4:77:33:F8:A2:00,-40,-54,53157,1476569851
E6:71:85:62:06:38,-64,-66,87918,1476569911
E6:71:85:62:06:70,-64,-69,88162,1476569911
A4:77:33:F8:A1:B8,-64,-69,8393,1476569911
54:60:09:2B:81:08,-63,-64,55058,1476569911
54:60:09:F4:21:4A,-76,-72,52098,1476569911
A4:77:33:F8:A2:00,-40,-54,53217,1476569911
E6:71:85:62:06:38,-64,-66,87978,1476569971
E6:71:85:62:06:70,-64,-69,88222,1476569971
A4:77:33:F8:A1:B8,-64,-68,8453,1476569971
54:60:09:2B:81:08,-67,-70,55118,1476569971
54:60:09:F4:21:4A,-71,-68,52158,1476569971
A4:77:33:F8:A2:00,-40,-54,53277,1476569971
E6:71:85:62:06:38,-62,-65,88038,1476570031
E6:71:85:62:06:70,-64,-70,88282,1476570031
A4:77:33:F8:A1:B8,-65,-70,8513,1476570031
54:60:09:2B:81:08,-63,-63,55178,1476570031
54:60:09:F4:21:4A,-73,-70,52218,1476570031
A4:77:33:F8:A2:00,-40,-54,53337,1476570031
E6:71:85:62:06:38,-64,-69,88105,1476570097
E6:71:85:62:06:70,-64,-69,88349,1476570097
A4:77:33:F8:A1:B8,-65,-70,8580,1476570097
54:60:09:2B:81:08,-67,-70,55245,1476570097
54:60:09:F4:21:4A,-73,-71,52285,1476570097
A4:77:33:F8:A2:00,-40,-54,53404,1476570097
E6:71:85:62:06:38,-64,-69,88165,1476570157
E6:71:85:62:06:70,-64,-69,88409,1476570157
A4:77:33:F8:A1:B8,-66,-70,8640,1476570157
54:60:09:2B:81:08,-65,-63,55305,1476570157
54:60:09:F4:21:4A,-80,-77,52345,1476570157
A4:77:33:F8:A2:00,-40,-54,53464,1476570157
E6:71:85:62:06:38,-62,-65,88225,1476570217
E6:71:85:62:06:70,-63,-69,88469,1476570217
A4:77:33:F8:A1:B8,-72,-76,8700,1476570217
54:60:09:2B:81:08,-68,-70,55365,1476570217
54:60:09:F4:21:4A,-75,-72,52405,1476570217
A4:77:33:F8:A2:00,-40,-54,53524,1476570217
E6:71:85:62:06:38,-63,-66,88285,1476570277
E6:71:85:62:06:70,-64,-69,88529,1476570277
A4:77:33:F8:A1:B8,-68,-73,8760,1476570277
54:60:09:2B:81:08,-66,-65,55425,1476570277
54:60:09:F4:21:4A,-71,-68,52465,1476570277
A4:77:33:F8:A2:00,-40,-54,53584,1476570277
E6:71:85:62:06:38,-65,-67,88345,1476570337
E6:71:85:62:06:70,-65,-70,88589,1476570337
A4:77:33:F8:A1:B8,-68,-73,8820,1476570337
54:60:09:2B:81:08,-67,-70,55485,1476570337
54:60:09:F4:21:4A,-71,-68,52525,1476570337
A4:77:33:F8:A2:00,-40,-55,53644,1476570337
E6:71:85:62:06:38,-63,-67,88408,1476570400
E6:71:85:62:06:70,-64,-70,88652,1476570400
A4:77:33:F8:A1:B8,-68,-73,8883,1476570400
54:60:09:2B:81:08,-67,-66,55548,1476570400
54:60:09:F4:21:4A,-72,-70,52588,1476570400
A4:77:33:F8:A2:00,-40,-54,53707,1476570400
E6:71:85:62:06:38,-63,-66,88468,1476570460
E6:71:85:62:06:70,-63,-69,88712,1476570460
A4:77:33:F8:A1:B8,-69,-74,8943,1476570460
54:60:09:2B:81:08,-65,-65,55608,1476570460
54:60:09:F4:21:4A,-73,-71,52648,1476570460
A4:77:33:F8:A2:00,-40,-54,53767,1476570460
E6:71:85:62:06:38,-63,-66,88528,1476570520
E6:71:85:62:06:70,-63,-69,88772,1476570520
A4:77:33:F8:A1:B8,-71,-76,9003,1476570520
54:60:09:2B:81:08,-66,-67,55668,1476570520
54:60:09:F4:21:4A,-73,-70,52708,1476570520
A4:77:33:F8:A2:00,-40,-54,53827,1476570520
E6:71:85:62:06:38,-64,-68,88588,1476570581
E6:71:85:62:06:70,-63,-69,88832,1476570581
A4:77:33:F8:A1:B8,-72,-77,9063,1476570581
54:60:09:2B:81:08,-69,-70,55728,1476570581
54:60:09:F4:21:4A,-73,-70,52768,1476570581
A4:77:33:F8:A2:00,-40,-54,53887,1476570581
E6:71:85:62:06:38,-63,-66,88648,1476570641
E6:71:85:62:06:70,-64,-69,88892,1476570641
A4:77:33:F8:A1:B8,-69,-74,9123,1476570641
54:60:09:2B:81:08,-64,-66,55788,1476570641
54:60:09:F4:21:4A,-71,-68,52828,1476570641
A4:77:33:F8:A2:00,-40,-54,53947,1476570641
E6:71:85:62:06:38,-63,-66,88747,1476570739
E6:71:85:62:06:70,-64,-69,88991,1476570739
A4:77:33:F8:A1:B8,-68,-73,9222,1476570739
54:60:09:2B:81:08,-66,-65,55887,1476570739
54:60:09:F4:21:4A,-76,-74,52927,1476570739
A4:77:33:F8:A2:00,-40,-54,54046,1476570739
E6:71:85:62:06:38,-65,-69,88807,1476570799
E6:71:85:62:06:70,-63,-69,89051,1476570799
A4:77:33:F8:A1:B8,-71,-76,9282,1476570799
54:60:09:2B:81:08,-65,-64,55947,1476570799
54:60:09:F4:21:4A,-75,-73,52987,1476570799
A4:77:33:F8:A2:00,-40,-54,54106,1476570799
E6:71:85:62:06:38,-62,-65,88867,1476570859
E6:71:85:62:06:70,-64,-69,89111,1476570859
A4:77:33:F8:A1:B8,-64,-69,9342,1476570859
54:60:09:2B:81:08,-64,-64,56007,1476570859
54:60:09:F4:21:4A,-74,-71,53047,1476570859
A4:77:33:F8:A2:00,-40,-54,54166,1476570859
E6:71:85:62:06:38,-62,-65,88927,1476570919
E6:71:85:62:06:70,-64,-69,89171,1476570919
A4:77:33:F8:A1:B8,-65,-69,9402,1476570919
54:60:09:2B:81:08,-65,-65,56067,1476570919
54:60:09:F4:21:4A,-75,-72,53107,1476570919
A4:77:33:F8:A2:00,-40,-54,54226,1476570919
E6:71:85:62:06:38,-62,-65,88987,1476570979
E6:71:85:62:06:70,-63,-69,89231,1476570979
A4:77:33:F8:A1:B8,-66,-70,9462,1476570979
54:60:09:2B:81:08,-66,-65,56127,1476570979
54:60:09:F4:21:4A,-79,-77,53167,1476570979
A4:77:33:F8:A2:00,-40,-54,54286,1476570979
E6:71:85:62:06:38,-63,-66,89050,1476571042
E6:71:85:62:06:70,-64,-70,89294,1476571042
A4:77:33:F8:A1:B8,-66,-71,9525,1476571042
54:60:09:2B:81:08,-68,-67,56190,1476571042
54:60:09:F4:21:4A,-76,-74,53230,1476571042
A4:77:33:F8:A2:00,-40,-54,54349,1476571042
E6:71:85:62:06:38,-63,-66,89110,1476571102
E6:71:85:62:06:70,-63,-69,89354,1476571102
A4:77:33:F8:A1:B8,-64,-69,9585,1476571102
54:60:09:2B:81:08,-65,-66,56250,1476571102
54:60:09:F4:21:4A,-73,-70,53290,1476571102
A4:77:33:F8:A2:00,-40,-54,54409,1476571102
E6:71:85:62:06:38,-65,-68,89170,1476571162
E6:71:85:62:06:70,-64,-69,89414,1476571162
A4:77:33:F8:A1:B8,-70,-75,9645,1476571162
54:60:09:2B:81:08,-64,-66,56310,1476571162
54:60:09:F4:21:4A,-76,-73,53350,1476571162
A4:77:33:F8:A2:00,-40,-54,54469,1476571162
E6:71:85:62:06:38,-62,-65,89230,1476571222
E6:71:85:62:06:70,-63,-68,89474,1476571222
A4:77:33:F8:A1:B8,-68,-72,9705,1476571222
54:60:09:2B:81:08,-64,-64,56370,1476571222
54:60:09:F4:21:4A,-74,-71,53410,1476571222
A4:77:33:F8:A2:00,-40,-54,54529,1476571222
E6:71:85:62:06:38,-63,-66,89290,1476571282
E6:71:85:62:06:70,-64,-69,89534,1476571282
A4:77:33:F8:A1:B8,-71,-75,9765,1476571282
54:60:09:2B:81:08,-65,-65,56430,1476571282
54:60:09:F4:21:4A,-78,-76,53470,1476571282
A4:77:33:F8:A2:00,-40,-54,54589,1476571282
E6:71:85:62:06:38,-64,-69,89353,1476571346
E6:71:85:62:06:70,-64,-70,89597,1476571346
A4:77:33:F8:A1:B8,-72,-77,9828,1476571346
54:60:09:2B:81:08,-68,-69,56493,1476571346
54:60:09:F4:21:4A,-79,-78,53533,1476571346
A4:77:33:F8:A2:00,-40,-54,54652,1476571346
E6:71:85:62:06:38,-62,-66,89413,1476571406
E6:71:85:62:06:70,-64,-69,89657,1476571406
A4:77:33:F8:A1:B8,-72,-76,9888,1476571406
54:60:09:2B:81:08,-65,-65,56553,1476571406
54:60:09:F4:21:4A,-73,-70,53593,1476571406
A4:77:33:F8:A2:00,-40,-54,54712,1476571406
E6:71:85:62:06:38,-63,-65,89473,1476571466
E6:71:85:62:06:70,-64,-69,89717,1476571466
A4:77:33:F8:A1:B8,-70,-74,9948,1476571466
54:60:09:2B:81:08,-66,-66,56613,1476571466
54:60:09:F4:21:4A,-73,-70,53653,1476571466
A4:77:33:F8:A2:00,-40,-54,54772,1476571466
E6:71:85:62:06:38,-65,-68,89533,1476571526
E6:71:85:62:06:70,-64,-70,89777,1476571526
A4:77:33:F8:A1:B8,-67,-72,10008,1476571526
54:60:09:2B:81:08,-67,-69,56673,1476571526
54:60:09:F4:21:4A,-74,-72,53713,1476571526
A4:77:33:F8:A2:00,-40,-54,54832,1476571526
E6:71:85:62:06:38,-63,-65,89593,1476571586
E6:71:85:62:06:70,-63,-69,89837,1476571586
A4:77:33:F8:A1:B8,-72,-77,10068,1476571586
54:60:09:2B:81:08,-69,-72,56733,1476571586
54:60:09:F4:21:4A,-73,-70,53773,1476571586
A4:77:33:F8:A2:00,-40,-54,54892,1476571586
E6:71:85:62:06:38,-65,-68,89656,1476571649
E6:71:85:62:06:70,-64,-69,89900,1476571649
A4:77:33:F8:A1:B8,-68,-73,10131,1476571649
54:60:09:2B:81:08,-66,-67,56796,1476571649
54:60:09:F4:21:4A,-73,-70,53836,1476571649
A4:77:33:F8:A2:00,-40,-54,54955,1476571649
E6:71:85:62:06:38,-63,-66,89716,1476571709
E6:71:85:62:06:70,-64,-70,89960,1476571709
A4:77:33:F8:A1:B8,-72,-76,10191,1476571709
54:60:09:2B:81:08,-69,-69,56856,1476571709
54:60:09:F4:21:4A,-73,-69,53896,1476571709
A4:77:33:F8:A2:00,-40,-54,55015,1476571709
E6:71:85:62:06:38,-63,-65,89776,1476571769
E6:71:85:62:06:70,-63,-69,90020,1476571769
A4:77:33:F8:A1:B8,-72,-76,10251,1476571769
54:60:09:2B:81:08,-65,-66,56916,1476571769
54:60:09:F4:21:4A,-71,-68,53956,1476571769
A4:77:33:F8:A2:00,-40,-54,55075,1476571769
E6:71:85:62:06:38,-62,-65,89836,1476571829
E6:71:85:62:06:70,-63,-69,90080,1476571829
A4:77:33:F8:A1:B8,-66,-70,10311,1476571829
54:60:09:2B:81:08,-68,-70,56976,1476571829
54:60:09:F4:21:4A,-71,-68,54016,1476571829
A4:77:33:F8:A2:00,-40,-54,55135,1476571829
E6:71:85:62:06:38,-62,-66,89902,1476571895
E6:71:85:62:06:70,-63,-69,90146,1476571895
A4:77:33:F8:A1:B8,-67,-71,10377,1476571895
54:60:09:2B:81:08,-65,-66,57042,1476571895
54:60:09:F4:21:4A,-72,-69,54082,1476571895
A4:77:33:F8:A2:00,-40,-54,55201,1476571895
E6:71:85:62:06:38,-62,-65,89962,1476571955
E6:71:85:62:06:70,-64,-69,90206,1476571955
A4:77:33:F8:A1:B8,-68,-73,10437,1476571955
54:60:09:2B:81:08,-68,-70,57102,1476571955
54:60:09:F4:21:4A,-71,-68,54142,1476571955
A4:77:33:F8:A2:00,-40,-54,55261,1476571955
E6:71:85:62:06:38,-62,-65,90022,1476572015
E6:71:85:62:06:70,-64,-69,90266,1476572015
A4:77:33:F8:A1:B8,-71,-76,10497,1476572015
54:60:09:2B:81:08,-63,-65,57162,1476572015
54:60:09:F4:21:4A,-79,-78,54202,1476572015
A4:77:33:F8:A2:00,-40,-54,55321,1476572015
E6:71:85:62:06:38,-62,-65,90082,1476572075
E6:71:85:62:06:70,-64,-69,90326,1476572075
A4:77:33:F8:A1:B8,-70,-74,10557,1476572075
54:60:09:2B:81:08,-67,-69,57222,1476572075
54:60:09:F4:21:4A,-77,-75,54262,1476572075
A4:77:33:F8:A2:00,-40,-54,55381,1476572075
E6:71:85:62:06:38,-62,-65,90142,1476572135
E6:71:85:62:06:70,-64,-69,90386,1476572135
A4:77:33:F8:A1:B8,-67,-72,10617,1476572135
54:60:09:2B:81:08,-65,-65,57282,1476572135
54:60:09:F4:21:4A,-76,-73,54322,1476572135
A4:77:33:F8:A2:00,-40,-54,55441,1476572135
E6:71:85:62:06:38,-63,-66,90206,1476572198
E6:71:85:62:06:70,-64,-69,90450,1476572198
A4:77:33:F8:A1:B8,-70,-75,10681,1476572198
54:60:09:2B:81:08,-67,-70,57346,1476572198
54:60:09:F4:21:4A,-80,-78,54386,1476572198
A4:77:33:F8:A2:00,-40,-54,55505,1476572198
E6:71:85:62:06:38,-63,-66,90266,1476572258
E6:71:85:62:06:70,-64,-69,90510,1476572258
A4:77:33:F8:A1:B8,-64,-68,10741,1476572258
54:60:09:2B:81:08,-65,-67,57406,1476572258
54:60:09:F4:21:4A,-76,-73,54446,1476572258
A4:77:33:F8:A2:00,-40,-54,55565,1476572258
E6:71:85:62:06:38,-63,-66,90326,1476572318
E6:71:85:62:06:70,-64,-69,90570,1476572318
A4:77:33:F8:A1:B8,-65,-70,10801,1476572318
54:60:09:2B:81:08,-67,-70,57466,1476572318
54:60:09:F4:21:4A,-77,-75,54506,1476572318
A4:77:33:F8:A2:00,-40,-54,55625,1476572318
E6:71:85:62:06:38,-62,-65,90386,1476572378
E6:71:85:62:06:70,-63,-69,90630,1476572378
A4:77:33:F8:A1:B8,-68,-73,10861,1476572378
54:60:09:2B:81:08,-65,-63,57526,1476572378
54:60:09:F4:21:4A,-77,-75,54566,1476572378
A4:77:33:F8:A2:00,-40,-54,55685,1476572378
E6:71:85:62:06:38,-63,-66,90446,1476572438
E6:71:85:62:06:70,-63,-69,90690,1476572438
A4:77:33:F8:A1:B8,-68,-73,10921,1476572438
54:60:09:2B:81:08,-68,-71,57586,1476572438
54:60:09:F4:21:4A,-76,-73,54626,1476572438
A4:77:33:F8:A2:00,-40,-54,55745,1476572438
