Client_MAC,Rssi0,Rssi1,Connection_Time,EpocTime
E6:71:85:62:06:38,-60,-64,30865,1476512858
E6:71:85:62:06:70,-61,-64,31109,1476512858
AC:CF:85:28:94:E2,-62,-71,25241,1476512858
54:60:09:2B:81:08,-70,-77,35558,1476512858
54:60:09:F4:21:4A,-71,-70,35557,1476512858
A4:77:33:F8:A2:00,-40,-57,35554,1476512858
E6:71:85:62:06:38,-56,-60,30925,1476512918
E6:71:85:62:06:70,-63,-66,31169,1476512918
AC:CF:85:28:94:E2,-64,-72,25301,1476512918
54:60:09:2B:81:08,-65,-75,35618,1476512918
54:60:09:F4:21:4A,-69,-68,35617,1476512918
A4:77:33:F8:A2:00,-40,-57,35614,1476512918
E6:71:85:62:06:38,-60,-64,30985,1476512978
E6:71:85:62:06:70,-63,-67,31229,1476512978
AC:CF:85:28:94:E2,-63,-71,25361,1476512978
54:60:09:2B:81:08,-69,-77,35678,1476512978
54:60:09:F4:21:4A,-69,-68,35677,1476512978
A4:77:33:F8:A2:00,-40,-57,35674,1476512978
E6:71:85:62:06:38,-61,-65,31045,1476513038
E6:71:85:62:06:70,-64,-68,31289,1476513038
AC:CF:85:28:94:E2,-63,-72,25421,1476513038
54:60:09:2B:81:08,-67,-76,35738,1476513038
54:60:09:F4:21:4A,-72,-72,35737,1476513038
A4:77:33:F8:A2:00,-40,-57,35734,1476513038
E6:71:85:62:06:38,-60,-64,31105,1476513098
E6:71:85:62:06:70,-63,-67,31349,1476513098
AC:CF:85:28:94:E2,-63,-71,25481,1476513098
54:60:09:2B:81:08,-68,-76,35798,1476513098
54:60:09:F4:21:4A,-75,-76,35797,1476513098
A4:77:33:F8:A2:00,-41,-57,35794,1476513098
E6:71:85:62:06:38,-62,-65,31165,1476513158
E6:71:85:62:06:70,-61,-65,31409,1476513158
AC:CF:85:28:94:E2,-63,-72,25541,1476513158
54:60:09:2B:81:08,-66,-76,35858,1476513158
54:60:09:F4:21:4A,-77,-78,35857,1476513158
A4:77:33:F8:A2:00,-41,-57,35854,1476513158
E6:71:85:62:06:38,-61,-65,31225,1476513218
E6:71:85:62:06:70,-63,-67,31469,1476513218
AC:CF:85:28:94:E2,-62,-70,25601,1476513218
54:60:09:2B:81:08,-69,-77,35918,1476513218
54:60:09:F4:21:4A,-80,-81,35917,1476513218
A4:77:33:F8:A2:00,-41,-57,35914,1476513218
E6:71:85:62:06:38,-56,-60,31285,1476513278
E6:71:85:62:06:70,-61,-65,31529,1476513278
AC:CF:85:28:94:E2,-62,-70,25661,1476513278
54:60:09:2B:81:08,-71,-77,35978,1476513278
54:60:09:F4:21:4A,-72,-72,35977,1476513278
A4:77:33:F8:A2:00,-40,-57,35974,1476513278
E6:71:85:62:06:38,-56,-60,31345,1476513338
E6:71:85:62:06:70,-61,-66,31589,1476513338
AC:CF:85:28:94:E2,-62,-70,25721,1476513338
54:60:09:2B:81:08,-69,-77,36038,1476513338
54:60:09:F4:21:4A,-74,-75,36037,1476513338
A4:77:33:F8:A2:00,-41,-57,36034,1476513338
E6:71:85:62:06:38,-57,-61,31408,1476513401
E6:71:85:62:06:70,-60,-65,31652,1476513401
AC:CF:85:28:94:E2,-62,-70,25784,1476513401
54:60:09:2B:81:08,-72,-78,36101,1476513401
54:60:09:F4:21:4A,-74,-75,36100,1476513401
A4:77:33:F8:A2:00,-40,-57,36097,1476513401
E6:71:85:62:06:38,-60,-63,31468,1476513461
E6:71:85:62:06:70,-61,-65,31712,1476513461
AC:CF:85:28:94:E2,-61,-69,25844,1476513461
54:60:09:2B:81:08,-69,-77,36161,1476513461
54:60:09:F4:21:4A,-78,-80,36160,1476513461
A4:77:33:F8:A2:00,-40,-57,36157,1476513461
E6:71:85:62:06:38,-57,-61,31528,1476513521
E6:71:85:62:06:70,-61,-65,31772,1476513521
AC:CF:85:28:94:E2,-64,-72,25904,1476513521
54:60:09:2B:81:08,-72,-77,36221,1476513521
54:60:09:F4:21:4A,-78,-80,36220,1476513521
A4:77:33:F8:A2:00,-40,-57,36217,1476513521
E6:71:85:62:06:38,-57,-61,31588,1476513581
E6:71:85:62:06:70,-63,-67,31832,1476513581
AC:CF:85:28:94:E2,-63,-71,25964,1476513581
54:60:09:2B:81:08,-68,-77,36281,1476513581
54:60:09:F4:21:4A,-74,-74,36280,1476513581
A4:77:33:F8:A2:00,-40,-57,36277,1476513581
E6:71:85:62:06:38,-59,-63,31648,1476513641
E6:71:85:62:06:70,-61,-65,31892,1476513641
AC:CF:85:28:94:E2,-62,-71,26024,1476513641
54:60:09:2B:81:08,-72,-77,36341,1476513641
54:60:09:F4:21:4A,-73,-73,36340,1476513641
A4:77:33:F8:A2:00,-41,-57,36337,1476513641
E6:71:85:62:06:38,-59,-63,31711,1476513704
E6:71:85:62:06:70,-64,-68,31955,1476513704
AC:CF:85:28:94:E2,-63,-72,26087,1476513704
54:60:09:2B:81:08,-68,-77,36404,1476513704
54:60:09:F4:21:4A,-73,-74,36403,1476513704
A4:77:33:F8:A2:00,-41,-57,36400,1476513704
E6:71:85:62:06:38,-60,-64,31771,1476513764
E6:71:85:62:06:70,-63,-67,32015,1476513764
AC:CF:85:28:94:E2,-62,-71,26147,1476513764
54:60:09:2B:81:08,-66,-76,36464,1476513764
54:60:09:F4:21:4A,-73,-73,36463,1476513764
A4:77:33:F8:A2:00,-41,-57,36460,1476513764
E6:71:85:62:06:38,-61,-64,31831,1476513824
E6:71:85:62:06:70,-61,-65,32075,1476513824
AC:CF:85:28:94:E2,-62,-71,26207,1476513824
54:60:09:2B:81:08,-67,-76,36524,1476513824
54:60:09:F4:21:4A,-73,-74,36523,1476513824
A4:77:33:F8:A2:00,-40,-57,36520,1476513824
E6:71:85:62:06:38,-61,-65,31891,1476513884
E6:71:85:62:06:70,-62,-66,32135,1476513884
AC:CF:85:28:94:E2,-62,-70,26267,1476513884
54:60:09:2B:81:08,-65,-75,36584,1476513884
54:60:09:F4:21:4A,-73,-73,36583,1476513884
A4:77:33:F8:A2:00,-40,-57,36580,1476513884
E6:71:85:62:06:38,-60,-64,31951,1476513944
E6:71:85:62:06:70,-63,-67,32195,1476513944
AC:CF:85:28:94:E2,-60,-69,26327,1476513944
54:60:09:2B:81:08,-66,-76,36644,1476513944
54:60:09:F4:21:4A,-72,-71,36643,1476513944
A4:77:33:F8:A2:00,-41,-57,36640,1476513944
E6:71:85:62:06:38,-60,-64,32014,1476514007
E6:71:85:62:06:70,-61,-65,32258,1476514007
AC:CF:85:28:94:E2,-63,-72,26390,1476514007
54:60:09:2B:81:08,-68,-77,36707,1476514007
54:60:09:F4:21:4A,-69,-69,36706,1476514007
A4:77:33:F8:A2:00,-41,-57,36703,1476514007
E6:71:85:62:06:38,-60,-64,32074,1476514067
E6:71:85:62:06:70,-61,-66,32318,1476514067
AC:CF:85:28:94:E2,-65,-73,26450,1476514067
54:60:09:2B:81:08,-66,-76,36767,1476514067
54:60:09:F4:21:4A,-72,-72,36766,1476514067
A4:77:33:F8:A2:00,-41,-57,36763,1476514067
E6:71:85:62:06:38,-61,-65,32134,1476514127
E6:71:85:62:06:70,-61,-65,32378,1476514127
AC:CF:85:28:94:E2,-63,-71,26510,1476514127
54:60:09:2B:81:08,-67,-77,36827,1476514127
54:60:09:F4:21:4A,-79,-80,36826,1476514127
A4:77:33:F8:A2:00,-41,-57,36823,1476514127
E6:71:85:62:06:38,-60,-64,32194,1476514187
E6:71:85:62:06:70,-61,-65,32438,1476514187
AC:CF:85:28:94:E2,-64,-72,26570,1476514187
54:60:09:2B:81:08,-67,-77,36887,1476514187
54:60:09:F4:21:4A,-71,-71,36886,1476514187
A4:77:33:F8:A2:00,-41,-57,36883,1476514187
E6:71:85:62:06:38,-60,-64,32254,1476514247
E6:71:85:62:06:70,-61,-65,32498,1476514247
AC:CF:85:28:94:E2,-64,-72,26630,1476514247
54:60:09:2B:81:08,-67,-77,36947,1476514247
54:60:09:F4:21:4A,-72,-71,36946,1476514247
A4:77:33:F8:A2:00,-41,-57,36943,1476514247
E6:71:85:62:06:38,-60,-64,32317,1476514310
E6:71:85:62:06:70,-63,-68,32561,1476514310
AC:CF:85:28:94:E2,-63,-72,26693,1476514310
54:60:09:2B:81:08,-65,-75,37010,1476514310
54:60:09:F4:21:4A,-72,-71,37009,1476514310
A4:77:33:F8:A2:00,-41,-57,37006,1476514310
E6:71:85:62:06:38,-60,-64,32377,1476514370
E6:71:85:62:06:70,-61,-65,32621,1476514370
AC:CF:85:28:94:E2,-63,-72,26753,1476514370
54:60:09:2B:81:08,-67,-77,37070,1476514370
54:60:09:F4:21:4A,-69,-69,37069,1476514370
A4:77:33:F8:A2:00,-41,-57,37066,1476514370
E6:71:85:62:06:38,-60,-64,32437,1476514430
E6:71:85:62:06:70,-60,-64,32681,1476514430
AC:CF:85:28:94:E2,-63,-72,26813,1476514430
54:60:09:2B:81:08,-68,-77,37130,1476514430
54:60:09:F4:21:4A,-72,-72,37129,1476514430
A4:77:33:F8:A2:00,-40,-57,37126,1476514430
E6:71:85:62:06:38,-59,-63,32497,1476514490
E6:71:85:62:06:70,-63,-67,32741,1476514490
AC:CF:85:28:94:E2,-64,-72,26873,1476514490
54:60:09:2B:81:08,-72,-77,37190,1476514490
54:60:09:F4:21:4A,-69,-69,37189,1476514490
A4:77:33:F8:A2:00,-41,-57,37186,1476514490
E6:71:85:62:06:38,-57,-61,32557,1476514550
E6:71:85:62:06:70,-61,-66,32801,1476514550
AC:CF:85:28:94:E2,-63,-72,26933,1476514550
54:60:09:2B:81:08,-69,-76,37250,1476514550
54:60:09:F4:21:4A,-69,-69,37249,1476514550
A4:77:33:F8:A2:00,-33,-50,37246,1476514550
E6:71:85:62:06:38,-56,-60,32620,1476514613
E6:71:85:62:06:70,-63,-67,32864,1476514613
AC:CF:85:28:94:E2,-62,-71,26996,1476514613
54:60:09:2B:81:08,-72,-77,37313,1476514613
54:60:09:F4:21:4A,-72,-72,37312,1476514613
A4:77:33:F8:A2:00,-40,-57,37309,1476514613
E6:71:85:62:06:38,-56,-60,32680,1476514673
E6:71:85:62:06:70,-63,-67,32924,1476514673
AC:CF:85:28:94:E2,-61,-70,27056,1476514673
54:60:09:2B:81:08,-69,-77,37373,1476514673
54:60:09:F4:21:4A,-71,-71,37372,1476514673
A4:77:33:F8:A2:00,-41,-57,37369,1476514673
E6:71:85:62:06:38,-57,-61,32740,1476514733
E6:71:85:62:06:70,-61,-64,32984,1476514733
AC:CF:85:28:94:E2,-62,-71,27116,1476514733
54:60:09:2B:81:08,-73,-78,37433,1476514733
54:60:09:F4:21:4A,-71,-71,37432,1476514733
A4:77:33:F8:A2:00,-40,-57,37429,1476514733
E6:71:85:62:06:38,-59,-64,32800,1476514793
E6:71:85:62:06:70,-63,-67,33044,1476514793
AC:CF:85:28:94:E2,-62,-71,27176,1476514793
54:60:09:2B:81:08,-69,-77,37493,1476514793
54:60:09:F4:21:4A,-78,-81,37492,1476514793
A4:77:33:F8:A2:00,-40,-57,37489,1476514793
E6:71:85:62:06:38,-57,-61,32860,1476514853
E6:71:85:62:06:70,-61,-65,33104,1476514853
AC:CF:85:28:94:E2,-62,-71,27236,1476514853
54:60:09:2B:81:08,-66,-74,0,1476514853
54:60:09:F4:21:4A,-75,-76,37552,1476514853
A4:77:33:F8:A2:00,-40,-57,37549,1476514853
E6:71:85:62:06:38,-57,-61,32920,1476514913
E6:71:85:62:06:70,-63,-67,33164,1476514913
AC:CF:85:28:94:E2,-64,-72,27296,1476514913
54:60:09:2B:81:08,-72,-78,60,1476514913
54:60:09:F4:21:4A,-74,-75,37612,1476514913
A4:77:33:F8:A2:00,-41,-57,37609,1476514913
E6:71:85:62:06:38,-56,-60,32980,1476514973
E6:71:85:62:06:70,-60,-64,33224,1476514973
AC:CF:85:28:94:E2,-62,-70,27356,1476514973
54:60:09:2B:81:08,-73,-77,120,1476514973
54:60:09:F4:21:4A,-79,-81,37672,1476514973
A4:77:33:F8:A2:00,-41,-57,37669,1476514973
E6:71:85:62:06:38,-57,-61,33040,1476515033
E6:71:85:62:06:70,-63,-67,33284,1476515033
AC:CF:85:28:94:E2,-65,-73,27416,1476515033
54:60:09:2B:81:08,-72,-77,180,1476515033
54:60:09:F4:21:4A,-75,-76,37732,1476515033
A4:77:33:F8:A2:00,-40,-57,37729,1476515033
E6:71:85:62:06:38,-56,-60,33100,1476515093
E6:71:85:62:06:70,-62,-66,33344,1476515093
AC:CF:85:28:94:E2,-64,-73,27476,1476515093
54:60:09:2B:81:08,-72,-77,240,1476515093
54:60:09:F4:21:4A,-74,-75,37792,1476515093
A4:77:33:F8:A2:00,-41,-57,37789,1476515093
E6:71:85:62:06:38,-60,-64,33163,1476515156
E6:71:85:62:06:70,-61,-65,33407,1476515156
AC:CF:85:28:94:E2,-64,-72,27539,1476515156
54:60:09:2B:81:08,-70,-77,303,1476515156
54:60:09:F4:21:4A,-73,-73,37855,1476515156
A4:77:33:F8:A2:00,-41,-57,37852,1476515156
E6:71:85:62:06:38,-56,-60,33223,1476515216
E6:71:85:62:06:70,-63,-67,33467,1476515216
AC:CF:85:28:94:E2,-64,-72,27599,1476515216
54:60:09:2B:81:08,-68,-77,363,1476515216
54:60:09:F4:21:4A,-77,-79,37915,1476515216
A4:77:33:F8:A2:00,-41,-57,37912,1476515216
E6:71:85:62:06:38,-60,-64,33283,1476515276
E6:71:85:62:06:70,-63,-67,33527,1476515276
AC:CF:85:28:94:E2,-63,-72,27659,1476515276
54:60:09:2B:81:08,-70,-77,423,1476515276
54:60:09:F4:21:4A,-70,-70,37975,1476515276
A4:77:33:F8:A2:00,-41,-57,37972,1476515276
E6:71:85:62:06:38,-59,-63,33343,1476515336
E6:71:85:62:06:70,-62,-66,33587,1476515336
AC:CF:85:28:94:E2,-64,-73,27719,1476515336
54:60:09:2B:81:08,-70,-76,483,1476515336
54:60:09:F4:21:4A,-77,-78,38035,1476515336
A4:77:33:F8:A2:00,-41,-57,38032,1476515336
E6:71:85:62:06:38,-60,-64,33403,1476515396
E6:71:85:62:06:70,-63,-67,33647,1476515396
AC:CF:85:28:94:E2,-63,-72,27779,1476515396
54:60:09:2B:81:08,-67,-77,543,1476515396
54:60:09:F4:21:4A,-73,-74,38095,1476515396
A4:77:33:F8:A2:00,-41,-57,38092,1476515396
