Client_MAC,Rssi0,Rssi1,Connection_Time,EpocTime
E6:71:85:62:06:38,-62,-65,92945,1476574938
E6:71:85:62:06:70,-64,-70,93189,1476574938
A4:77:33:F8:A1:B8,-72,-77,13420,1476574938
54:60:09:2B:81:08,-67,-65,60085,1476574938
54:60:09:F4:21:4A,-73,-70,57125,1476574938
A4:77:33:F8:A2:00,-40,-54,58244,1476574938
E6:71:85:62:06:38,-62,-65,93005,1476574998
E6:71:85:62:06:70,-64,-69,93249,1476574998
A4:77:33:F8:A1:B8,-71,-76,13480,1476574998
54:60:09:2B:81:08,-63,-66,60145,1476574998
54:60:09:F4:21:4A,-74,-71,57185,1476574998
A4:77:33:F8:A2:00,-40,-54,58304,1476574998
E6:71:85:62:06:38,-65,-68,93065,1476575058
E6:71:85:62:06:70,-64,-69,93309,1476575058
A4:77:33:F8:A1:B8,-68,-72,13540,1476575058
54:60:09:2B:81:08,-66,-64,60205,1476575058
54:60:09:F4:21:4A,-73,-70,57245,1476575058
A4:77:33:F8:A2:00,-40,-54,58364,1476575058
E6:71:85:62:06:38,-62,-65,93125,1476575118
E6:71:85:62:06:70,-64,-69,93369,1476575118
A4:77:33:F8:A1:B8,-67,-72,13600,1476575118
54:60:09:2B:81:08,-66,-64,60265,1476575118
54:60:09:F4:21:4A,-73,-71,57305,1476575118
A4:77:33:F8:A2:00,-40,-54,58424,1476575118
E6:71:85:62:06:38,-65,-68,93185,1476575178
E6:71:85:62:06:70,-64,-69,93429,1476575178
A4:77:33:F8:A1:B8,-67,-71,13660,1476575178
54:60:09:2B:81:08,-65,-65,60325,1476575178
54:60:09:F4:21:4A,-79,-76,57365,1476575178
A4:77:33:F8:A2:00,-40,-54,58484,1476575178
E6:71:85:62:06:38,-64,-66,93248,1476575241
E6:71:85:62:06:70,-64,-69,93492,1476575241
A4:77:33:F8:A1:B8,-66,-71,13723,1476575241
54:60:09:2B:81:08,-67,-65,60388,1476575241
54:60:09:F4:21:4A,-71,-69,57428,1476575241
A4:77:33:F8:A2:00,-40,-54,58547,1476575241
E6:71:85:62:06:38,-65,-67,93308,1476575301
E6:71:85:62:06:70,-64,-70,93552,1476575301
A4:77:33:F8:A1:B8,-71,-76,13783,1476575301
54:60:09:2B:81:08,-68,-68,60448,1476575301
54:60:09:F4:21:4A,-72,-70,57488,1476575301
A4:77:33:F8:A2:00,-40,-54,58607,1476575301
E6:71:85:62:06:38,-63,-65,93368,1476575361
E6:71:85:62:06:70,-63,-69,93612,1476575361
A4:77:33:F8:A1:B8,-67,-71,13843,1476575361
54:60:09:2B:81:08,-68,-70,60508,1476575361
54:60:09:F4:21:4A,-73,-70,57548,1476575361
A4:77:33:F8:A2:00,-40,-54,58667,1476575361
E6:71:85:62:06:38,-65,-67,93428,1476575421
E6:71:85:62:06:70,-64,-69,93672,1476575421
A4:77:33:F8:A1:B8,-73,-77,13903,1476575421
54:60:09:2B:81:08,-66,-68,60568,1476575421
54:60:09:F4:21:4A,-73,-70,57608,1476575421
A4:77:33:F8:A2:00,-40,-54,58727,1476575421
E6:71:85:62:06:38,-65,-67,93488,1476575481
E6:71:85:62:06:70,-64,-70,93732,1476575481
A4:77:33:F8:A1:B8,-69,-73,13963,1476575481
54:60:09:2B:81:08,-68,-69,60628,1476575481
54:60:09:F4:21:4A,-74,-71,57668,1476575481
A4:77:33:F8:A2:00,-40,-54,58787,1476575481
E6:71:85:62:06:38,-64,-66,93548,1476575541
E6:71:85:62:06:70,-64,-70,93792,1476575541
A4:77:33:F8:A1:B8,-67,-72,14023,1476575541
54:60:09:2B:81:08,-67,-66,60688,1476575541
54:60:09:F4:21:4A,-76,-73,57728,1476575541
A4:77:33:F8:A2:00,-40,-54,58847,1476575541
E6:71:85:62:06:38,-64,-67,93608,1476575601
E6:71:85:62:06:70,-64,-70,93852,1476575601
A4:77:33:F8:A1:B8,-71,-76,14083,1476575601
54:60:09:2B:81:08,-66,-64,60748,1476575601
54:60:09:F4:21:4A,-76,-74,57788,1476575601
A4:77:33:F8:A2:00,-40,-55,58907,1476575601
E6:71:85:62:06:38,-64,-68,93668,1476575661
E6:71:85:62:06:70,-64,-69,93912,1476575661
A4:77:33:F8:A1:B8,-65,-70,14143,1476575661
54:60:09:2B:81:08,-66,-65,60808,1476575661
54:60:09:F4:21:4A,-79,-76,57848,1476575661
A4:77:33:F8:A2:00,-40,-55,58967,1476575661
E6:71:85:62:06:38,-65,-68,93728,1476575721
E6:71:85:62:06:70,-63,-69,93972,1476575721
A4:77:33:F8:A1:B8,-72,-77,14203,1476575721
54:60:09:2B:81:08,-65,-63,60868,1476575721
54:60:09:F4:21:4A,-80,-77,57908,1476575721
A4:77:33:F8:A2:00,-40,-54,59027,1476575721
E6:71:85:62:06:38,-64,-66,93792,1476575784
E6:71:85:62:06:70,-64,-69,94036,1476575784
A4:77:33:F8:A1:B8,-66,-72,14267,1476575784
54:60:09:2B:81:08,-67,-66,60932,1476575784
54:60:09:F4:21:4A,-79,-77,57972,1476575784
A4:77:33:F8:A2:00,-40,-54,59091,1476575784
E6:71:85:62:06:38,-63,-66,93852,1476575844
E6:71:85:62:06:70,-64,-70,94096,1476575844
A4:77:33:F8:A1:B8,-64,-69,14327,1476575844
54:60:09:2B:81:08,-67,-66,60992,1476575844
54:60:09:F4:21:4A,-76,-74,58032,1476575844
A4:77:33:F8:A2:00,-40,-55,59151,1476575844
E6:71:85:62:06:38,-64,-69,93912,1476575904
E6:71:85:62:06:70,-64,-70,94156,1476575904
A4:77:33:F8:A1:B8,-65,-69,14387,1476575904
54:60:09:2B:81:08,-69,-66,61052,1476575904
54:60:09:F4:21:4A,-74,-72,58092,1476575904
A4:77:33:F8:A2:00,-40,-54,59211,1476575904
E6:71:85:62:06:38,-65,-67,93972,1476575964
E6:71:85:62:06:70,-65,-71,94216,1476575964
A4:77:33:F8:A1:B8,-65,-69,14447,1476575964
54:60:09:2B:81:08,-66,-65,61112,1476575964
54:60:09:F4:21:4A,-74,-71,58152,1476575964
A4:77:33:F8:A2:00,-40,-54,59271,1476575964
E6:71:85:62:06:38,-63,-66,94032,1476576024
E6:71:85:62:06:70,-65,-70,94276,1476576024
A4:77:33:F8:A1:B8,-71,-75,14507,1476576024
54:60:09:2B:81:08,-66,-66,61172,1476576024
54:60:09:F4:21:4A,-78,-76,58212,1476576024
A4:77:33:F8:A2:00,-40,-54,59331,1476576024
E6:71:85:62:06:38,-62,-65,94095,1476576087
E6:71:85:62:06:70,-65,-70,94339,1476576087
A4:77:33:F8:A1:B8,-69,-73,14570,1476576087
54:60:09:2B:81:08,-66,-66,61235,1476576087
54:60:09:F4:21:4A,-79,-77,58275,1476576087
A4:77:33:F8:A2:00,-40,-54,59394,1476576087
E6:71:85:62:06:38,-62,-65,94155,1476576147
E6:71:85:62:06:70,-65,-70,94399,1476576147
A4:77:33:F8:A1:B8,-71,-76,14630,1476576147
54:60:09:2B:81:08,-65,-65,61295,1476576147
54:60:09:F4:21:4A,-76,-74,58335,1476576147
A4:77:33:F8:A2:00,-40,-54,59454,1476576147
E6:71:85:62:06:38,-62,-65,94215,1476576207
E6:71:85:62:06:70,-64,-69,94459,1476576207
A4:77:33:F8:A1:B8,-72,-77,14690,1476576207
54:60:09:2B:81:08,-66,-65,61355,1476576207
54:60:09:F4:21:4A,-74,-72,58395,1476576207
A4:77:33:F8:A2:00,-40,-54,59514,1476576207
E6:71:85:62:06:38,-63,-66,94275,1476576267
E6:71:85:62:06:70,-64,-69,94519,1476576267
A4:77:33:F8:A1:B8,-72,-77,14750,1476576267
54:60:09:2B:81:08,-66,-65,61415,1476576267
54:60:09:F4:21:4A,-73,-71,58455,1476576267
A4:77:33:F8:A2:00,-40,-54,59574,1476576267
E6:71:85:62:06:38,-65,-68,94335,1476576327
E6:71:85:62:06:70,-64,-70,94579,1476576327
A4:77:33:F8:A1:B8,-68,-69,14810,1476576327
54:60:09:2B:81:08,-65,-65,61475,1476576327
54:60:09:F4:21:4A,-73,-70,58515,1476576327
A4:77:33:F8:A2:00,-40,-54,59634,1476576327
E6:71:85:62:06:38,-62,-65,94398,1476576390
E6:71:85:62:06:70,-64,-69,94642,1476576390
A4:77:33:F8:A1:B8,-68,-71,14873,1476576390
54:60:09:2B:81:08,-63,-63,61538,1476576390
54:60:09:F4:21:4A,-78,-77,58578,1476576390
A4:77:33:F8:A2:00,-40,-54,59697,1476576390
E6:71:85:62:06:38,-62,-65,94458,1476576450
E6:71:85:62:06:70,-64,-69,94702,1476576450
A4:77:33:F8:A1:B8,-70,-75,14933,1476576450
54:60:09:2B:81:08,-64,-64,61598,1476576450
54:60:09:F4:21:4A,-72,-69,58638,1476576450
A4:77:33:F8:A2:00,-40,-54,59757,1476576450
E6:71:85:62:06:38,-62,-65,94518,1476576510
E6:71:85:62:06:70,-64,-69,94762,1476576510
A4:77:33:F8:A1:B8,-72,-77,14993,1476576510
54:60:09:2B:81:08,-64,-63,61658,1476576510
54:60:09:F4:21:4A,-70,-68,58698,1476576510
A4:77:33:F8:A2:00,-40,-55,59817,1476576510
E6:71:85:62:06:38,-64,-67,94578,1476576570
E6:71:85:62:06:70,-64,-69,94822,1476576570
A4:77:33:F8:A1:B8,-68,-72,15053,1476576570
54:60:09:2B:81:08,-65,-65,61718,1476576570
54:60:09:F4:21:4A,-74,-72,58758,1476576570
A4:77:33:F8:A2:00,-40,-54,59877,1476576570
E6:71:85:62:06:38,-64,-68,94638,1476576630
E6:71:85:62:06:70,-64,-70,94882,1476576630
A4:77:33:F8:A1:B8,-67,-71,15113,1476576630
54:60:09:2B:81:08,-65,-65,61778,1476576630
54:60:09:F4:21:4A,-73,-71,58818,1476576630
A4:77:33:F8:A2:00,-40,-54,59937,1476576630
E6:71:85:62:06:38,-64,-66,94731,1476576724
E6:71:85:62:06:70,-63,-68,94975,1476576724
A4:77:33:F8:A1:B8,-65,-68,15206,1476576724
54:60:09:2B:81:08,-68,-70,61871,1476576724
54:60:09:F4:21:4A,-73,-71,58911,1476576724
A4:77:33:F8:A2:00,-40,-55,60030,1476576724
E6:71:85:62:06:38,-64,-64,94791,1476576784
E6:71:85:62:06:70,-64,-69,95035,1476576784
A4:77:33:F8:A1:B8,-72,-77,15266,1476576784
54:60:09:2B:81:08,-64,-64,61931,1476576784
54:60:09:F4:21:4A,-75,-73,58971,1476576784
A4:77:33:F8:A2:00,-40,-54,60090,1476576784
E6:71:85:62:06:38,-63,-64,94851,1476576844
E6:71:85:62:06:70,-64,-69,95095,1476576844
A4:77:33:F8:A1:B8,-73,-77,15326,1476576844
54:60:09:2B:81:08,-68,-70,61991,1476576844
54:60:09:F4:21:4A,-79,-77,59031,1476576844
A4:77:33:F8:A2:00,-40,-54,60150,1476576844
E6:71:85:62:06:38,-65,-65,94911,1476576904
E6:71:85:62:06:70,-64,-69,95155,1476576904
A4:77:33:F8:A1:B8,-69,-73,15386,1476576904
54:60:09:2B:81:08,-64,-64,62051,1476576904
54:60:09:F4:21:4A,-72,-70,59091,1476576904
A4:77:33:F8:A2:00,-40,-54,60210,1476576904
E6:71:85:62:06:38,-64,-65,94971,1476576964
E6:71:85:62:06:70,-64,-69,95215,1476576964
A4:77:33:F8:A1:B8,-68,-72,15446,1476576964
54:60:09:2B:81:08,-67,-69,62111,1476576964
54:60:09:F4:21:4A,-73,-71,59151,1476576964
A4:77:33:F8:A2:00,-40,-54,60270,1476576964
E6:71:85:62:06:38,-65,-66,95034,1476577027
E6:71:85:62:06:70,-64,-69,95278,1476577027
A4:77:33:F8:A1:B8,-71,-74,15509,1476577027
54:60:09:2B:81:08,-64,-63,62174,1476577027
54:60:09:F4:21:4A,-73,-70,59214,1476577027
A4:77:33:F8:A2:00,-40,-55,60333,1476577027
E6:71:85:62:06:38,-64,-65,95094,1476577087
E6:71:85:62:06:70,-64,-70,95338,1476577087
A4:77:33:F8:A1:B8,-72,-67,15569,1476577087
54:60:09:2B:81:08,-64,-64,62234,1476577087
54:60:09:F4:21:4A,-73,-71,59274,1476577087
A4:77:33:F8:A2:00,-40,-54,60393,1476577087
E6:71:85:62:06:38,-64,-64,95154,1476577147
E6:71:85:62:06:70,-65,-70,95398,1476577147
A4:77:33:F8:A1:B8,-70,-74,15629,1476577147
54:60:09:2B:81:08,-66,-66,62294,1476577147
54:60:09:F4:21:4A,-75,-74,59334,1476577147
A4:77:33:F8:A2:00,-40,-54,60453,1476577147
E6:71:85:62:06:38,-63,-64,95214,1476577207
E6:71:85:62:06:70,-64,-69,95458,1476577207
A4:77:33:F8:A1:B8,-69,-72,15689,1476577207
54:60:09:2B:81:08,-65,-65,62354,1476577207
54:60:09:F4:21:4A,-73,-71,59394,1476577207
A4:77:33:F8:A2:00,-40,-54,60513,1476577207
E6:71:85:62:06:38,-64,-64,95274,1476577267
E6:71:85:62:06:70,-65,-70,95518,1476577267
A4:77:33:F8:A1:B8,-75,-77,15749,1476577267
54:60:09:2B:81:08,-65,-65,62414,1476577267
54:60:09:F4:21:4A,-72,-70,59454,1476577267
A4:77:33:F8:A2:00,-40,-54,60573,1476577267
E6:71:85:62:06:38,-67,-68,95334,1476577327
E6:71:85:62:06:70,-64,-69,95578,1476577327
A4:77:33:F8:A1:B8,-68,-71,15809,1476577327
54:60:09:2B:81:08,-65,-65,62474,1476577327
54:60:09:F4:21:4A,-72,-70,59514,1476577327
A4:77:33:F8:A2:00,-40,-55,60633,1476577327
E6:71:85:62:06:38,-64,-64,95394,1476577387
E6:71:85:62:06:70,-65,-70,95638,1476577387
A4:77:33:F8:A1:B8,-65,-70,15869,1476577387
54:60:09:2B:81:08,-65,-65,62534,1476577387
54:60:09:F4:21:4A,-74,-71,59574,1476577387
A4:77:33:F8:A2:00,-40,-54,60693,1476577387
E6:71:85:62:06:38,-65,-66,95454,1476577447
E6:71:85:62:06:70,-64,-69,95698,1476577447
A4:77:33:F8:A1:B8,-72,-76,15929,1476577447
54:60:09:2B:81:08,-64,-64,62594,1476577447
54:60:09:F4:21:4A,-80,-78,59634,1476577447
A4:77:33:F8:A2:00,-40,-54,60753,1476577447
E6:71:85:62:06:38,-66,-68,95514,1476577507
E6:71:85:62:06:70,-64,-69,95758,1476577507
A4:77:33:F8:A1:B8,-68,-72,15989,1476577507
54:60:09:2B:81:08,-65,-65,62654,1476577507
54:60:09:F4:21:4A,-73,-71,59694,1476577507
A4:77:33:F8:A2:00,-40,-54,60813,1476577507
