Client_MAC,Rssi0,Rssi1,Connection_Time,EpocTime
E6:71:85:62:06:38,-62,-66,5850,1476487843
E6:71:85:62:06:70,-63,-67,6094,1476487843
AC:CF:85:28:94:E2,-63,-72,226,1476487843
54:60:09:2B:81:08,-66,-77,10543,1476487843
54:60:09:F4:21:4A,-73,-70,10542,1476487843
A4:77:33:F8:A2:00,-41,-57,10539,1476487843
E6:71:85:62:06:38,-62,-65,5910,1476487903
E6:71:85:62:06:70,-63,-67,6154,1476487903
AC:CF:85:28:94:E2,-63,-71,286,1476487903
54:60:09:2B:81:08,-67,-78,10603,1476487903
54:60:09:F4:21:4A,-79,-81,10602,1476487903
A4:77:33:F8:A2:00,-41,-57,10599,1476487903
E6:71:85:62:06:38,-61,-65,5970,1476487963
E6:71:85:62:06:70,-62,-66,6214,1476487963
AC:CF:85:28:94:E2,-63,-73,346,1476487963
54:60:09:2B:81:08,-66,-78,10663,1476487963
54:60:09:F4:21:4A,-73,-74,10662,1476487963
A4:77:33:F8:A2:00,-41,-57,10659,1476487963
E6:71:85:62:06:38,-61,-64,6030,1476488023
E6:71:85:62:06:70,-64,-68,6274,1476488023
AC:CF:85:28:94:E2,-62,-70,406,1476488023
54:60:09:2B:81:08,-67,-78,10723,1476488023
54:60:09:F4:21:4A,-76,-76,10722,1476488023
A4:77:33:F8:A2:00,-41,-56,10719,1476488023
E6:71:85:62:06:38,-63,-66,6090,1476488083
E6:71:85:62:06:70,-64,-68,6334,1476488083
AC:CF:85:28:94:E2,-63,-68,466,1476488083
54:60:09:2B:81:08,-70,-78,10783,1476488083
54:60:09:F4:21:4A,-75,-75,10782,1476488083
A4:77:33:F8:A2:00,-41,-56,10779,1476488083
E6:71:85:62:06:38,-58,-62,6150,1476488143
E6:71:85:62:06:70,-61,-64,6394,1476488143
AC:CF:85:28:94:E2,-68,-80,526,1476488143
54:60:09:2B:81:08,-70,-78,10843,1476488143
54:60:09:F4:21:4A,-76,-76,10842,1476488143
A4:77:33:F8:A2:00,-42,-56,10839,1476488143
E6:71:85:62:06:38,-61,-65,6210,1476488203
E6:71:85:62:06:70,-61,-64,6454,1476488203
AC:CF:85:28:94:E2,-68,-81,586,1476488203
54:60:09:2B:81:08,-65,-76,10903,1476488203
54:60:09:F4:21:4A,-80,-81,10902,1476488203
A4:77:33:F8:A2:00,-41,-57,10899,1476488203
E6:71:85:62:06:38,-58,-62,6270,1476488263
E6:71:85:62:06:70,-64,-67,6514,1476488263
AC:CF:85:28:94:E2,-67,-81,646,1476488263
54:60:09:2B:81:08,-69,-78,10963,1476488263
54:60:09:F4:21:4A,-79,-80,10962,1476488263
A4:77:33:F8:A2:00,-41,-57,10959,1476488263
E6:71:85:62:06:38,-61,-65,6330,1476488323
E6:71:85:62:06:70,-63,-67,6574,1476488323
AC:CF:85:28:94:E2,-67,-81,706,1476488323
54:60:09:2B:81:08,-66,-76,11023,1476488323
54:60:09:F4:21:4A,-74,-74,11022,1476488323
A4:77:33:F8:A2:00,-41,-57,11019,1476488323
E6:71:85:62:06:38,-62,-65,6393,1476488386
E6:71:85:62:06:70,-62,-66,6637,1476488386
AC:CF:85:28:94:E2,-67,-82,769,1476488386
54:60:09:2B:81:08,-68,-77,11086,1476488386
54:60:09:F4:21:4A,-79,-81,11085,1476488386
A4:77:33:F8:A2:00,-40,-56,11082,1476488386
E6:71:85:62:06:38,-62,-66,6453,1476488446
E6:71:85:62:06:70,-64,-67,6697,1476488446
AC:CF:85:28:94:E2,-68,-81,829,1476488446
54:60:09:2B:81:08,-70,-77,11146,1476488446
54:60:09:F4:21:4A,-73,-73,11145,1476488446
A4:77:33:F8:A2:00,-40,-56,11142,1476488446
E6:71:85:62:06:38,-62,-65,6513,1476488506
E6:71:85:62:06:70,-61,-65,6757,1476488506
AC:CF:85:28:94:E2,-68,-81,889,1476488506
54:60:09:2B:81:08,-70,-77,11206,1476488506
54:60:09:F4:21:4A,-78,-78,11205,1476488506
A4:77:33:F8:A2:00,-40,-57,11202,1476488506
E6:71:85:62:06:38,-58,-62,6573,1476488566
E6:71:85:62:06:70,-62,-66,6817,1476488566
AC:CF:85:28:94:E2,-67,-81,949,1476488566
54:60:09:2B:81:08,-72,-78,11266,1476488566
54:60:09:F4:21:4A,-79,-80,11265,1476488566
A4:77:33:F8:A2:00,-40,-57,11262,1476488566
E6:71:85:62:06:38,-61,-65,6633,1476488627
E6:71:85:62:06:70,-63,-67,6877,1476488627
AC:CF:85:28:94:E2,-67,-81,1009,1476488627
54:60:09:2B:81:08,-69,-78,11326,1476488627
54:60:09:F4:21:4A,-75,-75,11325,1476488627
A4:77:33:F8:A2:00,-40,-57,11322,1476488627
E6:71:85:62:06:38,-61,-65,6696,1476488690
E6:71:85:62:06:70,-61,-65,6940,1476488690
AC:CF:85:28:94:E2,-67,-81,1072,1476488690
54:60:09:2B:81:08,-72,-77,11389,1476488690
54:60:09:F4:21:4A,-72,-73,11388,1476488690
A4:77:33:F8:A2:00,-40,-57,11385,1476488690
E6:71:85:62:06:38,-60,-64,6756,1476488750
E6:71:85:62:06:70,-63,-67,7000,1476488750
AC:CF:85:28:94:E2,-68,-82,1132,1476488750
54:60:09:2B:81:08,-66,-76,11449,1476488750
54:60:09:F4:21:4A,-71,-71,11448,1476488750
A4:77:33:F8:A2:00,-40,-57,11445,1476488750
E6:71:85:62:06:38,-61,-65,6816,1476488810
E6:71:85:62:06:70,-64,-67,7060,1476488810
AC:CF:85:28:94:E2,-67,-81,1192,1476488810
54:60:09:2B:81:08,-67,-76,11509,1476488810
54:60:09:F4:21:4A,-71,-72,11508,1476488810
A4:77:33:F8:A2:00,-40,-57,11505,1476488810
E6:71:85:62:06:38,-60,-64,6876,1476488870
E6:71:85:62:06:70,-61,-65,7120,1476488870
AC:CF:85:28:94:E2,-67,-82,1252,1476488870
54:60:09:2B:81:08,-68,-78,11569,1476488870
54:60:09:F4:21:4A,-78,-80,11568,1476488870
A4:77:33:F8:A2:00,-40,-57,11565,1476488870
E6:71:85:62:06:38,-62,-65,6936,1476488930
E6:71:85:62:06:70,-61,-65,7180,1476488930
AC:CF:85:28:94:E2,-67,-81,1312,1476488930
54:60:09:2B:81:08,-65,-75,11629,1476488930
54:60:09:F4:21:4A,-78,-80,11628,1476488930
A4:77:33:F8:A2:00,-41,-57,11625,1476488930
E6:71:85:62:06:38,-62,-66,7000,1476488993
E6:71:85:62:06:70,-64,-67,7244,1476488993
AC:CF:85:28:94:E2,-66,-77,1376,1476488993
54:60:09:2B:81:08,-68,-77,11693,1476488993
54:60:09:F4:21:4A,-69,-69,11692,1476488993
A4:77:33:F8:A2:00,-41,-57,11689,1476488993
E6:71:85:62:06:38,-62,-66,7060,1476489053
E6:71:85:62:06:70,-63,-67,7304,1476489053
AC:CF:85:28:94:E2,-68,-77,1436,1476489053
54:60:09:2B:81:08,-67,-77,11753,1476489053
54:60:09:F4:21:4A,-72,-71,11752,1476489053
A4:77:33:F8:A2:00,-41,-57,11749,1476489053
E6:71:85:62:06:38,-61,-66,7120,1476489113
E6:71:85:62:06:70,-64,-68,7364,1476489113
AC:CF:85:28:94:E2,-68,-77,1496,1476489113
54:60:09:2B:81:08,-67,-77,11813,1476489113
54:60:09:F4:21:4A,-70,-69,11812,1476489113
A4:77:33:F8:A2:00,-41,-57,11809,1476489113
E6:71:85:62:06:38,-62,-66,7180,1476489173
E6:71:85:62:06:70,-63,-66,7424,1476489173
AC:CF:85:28:94:E2,-67,-77,1556,1476489173
54:60:09:2B:81:08,-66,-76,11873,1476489173
54:60:09:F4:21:4A,-71,-70,11872,1476489173
A4:77:33:F8:A2:00,-41,-57,11869,1476489173
E6:71:85:62:06:38,-62,-66,7240,1476489233
E6:71:85:62:06:70,-62,-66,7484,1476489233
AC:CF:85:28:94:E2,-66,-72,1616,1476489233
54:60:09:2B:81:08,-68,-77,11933,1476489233
54:60:09:F4:21:4A,-71,-71,11932,1476489233
A4:77:33:F8:A2:00,-41,-57,11929,1476489233
E6:71:85:62:06:38,-62,-66,7303,1476489296
E6:71:85:62:06:70,-62,-66,7547,1476489296
AC:CF:85:28:94:E2,-67,-72,1679,1476489296
54:60:09:2B:81:08,-67,-76,11996,1476489296
54:60:09:F4:21:4A,-72,-72,11995,1476489296
A4:77:33:F8:A2:00,-41,-57,11992,1476489296
E6:71:85:62:06:38,-62,-66,7363,1476489356
E6:71:85:62:06:70,-62,-65,7607,1476489356
AC:CF:85:28:94:E2,-67,-72,1739,1476489356
54:60:09:2B:81:08,-68,-77,12056,1476489356
54:60:09:F4:21:4A,-71,-70,12055,1476489356
A4:77:33:F8:A2:00,-41,-57,12052,1476489356
E6:71:85:62:06:38,-62,-66,7423,1476489416
E6:71:85:62:06:70,-64,-68,7667,1476489416
AC:CF:85:28:94:E2,-72,-77,1799,1476489416
54:60:09:2B:81:08,-66,-77,12116,1476489416
54:60:09:F4:21:4A,-69,-69,12115,1476489416
A4:77:33:F8:A2:00,-40,-57,12112,1476489416
E6:71:85:62:06:38,-62,-66,7483,1476489476
E6:71:85:62:06:70,-61,-66,7727,1476489476
AC:CF:85:28:94:E2,-71,-72,1859,1476489476
54:60:09:2B:81:08,-66,-75,12176,1476489476
54:60:09:F4:21:4A,-69,-68,12175,1476489476
A4:77:33:F8:A2:00,-41,-57,12172,1476489476
E6:71:85:62:06:38,-62,-66,7543,1476489536
E6:71:85:62:06:70,-61,-65,7787,1476489536
AC:CF:85:28:94:E2,-72,-72,1919,1476489536
54:60:09:2B:81:08,-68,-77,12236,1476489536
54:60:09:F4:21:4A,-79,-82,12235,1476489536
A4:77:33:F8:A2:00,-40,-57,12232,1476489536
E6:71:85:62:06:38,-61,-66,7636,1476489630
E6:71:85:62:06:70,-63,-67,7880,1476489630
AC:CF:85:28:94:E2,-71,-72,2012,1476489630
54:60:09:2B:81:08,-68,-76,12329,1476489630
54:60:09:F4:21:4A,-72,-72,12328,1476489630
A4:77:33:F8:A2:00,-40,-57,12325,1476489630
E6:71:85:62:06:38,-62,-66,7696,1476489690
E6:71:85:62:06:70,-63,-67,7940,1476489690
AC:CF:85:28:94:E2,-71,-72,2072,1476489690
54:60:09:2B:81:08,-69,-76,12389,1476489690
54:60:09:F4:21:4A,-74,-75,12388,1476489690
A4:77:33:F8:A2:00,-40,-57,12385,1476489690
E6:71:85:62:06:38,-62,-66,7756,1476489750
E6:71:85:62:06:70,-64,-67,8000,1476489750
AC:CF:85:28:94:E2,-70,-70,2132,1476489750
54:60:09:2B:81:08,-68,-75,12449,1476489750
54:60:09:F4:21:4A,-76,-77,12448,1476489750
A4:77:33:F8:A2:00,-40,-57,12445,1476489750
E6:71:85:62:06:38,-62,-66,7816,1476489810
E6:71:85:62:06:70,-61,-65,8060,1476489810
AC:CF:85:28:94:E2,-68,-68,2192,1476489810
54:60:09:2B:81:08,-70,-78,12509,1476489810
54:60:09:F4:21:4A,-75,-75,12508,1476489810
A4:77:33:F8:A2:00,-40,-57,12505,1476489810
E6:71:85:62:06:38,-62,-66,7876,1476489870
E6:71:85:62:06:70,-63,-68,8120,1476489870
AC:CF:85:28:94:E2,-73,-75,2252,1476489870
54:60:09:2B:81:08,-67,-75,12569,1476489870
54:60:09:F4:21:4A,-71,-72,12568,1476489870
A4:77:33:F8:A2:00,-40,-57,12565,1476489870
E6:71:85:62:06:38,-62,-66,7936,1476489930
E6:71:85:62:06:70,-63,-67,8180,1476489930
AC:CF:85:28:94:E2,-73,-74,2312,1476489930
54:60:09:2B:81:08,-70,-77,12629,1476489930
54:60:09:F4:21:4A,-70,-70,12628,1476489930
A4:77:33:F8:A2:00,-41,-57,12625,1476489930
E6:71:85:62:06:38,-63,-66,7996,1476489990
E6:71:85:62:06:70,-62,-66,8240,1476489990
AC:CF:85:28:94:E2,-70,-72,2372,1476489990
54:60:09:2B:81:08,-67,-76,12689,1476489990
54:60:09:F4:21:4A,-72,-72,12688,1476489990
A4:77:33:F8:A2:00,-41,-57,12685,1476489990
E6:71:85:62:06:38,-63,-66,8056,1476490050
E6:71:85:62:06:70,-62,-66,8300,1476490050
AC:CF:85:28:94:E2,-70,-76,2432,1476490050
54:60:09:2B:81:08,-71,-77,12749,1476490050
54:60:09:F4:21:4A,-78,-80,12748,1476490050
A4:77:33:F8:A2:00,-41,-57,12745,1476490050
E6:71:85:62:06:38,-59,-62,8116,1476490110
E6:71:85:62:06:70,-63,-67,8360,1476490110
AC:CF:85:28:94:E2,-66,-71,2492,1476490110
54:60:09:2B:81:08,-69,-77,12809,1476490110
54:60:09:F4:21:4A,-71,-72,12808,1476490110
A4:77:33:F8:A2:00,-41,-57,12805,1476490110
E6:71:85:62:06:38,-57,-60,8210,1476490203
E6:71:85:62:06:70,-63,-68,8454,1476490203
AC:CF:85:28:94:E2,-63,-70,2586,1476490203
54:60:09:2B:81:08,-69,-77,12903,1476490203
54:60:09:F4:21:4A,-71,-72,12902,1476490203
A4:77:33:F8:A2:00,-41,-57,12899,1476490203
E6:71:85:62:06:38,-59,-61,8270,1476490263
E6:71:85:62:06:70,-63,-67,8514,1476490263
AC:CF:85:28:94:E2,-64,-71,2646,1476490263
54:60:09:2B:81:08,-73,-78,12963,1476490263
54:60:09:F4:21:4A,-73,-73,12962,1476490263
A4:77:33:F8:A2:00,-41,-57,12959,1476490263
E6:71:85:62:06:38,-60,-63,8330,1476490323
E6:71:85:62:06:70,-61,-66,8574,1476490323
AC:CF:85:28:94:E2,-63,-69,2706,1476490323
54:60:09:2B:81:08,-66,-76,13023,1476490323
54:60:09:F4:21:4A,-73,-73,13022,1476490323
A4:77:33:F8:A2:00,-41,-57,13019,1476490323
E6:71:85:62:06:38,-57,-60,8390,1476490383
E6:71:85:62:06:70,-63,-68,8634,1476490383
AC:CF:85:28:94:E2,-65,-72,2766,1476490383
54:60:09:2B:81:08,-72,-77,13083,1476490383
54:60:09:F4:21:4A,-80,-81,13082,1476490383
A4:77:33:F8:A2:00,-41,-57,13079,1476490383
E6:71:85:62:06:38,-62,-64,8450,1476490443
E6:71:85:62:06:70,-62,-66,8694,1476490443
AC:CF:85:28:94:E2,-64,-71,2826,1476490443
54:60:09:2B:81:08,-67,-75,13143,1476490443
54:60:09:F4:21:4A,-73,-73,13142,1476490443
A4:77:33:F8:A2:00,-40,-57,13139,1476490443
