Client_MAC,Rssi0,Rssi1,Connection_Time,EpocTime
E6:71:85:62:06:38,-61,-65,208,1476482201
E6:71:85:62:06:70,-64,-66,452,1476482201
AC:CF:85:28:94:E2,-85,-87,992,1476482201
54:60:09:2B:81:08,-74,-80,4901,1476482201
54:60:09:F4:21:4A,-70,-72,4900,1476482201
54:60:09:F2:D8:92,-79,-81,4899,1476482201
A4:77:33:F8:A2:00,-40,-58,4897,1476482201
E6:71:85:62:06:38,-60,-64,268,1476482261
E6:71:85:62:06:70,-64,-66,512,1476482261
AC:CF:85:28:94:E2,-85,-89,1052,1476482261
54:60:09:2B:81:08,-71,-81,4961,1476482261
54:60:09:F4:21:4A,-69,-69,4960,1476482261
54:60:09:F2:D8:92,-79,-82,4959,1476482261
A4:77:33:F8:A2:00,-40,-58,4957,1476482261
E6:71:85:62:06:38,-62,-65,328,1476482321
E6:71:85:62:06:70,-63,-66,572,1476482321
AC:CF:85:28:94:E2,-85,-89,1112,1476482321
54:60:09:2B:81:08,-74,-80,5021,1476482321
54:60:09:F4:21:4A,-68,-69,5020,1476482321
54:60:09:F2:D8:92,-79,-81,5019,1476482321
A4:77:33:F8:A2:00,-40,-58,5017,1476482321
E6:71:85:62:06:38,-62,-64,388,1476482381
E6:71:85:62:06:70,-63,-66,632,1476482381
AC:CF:85:28:94:E2,-85,-89,1172,1476482381
54:60:09:2B:81:08,-74,-80,5081,1476482381
54:60:09:F4:21:4A,-70,-71,5080,1476482381
54:60:09:F2:D8:92,-78,-81,5079,1476482381
A4:77:33:F8:A2:00,-40,-58,5077,1476482381
E6:71:85:62:06:38,-61,-65,448,1476482441
E6:71:85:62:06:70,-65,-68,692,1476482441
AC:CF:85:28:94:E2,-85,-89,1232,1476482441
54:60:09:2B:81:08,-73,-80,5141,1476482441
54:60:09:F4:21:4A,-75,-79,5140,1476482441
54:60:09:F2:D8:92,-75,-76,5139,1476482441
A4:77:33:F8:A2:00,-40,-58,5137,1476482441
E6:71:85:62:06:38,-61,-64,511,1476482504
E6:71:85:62:06:70,-66,-69,755,1476482504
AC:CF:85:28:94:E2,-85,-89,1295,1476482504
54:60:09:2B:81:08,-74,-80,5204,1476482504
54:60:09:F4:21:4A,-75,-78,5203,1476482504
54:60:09:F2:D8:92,-79,-81,5202,1476482504
A4:77:33:F8:A2:00,-40,-58,5200,1476482504
E6:71:85:62:06:38,-60,-64,571,1476482564
E6:71:85:62:06:70,-66,-70,815,1476482564
54:60:09:2B:81:08,-70,-81,5264,1476482564
54:60:09:F4:21:4A,-75,-79,5263,1476482564
54:60:09:F2:D8:92,-79,-80,5262,1476482564
A4:77:33:F8:A2:00,-40,-58,5260,1476482564
E6:71:85:62:06:38,-61,-65,631,1476482624
E6:71:85:62:06:70,-66,-69,875,1476482624
54:60:09:2B:81:08,-70,-81,5324,1476482624
54:60:09:F4:21:4A,-74,-78,5323,1476482624
54:60:09:F2:D8:92,-79,-81,5322,1476482624
A4:77:33:F8:A2:00,-40,-58,5320,1476482624
E6:71:85:62:06:38,-60,-64,691,1476482684
E6:71:85:62:06:70,-65,-68,935,1476482684
54:60:09:2B:81:08,-69,-79,5384,1476482684
54:60:09:F4:21:4A,-76,-79,5383,1476482684
54:60:09:F2:D8:92,-79,-81,5382,1476482684
A4:77:33:F8:A2:00,-40,-58,5380,1476482684
E6:71:85:62:06:38,-61,-64,757,1476482750
E6:71:85:62:06:70,-65,-67,1001,1476482750
54:60:09:2B:81:08,-70,-80,5450,1476482750
54:60:09:F4:21:4A,-74,-77,5449,1476482750
54:60:09:F2:D8:92,-79,-81,5448,1476482750
A4:77:33:F8:A2:00,-40,-58,5446,1476482750
E6:71:85:62:06:38,-60,-64,817,1476482810
E6:71:85:62:06:70,-65,-67,1061,1476482810
54:60:09:2B:81:08,-71,-80,5510,1476482810
54:60:09:F4:21:4A,-75,-78,5509,1476482810
54:60:09:F2:D8:92,-79,-81,5508,1476482810
A4:77:33:F8:A2:00,-40,-58,5506,1476482810
E6:71:85:62:06:38,-61,-64,877,1476482870
E6:71:85:62:06:70,-65,-66,1121,1476482870
54:60:09:2B:81:08,-68,-78,5570,1476482870
54:60:09:F4:21:4A,-75,-78,5569,1476482870
54:60:09:F2:D8:92,-78,-81,5568,1476482870
A4:77:33:F8:A2:00,-40,-58,5566,1476482870
E6:71:85:62:06:38,-60,-64,937,1476482930
E6:71:85:62:06:70,-67,-69,1181,1476482930
54:60:09:2B:81:08,-70,-81,5630,1476482930
54:60:09:F4:21:4A,-73,-76,5629,1476482930
54:60:09:F2:D8:92,-78,-80,5628,1476482930
A4:77:33:F8:A2:00,-40,-58,5626,1476482930
E6:71:85:62:06:38,-61,-65,997,1476482990
E6:71:85:62:06:70,-63,-66,1241,1476482990
54:60:09:2B:81:08,-73,-80,5690,1476482990
54:60:09:F4:21:4A,-73,-75,5689,1476482990
54:60:09:F2:D8:92,-77,-79,5688,1476482990
A4:77:33:F8:A2:00,-40,-58,5686,1476482990
E6:71:85:62:06:38,-60,-64,1060,1476483053
E6:71:85:62:06:70,-64,-66,1304,1476483053
54:60:09:2B:81:08,-74,-80,5753,1476483053
54:60:09:F4:21:4A,-71,-73,5752,1476483053
54:60:09:F2:D8:92,-78,-80,5751,1476483053
A4:77:33:F8:A2:00,-40,-58,5749,1476483053
E6:71:85:62:06:38,-61,-65,1120,1476483113
E6:71:85:62:06:70,-64,-66,1364,1476483113
54:60:09:2B:81:08,-70,-80,5813,1476483113
54:60:09:F4:21:4A,-74,-79,5812,1476483113
54:60:09:F2:D8:92,-74,-78,5811,1476483113
A4:77:33:F8:A2:00,-41,-59,5809,1476483113
E6:71:85:62:06:38,-61,-64,1180,1476483173
E6:71:85:62:06:70,-63,-68,1424,1476483173
54:60:09:2B:81:08,-75,-80,5873,1476483173
54:60:09:F4:21:4A,-75,-78,5872,1476483173
54:60:09:F2:D8:92,-75,-79,5871,1476483173
A4:77:33:F8:A2:00,-40,-58,5869,1476483173
E6:71:85:62:06:38,-58,-63,1240,1476483233
E6:71:85:62:06:70,-64,-67,1484,1476483233
54:60:09:2B:81:08,-71,-81,5933,1476483233
54:60:09:F4:21:4A,-69,-70,5932,1476483233
54:60:09:F2:D8:92,-79,-80,5931,1476483233
A4:77:33:F8:A2:00,-40,-58,5929,1476483233
E6:71:85:62:06:38,-60,-65,1300,1476483293
E6:71:85:62:06:70,-66,-69,1544,1476483293
54:60:09:2B:81:08,-74,-80,5993,1476483293
54:60:09:F4:21:4A,-72,-75,5992,1476483293
54:60:09:F2:D8:92,-78,-81,5991,1476483293
A4:77:33:F8:A2:00,-40,-58,5989,1476483293
E6:71:85:62:06:38,-60,-65,1394,1476483387
E6:71:85:62:06:70,-67,-70,1638,1476483387
54:60:09:2B:81:08,-69,-80,6087,1476483387
54:60:09:F4:21:4A,-67,-68,6086,1476483387
54:60:09:F2:D8:92,-79,-81,6085,1476483387
A4:77:33:F8:A2:00,-40,-58,6083,1476483387
E6:71:85:62:06:38,-60,-65,1454,1476483447
E6:71:85:62:06:70,-65,-69,1698,1476483447
54:60:09:2B:81:08,-70,-81,6147,1476483447
54:60:09:F4:21:4A,-74,-78,6146,1476483447
54:60:09:F2:D8:92,-78,-81,6145,1476483447
A4:77:33:F8:A2:00,-40,-58,6143,1476483447
E6:71:85:62:06:38,-59,-64,1514,1476483507
E6:71:85:62:06:70,-64,-70,1758,1476483507
54:60:09:2B:81:08,-67,-79,6207,1476483507
54:60:09:F4:21:4A,-75,-78,6206,1476483507
54:60:09:F2:D8:92,-79,-81,6205,1476483507
A4:77:33:F8:A2:00,-40,-58,6203,1476483507
E6:71:85:62:06:38,-60,-65,1574,1476483567
E6:71:85:62:06:70,-65,-68,1818,1476483567
54:60:09:2B:81:08,-69,-81,6267,1476483567
54:60:09:F4:21:4A,-70,-72,6266,1476483567
54:60:09:F2:D8:92,-79,-81,6265,1476483567
A4:77:33:F8:A2:00,-40,-58,6263,1476483567
E6:71:85:62:06:38,-59,-64,1634,1476483627
E6:71:85:62:06:70,-66,-68,1878,1476483627
54:60:09:2B:81:08,-68,-79,6327,1476483627
54:60:09:F4:21:4A,-74,-77,6326,1476483627
A4:77:33:F8:A2:00,-40,-58,6323,1476483627
E6:71:85:62:06:38,-60,-65,1697,1476483690
E6:71:85:62:06:70,-66,-65,1941,1476483690
54:60:09:2B:81:08,-69,-81,6390,1476483690
54:60:09:F4:21:4A,-74,-77,6389,1476483690
A4:77:33:F8:A2:00,-40,-58,6386,1476483690
E6:71:85:62:06:38,-60,-65,1757,1476483750
E6:71:85:62:06:70,-65,-68,2001,1476483750
54:60:09:2B:81:08,-68,-80,6450,1476483750
54:60:09:F4:21:4A,-72,-73,6449,1476483750
A4:77:33:F8:A2:00,-40,-59,6446,1476483750
E6:71:85:62:06:38,-59,-64,1817,1476483810
E6:71:85:62:06:70,-66,-67,2061,1476483810
54:60:09:2B:81:08,-70,-81,6510,1476483810
54:60:09:F4:21:4A,-70,-72,6509,1476483810
A4:77:33:F8:A2:00,-40,-58,6506,1476483810
E6:71:85:62:06:38,-56,-62,1877,1476483870
E6:71:85:62:06:70,-61,-65,2121,1476483870
54:60:09:2B:81:08,-71,-81,6570,1476483870
54:60:09:F4:21:4A,-74,-76,6569,1476483870
A4:77:33:F8:A2:00,-40,-58,6566,1476483870
E6:71:85:62:06:38,-56,-62,1937,1476483930
E6:71:85:62:06:70,-64,-70,2181,1476483930
54:60:09:2B:81:08,-74,-80,6630,1476483930
54:60:09:F4:21:4A,-71,-72,6629,1476483930
A4:77:33:F8:A2:00,-40,-58,6626,1476483930
E6:71:85:62:06:38,-59,-64,2000,1476483993
E6:71:85:62:06:70,-67,-67,2244,1476483993
54:60:09:2B:81:08,-71,-81,6693,1476483993
54:60:09:F4:21:4A,-72,-75,6692,1476483993
A4:77:33:F8:A2:00,-40,-58,6689,1476483993
E6:71:85:62:06:38,-60,-64,2060,1476484053
E6:71:85:62:06:70,-67,-68,2304,1476484053
54:60:09:2B:81:08,-74,-79,6753,1476484053
54:60:09:F4:21:4A,-71,-73,6752,1476484053
A4:77:33:F8:A2:00,-40,-58,6749,1476484053
E6:71:85:62:06:38,-58,-63,2120,1476484113
E6:71:85:62:06:70,-65,-66,2364,1476484113
54:60:09:2B:81:08,-74,-80,6813,1476484113
54:60:09:F4:21:4A,-74,-77,6812,1476484113
A4:77:33:F8:A2:00,-40,-58,6809,1476484113
E6:71:85:62:06:38,-60,-65,2180,1476484173
E6:71:85:62:06:70,-65,-68,2424,1476484173
54:60:09:2B:81:08,-73,-80,6873,1476484173
54:60:09:F4:21:4A,-71,-73,6872,1476484173
A4:77:33:F8:A2:00,-40,-58,6869,1476484173
E6:71:85:62:06:38,-60,-65,2240,1476484233
E6:71:85:62:06:70,-67,-68,2484,1476484233
54:60:09:2B:81:08,-74,-80,6933,1476484233
54:60:09:F4:21:4A,-74,-78,6932,1476484233
A4:77:33:F8:A2:00,-40,-58,6929,1476484233
E6:71:85:62:06:38,-59,-64,2303,1476484296
E6:71:85:62:06:70,-68,-70,2547,1476484296
54:60:09:2B:81:08,-74,-80,6996,1476484296
54:60:09:F4:21:4A,-71,-73,6995,1476484296
A4:77:33:F8:A2:00,-40,-58,6992,1476484296
E6:71:85:62:06:38,-60,-65,2363,1476484356
E6:71:85:62:06:70,-68,-70,2607,1476484356
54:60:09:2B:81:08,-73,-80,7056,1476484356
54:60:09:F4:21:4A,-74,-78,7055,1476484356
A4:77:33:F8:A2:00,-34,-52,7052,1476484356
E6:71:85:62:06:38,-58,-63,2423,1476484416
E6:71:85:62:06:70,-66,-68,2667,1476484416
54:60:09:2B:81:08,-74,-80,7116,1476484416
54:60:09:F4:21:4A,-74,-78,7115,1476484416
A4:77:33:F8:A2:00,-40,-58,7112,1476484416
E6:71:85:62:06:38,-60,-65,2483,1476484476
E6:71:85:62:06:70,-66,-67,2727,1476484476
54:60:09:2B:81:08,-72,-80,7176,1476484476
54:60:09:F4:21:4A,-70,-71,7175,1476484476
A4:77:33:F8:A2:00,-40,-58,7172,1476484476
E6:71:85:62:06:38,-58,-63,2549,1476484542
E6:71:85:62:06:70,-67,-68,2793,1476484542
54:60:09:2B:81:08,-74,-80,7242,1476484542
54:60:09:F4:21:4A,-73,-76,7241,1476484542
A4:77:33:F8:A2:00,-40,-58,7238,1476484542
E6:71:85:62:06:38,-60,-64,2609,1476484602
E6:71:85:62:06:70,-67,-68,2853,1476484602
54:60:09:2B:81:08,-71,-80,7302,1476484602
54:60:09:F4:21:4A,-70,-72,7301,1476484602
A4:77:33:F8:A2:00,-40,-58,7298,1476484602
E6:71:85:62:06:38,-61,-66,2669,1476484662
E6:71:85:62:06:70,-67,-68,2913,1476484662
54:60:09:2B:81:08,-73,-80,7362,1476484662
54:60:09:F4:21:4A,-74,-77,7361,1476484662
A4:77:33:F8:A2:00,-40,-58,7358,1476484662
E6:71:85:62:06:38,-59,-65,2729,1476484722
E6:71:85:62:06:70,-65,-67,2973,1476484722
54:60:09:2B:81:08,-71,-80,7422,1476484722
54:60:09:F4:21:4A,-71,-72,7421,1476484722
A4:77:33:F8:A2:00,-40,-58,7418,1476484722
E6:71:85:62:06:38,-58,-63,2789,1476484782
E6:71:85:62:06:70,-65,-66,3033,1476484782
54:60:09:2B:81:08,-69,-80,7482,1476484782
54:60:09:F4:21:4A,-69,-70,7481,1476484782
A4:77:33:F8:A2:00,-40,-58,7478,1476484782
