Client_MAC,Rssi0,Rssi1,Connection_Time,EpocTime
E6:71:85:62:06:38,-60,-65,65566,1476547559
E6:71:85:62:06:70,-66,-68,65810,1476547559
54:60:09:2B:81:08,-73,-78,32706,1476547559
54:60:09:F4:21:4A,-70,-76,29746,1476547559
A4:77:33:F8:A2:00,-44,-61,30865,1476547559
E6:71:85:62:06:38,-59,-65,65626,1476547619
E6:71:85:62:06:70,-68,-70,65870,1476547619
54:60:09:2B:81:08,-68,-77,32766,1476547619
54:60:09:F4:21:4A,-71,-76,29806,1476547619
A4:77:33:F8:A2:00,-43,-61,30925,1476547619
E6:71:85:62:06:38,-60,-65,65686,1476547679
E6:71:85:62:06:70,-65,-68,65930,1476547679
54:60:09:2B:81:08,-72,-78,32826,1476547679
54:60:09:F4:21:4A,-77,-83,29866,1476547679
A4:77:33:F8:A2:00,-43,-61,30985,1476547679
E6:71:85:62:06:38,-59,-65,65746,1476547739
E6:71:85:62:06:70,-65,-68,65990,1476547739
54:60:09:2B:81:08,-68,-77,32886,1476547739
54:60:09:F4:21:4A,-76,-82,29926,1476547739
A4:77:33:F8:A2:00,-43,-61,31045,1476547739
E6:71:85:62:06:38,-58,-64,65806,1476547799
E6:71:85:62:06:70,-65,-68,66050,1476547799
54:60:09:2B:81:08,-72,-78,32946,1476547799
54:60:09:F4:21:4A,-75,-81,29986,1476547799
A4:77:33:F8:A2:00,-44,-61,31105,1476547799
E6:71:85:62:06:38,-60,-65,65869,1476547862
E6:71:85:62:06:70,-66,-69,66113,1476547862
54:60:09:2B:81:08,-68,-76,33009,1476547862
54:60:09:F4:21:4A,-79,-85,30049,1476547862
A4:77:33:F8:A2:00,-43,-61,31168,1476547862
E6:71:85:62:06:38,-60,-66,65929,1476547922
E6:71:85:62:06:70,-66,-68,66173,1476547922
54:60:09:2B:81:08,-72,-79,33069,1476547922
54:60:09:F4:21:4A,-78,-84,30109,1476547922
A4:77:33:F8:A2:00,-43,-61,31228,1476547922
E6:71:85:62:06:38,-60,-63,65989,1476547982
E6:71:85:62:06:70,-66,-69,66233,1476547982
54:60:09:2B:81:08,-66,-76,33129,1476547982
54:60:09:F4:21:4A,-75,-82,30169,1476547982
A4:77:33:F8:A2:00,-42,-61,31288,1476547982
E6:71:85:62:06:38,-60,-66,66049,1476548042
E6:71:85:62:06:70,-65,-68,66293,1476548042
54:60:09:2B:81:08,-72,-78,33189,1476548042
54:60:09:F4:21:4A,-77,-84,30229,1476548042
A4:77:33:F8:A2:00,-43,-60,31348,1476548042
E6:71:85:62:06:38,-60,-65,66109,1476548102
E6:71:85:62:06:70,-68,-70,66353,1476548102
54:60:09:2B:81:08,-68,-77,33249,1476548102
54:60:09:F4:21:4A,-74,-80,30289,1476548102
A4:77:33:F8:A2:00,-43,-60,31408,1476548102
E6:71:85:62:06:38,-60,-65,66172,1476548165
E6:71:85:62:06:70,-66,-69,66416,1476548165
54:60:09:2B:81:08,-72,-79,33312,1476548165
54:60:09:F4:21:4A,-79,-85,30352,1476548165
A4:77:33:F8:A2:00,-43,-60,31471,1476548165
E6:71:85:62:06:38,-62,-68,66232,1476548225
E6:71:85:62:06:70,-66,-69,66476,1476548225
54:60:09:2B:81:08,-65,-75,33372,1476548225
54:60:09:F4:21:4A,-70,-76,30412,1476548225
A4:77:33:F8:A2:00,-43,-61,31531,1476548225
E6:71:85:62:06:38,-61,-65,66292,1476548285
E6:71:85:62:06:70,-66,-68,66536,1476548285
54:60:09:2B:81:08,-72,-78,33432,1476548285
54:60:09:F4:21:4A,-72,-78,30472,1476548285
A4:77:33:F8:A2:00,-43,-60,31591,1476548285
E6:71:85:62:06:38,-63,-68,66352,1476548345
E6:71:85:62:06:70,-65,-68,66596,1476548345
54:60:09:2B:81:08,-67,-77,33492,1476548345
54:60:09:F4:21:4A,-74,-81,30532,1476548345
A4:77:33:F8:A2:00,-42,-60,31651,1476548345
E6:71:85:62:06:38,-62,-66,66412,1476548405
E6:71:85:62:06:70,-62,-68,66656,1476548405
54:60:09:2B:81:08,-72,-78,33552,1476548405
54:60:09:F4:21:4A,-72,-80,30592,1476548405
A4:77:33:F8:A2:00,-42,-60,31711,1476548405
E6:71:85:62:06:38,-63,-67,66507,1476548500
E6:71:85:62:06:70,-64,-68,66751,1476548500
54:60:09:2B:81:08,-72,-79,33647,1476548500
54:60:09:F4:21:4A,-68,-77,30687,1476548500
A4:77:33:F8:A2:00,-42,-60,31806,1476548500
E6:71:85:62:06:38,-60,-64,66567,1476548560
E6:71:85:62:06:70,-62,-69,66811,1476548560
54:60:09:2B:81:08,-71,-78,33707,1476548560
54:60:09:F4:21:4A,-73,-81,30747,1476548560
A4:77:33:F8:A2:00,-42,-60,31866,1476548560
E6:71:85:62:06:38,-63,-67,66627,1476548620
E6:71:85:62:06:70,-65,-70,66871,1476548620
54:60:09:2B:81:08,-70,-78,33767,1476548620
54:60:09:F4:21:4A,-75,-83,30807,1476548620
A4:77:33:F8:A2:00,-42,-60,31926,1476548620
E6:71:85:62:06:38,-60,-64,66687,1476548680
E6:71:85:62:06:70,-65,-70,66931,1476548680
54:60:09:2B:81:08,-70,-77,33827,1476548680
54:60:09:F4:21:4A,-78,-86,30867,1476548680
A4:77:33:F8:A2:00,-42,-60,31986,1476548680
E6:71:85:62:06:38,-63,-67,66747,1476548740
E6:71:85:62:06:70,-65,-70,66991,1476548740
54:60:09:2B:81:08,-68,-77,33887,1476548740
54:60:09:F4:21:4A,-79,-86,30927,1476548740
A4:77:33:F8:A2:00,-43,-60,32046,1476548740
E6:71:85:62:06:38,-63,-67,66807,1476548800
E6:71:85:62:06:70,-66,-69,67051,1476548800
54:60:09:2B:81:08,-69,-78,33947,1476548800
54:60:09:F4:21:4A,-74,-82,30987,1476548800
A4:77:33:F8:A2:00,-42,-60,32106,1476548800
E6:71:85:62:06:38,-63,-67,66867,1476548860
E6:71:85:62:06:70,-66,-72,67111,1476548860
54:60:09:2B:81:08,-68,-78,34007,1476548860
54:60:09:F4:21:4A,-79,-87,31047,1476548860
A4:77:33:F8:A2:00,-42,-60,32166,1476548860
E6:71:85:62:06:38,-63,-68,66927,1476548920
E6:71:85:62:06:70,-66,-70,67171,1476548920
54:60:09:2B:81:08,-64,-76,34067,1476548920
54:60:09:F4:21:4A,-71,-79,31107,1476548920
A4:77:33:F8:A2:00,-42,-60,32226,1476548920
E6:71:85:62:06:38,-62,-65,66987,1476548980
E6:71:85:62:06:70,-64,-67,67231,1476548980
54:60:09:2B:81:08,-66,-77,34127,1476548980
54:60:09:F4:21:4A,-72,-80,31167,1476548980
A4:77:33:F8:A2:00,-42,-60,32286,1476548980
E6:71:85:62:06:38,-63,-66,67050,1476549043
E6:71:85:62:06:70,-65,-71,67294,1476549043
54:60:09:2B:81:08,-66,-76,34190,1476549043
54:60:09:F4:21:4A,-78,-86,31230,1476549043
A4:77:33:F8:A2:00,-42,-60,32349,1476549043
E6:71:85:62:06:38,-64,-67,67110,1476549103
E6:71:85:62:06:70,-63,-70,67354,1476549103
54:60:09:2B:81:08,-64,-75,34250,1476549103
54:60:09:F4:21:4A,-70,-78,31290,1476549103
A4:77:33:F8:A2:00,-42,-60,32409,1476549103
E6:71:85:62:06:38,-63,-67,67170,1476549163
E6:71:85:62:06:70,-64,-70,67414,1476549163
54:60:09:2B:81:08,-66,-76,34310,1476549163
54:60:09:F4:21:4A,-77,-85,31350,1476549163
A4:77:33:F8:A2:00,-42,-60,32469,1476549163
E6:71:85:62:06:38,-62,-65,67230,1476549223
E6:71:85:62:06:70,-63,-71,67474,1476549223
54:60:09:2B:81:08,-66,-77,34370,1476549223
54:60:09:F4:21:4A,-70,-77,31410,1476549223
A4:77:33:F8:A2:00,-42,-60,32529,1476549223
E6:71:85:62:06:38,-61,-64,67290,1476549283
E6:71:85:62:06:70,-64,-71,67534,1476549283
54:60:09:2B:81:08,-67,-77,34430,1476549283
54:60:09:F4:21:4A,-71,-79,31470,1476549283
A4:77:33:F8:A2:00,-42,-60,32589,1476549283
E6:71:85:62:06:38,-61,-64,67353,1476549346
E6:71:85:62:06:70,-62,-69,67597,1476549346
54:60:09:2B:81:08,-68,-78,34493,1476549346
54:60:09:F4:21:4A,-78,-86,31533,1476549346
A4:77:33:F8:A2:00,-42,-60,32652,1476549346
E6:71:85:62:06:38,-64,-67,67413,1476549406
E6:71:85:62:06:70,-63,-71,67657,1476549406
54:60:09:2B:81:08,-66,-77,34553,1476549406
54:60:09:F4:21:4A,-70,-76,31593,1476549406
A4:77:33:F8:A2:00,-42,-60,32712,1476549406
E6:71:85:62:06:38,-61,-64,67473,1476549466
E6:71:85:62:06:70,-62,-71,67717,1476549466
54:60:09:2B:81:08,-66,-77,34613,1476549466
54:60:09:F4:21:4A,-78,-84,31653,1476549466
A4:77:33:F8:A2:00,-42,-60,32772,1476549466
E6:71:85:62:06:38,-60,-65,67533,1476549526
E6:71:85:62:06:70,-63,-71,67777,1476549526
54:60:09:2B:81:08,-63,-74,34673,1476549526
54:60:09:F4:21:4A,-70,-78,31713,1476549526
A4:77:33:F8:A2:00,-42,-60,32832,1476549526
E6:71:85:62:06:38,-60,-64,67593,1476549586
E6:71:85:62:06:70,-63,-73,67837,1476549586
54:60:09:2B:81:08,-66,-77,34733,1476549586
54:60:09:F4:21:4A,-68,-76,31773,1476549586
A4:77:33:F8:A2:00,-42,-60,32892,1476549586
E6:71:85:62:06:38,-60,-65,67656,1476549649
E6:71:85:62:06:70,-62,-69,67900,1476549649
54:60:09:2B:81:08,-67,-76,34796,1476549649
54:60:09:F4:21:4A,-78,-85,31836,1476549649
A4:77:33:F8:A2:00,-43,-60,32955,1476549649
E6:71:85:62:06:38,-60,-65,67716,1476549709
E6:71:85:62:06:70,-63,-71,67960,1476549709
54:60:09:2B:81:08,-66,-76,34856,1476549709
54:60:09:F4:21:4A,-67,-75,31896,1476549709
A4:77:33:F8:A2:00,-43,-60,33015,1476549709
E6:71:85:62:06:38,-60,-65,67776,1476549769
E6:71:85:62:06:70,-63,-69,68020,1476549769
54:60:09:2B:81:08,-66,-77,34916,1476549769
54:60:09:F4:21:4A,-70,-78,31956,1476549769
A4:77:33:F8:A2:00,-42,-60,33075,1476549769
E6:71:85:62:06:38,-60,-65,67836,1476549829
E6:71:85:62:06:70,-61,-69,68080,1476549829
54:60:09:2B:81:08,-67,-77,34976,1476549829
54:60:09:F4:21:4A,-67,-75,32016,1476549829
A4:77:33:F8:A2:00,-41,-60,33135,1476549829
E6:71:85:62:06:38,-60,-65,67896,1476549889
E6:71:85:62:06:70,-62,-68,68140,1476549889
54:60:09:2B:81:08,-71,-78,35036,1476549889
54:60:09:F4:21:4A,-68,-76,32076,1476549889
A4:77:33:F8:A2:00,-42,-60,33195,1476549889
E6:71:85:62:06:38,-61,-64,67991,1476549983
E6:71:85:62:06:70,-63,-72,68235,1476549983
54:60:09:2B:81:08,-69,-78,35131,1476549983
54:60:09:F4:21:4A,-71,-78,32171,1476549983
A4:77:33:F8:A2:00,-42,-60,33290,1476549983
E6:71:85:62:06:38,-61,-67,68051,1476550043
E6:71:85:62:06:70,-63,-69,68295,1476550043
54:60:09:2B:81:08,-65,-75,35191,1476550043
54:60:09:F4:21:4A,-71,-79,32231,1476550043
A4:77:33:F8:A2:00,-42,-60,33350,1476550043
E6:71:85:62:06:38,-60,-65,68111,1476550103
E6:71:85:62:06:70,-63,-72,68355,1476550103
54:60:09:2B:81:08,-69,-78,35251,1476550103
54:60:09:F4:21:4A,-71,-79,32291,1476550103
A4:77:33:F8:A2:00,-41,-60,33410,1476550103
E6:71:85:62:06:38,-60,-64,68171,1476550163
E6:71:85:62:06:70,-64,-71,68415,1476550163
54:60:09:2B:81:08,-64,-75,35311,1476550163
54:60:09:F4:21:4A,-68,-76,32351,1476550163
A4:77:33:F8:A2:00,-42,-60,33470,1476550163
E6:71:85:62:06:38,-61,-65,68231,1476550223
E6:71:85:62:06:70,-62,-67,68475,1476550223
54:60:09:2B:81:08,-72,-79,35371,1476550223
54:60:09:F4:21:4A,-79,-86,32411,1476550223
A4:77:33:F8:A2:00,-42,-60,33530,1476550223
E6:71:85:62:06:38,-63,-68,68294,1476550287
E6:71:85:62:06:70,-60,-71,68538,1476550287
54:60:09:2B:81:08,-67,-77,35434,1476550287
54:60:09:F4:21:4A,-71,-78,32474,1476550287
A4:77:33:F8:A2:00,-42,-60,33593,1476550287
E6:71:85:62:06:38,-60,-65,68354,1476550347
E6:71:85:62:06:70,-61,-73,68598,1476550347
54:60:09:2B:81:08,-71,-78,35494,1476550347
54:60:09:F4:21:4A,-72,-79,32534,1476550347
A4:77:33:F8:A2:00,-41,-60,33653,1476550347
E6:71:85:62:06:38,-63,-67,68414,1476550407
E6:71:85:62:06:70,-60,-71,68658,1476550407
54:60:09:2B:81:08,-66,-76,35554,1476550407
54:60:09:F4:21:4A,-67,-75,32594,1476550407
A4:77:33:F8:A2:00,-43,-60,33713,1476550407
E6:71:85:62:06:38,-60,-65,68474,1476550467
E6:71:85:62:06:70,-60,-69,68718,1476550467
54:60:09:2B:81:08,-64,-75,35614,1476550467
54:60:09:F4:21:4A,-69,-77,32654,1476550467
A4:77:33:F8:A2:00,-42,-60,33773,1476550467
E6:71:85:62:06:38,-61,-65,68534,1476550527
E6:71:85:62:06:70,-61,-73,68778,1476550527
54:60:09:2B:81:08,-66,-77,35674,1476550527
54:60:09:F4:21:4A,-69,-76,32714,1476550527
A4:77:33:F8:A2:00,-42,-60,33833,1476550527
E6:71:85:62:06:38,-62,-66,68594,1476550587
E6:71:85:62:06:70,-63,-73,68838,1476550587
54:60:09:2B:81:08,-64,-75,35734,1476550587
54:60:09:F4:21:4A,-70,-78,32774,1476550587
A4:77:33:F8:A2:00,-41,-60,33893,1476550587
E6:71:85:62:06:38,-61,-65,68654,1476550647
E6:71:85:62:06:70,-63,-73,68898,1476550647
54:60:09:2B:81:08,-66,-76,35794,1476550647
54:60:09:F4:21:4A,-69,-76,32834,1476550647
A4:77:33:F8:A2:00,-43,-60,33953,1476550647
E6:71:85:62:06:38,-62,-67,68714,1476550707
E6:71:85:62:06:70,-64,-71,68958,1476550707
54:60:09:2B:81:08,-72,-79,35854,1476550707
54:60:09:F4:21:4A,-68,-78,32894,1476550707
A4:77:33:F8:A2:00,-43,-61,34013,1476550707
E6:71:85:62:06:38,-61,-66,68774,1476550767
E6:71:85:62:06:70,-63,-73,69018,1476550767
54:60:09:2B:81:08,-67,-77,35914,1476550767
54:60:09:F4:21:4A,-68,-76,32954,1476550767
A4:77:33:F8:A2:00,-42,-60,34073,1476550767
