Client_MAC,Rssi0,Rssi1,Connection_Time,EpocTime
E6:71:85:62:06:38,-63,-67,71867,1476553859
E6:71:85:62:06:70,-62,-71,72111,1476553859
54:60:09:2B:81:08,-65,-70,39007,1476553859
54:60:09:F4:21:4A,-72,-68,36047,1476553859
A4:77:33:F8:A2:00,-41,-57,37166,1476553859
E6:71:85:62:06:38,-60,-64,71927,1476553919
E6:71:85:62:06:70,-63,-73,72171,1476553919
54:60:09:2B:81:08,-67,-72,39067,1476553919
54:60:09:F4:21:4A,-74,-72,36107,1476553919
A4:77:33:F8:A2:00,-41,-57,37226,1476553919
E6:71:85:62:06:38,-60,-64,71987,1476553979
E6:71:85:62:06:70,-65,-74,72231,1476553979
54:60:09:2B:81:08,-68,-72,39127,1476553979
54:60:09:F4:21:4A,-73,-71,36167,1476553979
A4:77:33:F8:A2:00,-41,-56,37286,1476553979
E6:71:85:62:06:38,-64,-68,72047,1476554039
E6:71:85:62:06:70,-61,-71,72291,1476554039
54:60:09:2B:81:08,-72,-74,39187,1476554039
54:60:09:F4:21:4A,-73,-70,36227,1476554039
A4:77:33:F8:A2:00,-42,-56,37346,1476554039
E6:71:85:62:06:38,-63,-67,72107,1476554099
E6:71:85:62:06:70,-65,-74,72351,1476554099
54:60:09:2B:81:08,-67,-71,39247,1476554099
54:60:09:F4:21:4A,-74,-70,36287,1476554099
A4:77:33:F8:A2:00,-41,-56,37406,1476554099
E6:71:85:62:06:38,-64,-68,72167,1476554159
E6:71:85:62:06:70,-64,-74,72411,1476554159
54:60:09:2B:81:08,-71,-74,39307,1476554159
54:60:09:F4:21:4A,-76,-79,36347,1476554159
A4:77:33:F8:A2:00,-41,-56,37466,1476554159
E6:71:85:62:06:38,-64,-68,72227,1476554220
E6:71:85:62:06:70,-64,-72,72471,1476554220
54:60:09:2B:81:08,-69,-73,39367,1476554220
54:60:09:F4:21:4A,-75,-73,36407,1476554220
A4:77:33:F8:A2:00,-42,-56,37526,1476554220
E6:71:85:62:06:38,-63,-67,72287,1476554279
E6:71:85:62:06:70,-66,-74,72531,1476554279
54:60:09:2B:81:08,-71,-74,39427,1476554279
54:60:09:F4:21:4A,-75,-75,36467,1476554279
A4:77:33:F8:A2:00,-42,-56,37586,1476554279
E6:71:85:62:06:38,-62,-66,72347,1476554339
E6:71:85:62:06:70,-67,-74,72591,1476554339
54:60:09:2B:81:08,-67,-71,39487,1476554339
54:60:09:F4:21:4A,-75,-75,36527,1476554339
A4:77:33:F8:A2:00,-41,-56,37646,1476554339
E6:71:85:62:06:38,-64,-68,72410,1476554403
E6:71:85:62:06:70,-62,-68,72654,1476554403
54:60:09:2B:81:08,-73,-78,39550,1476554403
54:60:09:F4:21:4A,-70,-73,36590,1476554403
A4:77:33:F8:A2:00,-42,-57,37709,1476554403
E6:71:85:62:06:38,-62,-66,72470,1476554463
E6:71:85:62:06:70,-65,-69,72714,1476554463
54:60:09:2B:81:08,-70,-74,39610,1476554463
54:60:09:F4:21:4A,-78,-79,36650,1476554463
A4:77:33:F8:A2:00,-40,-57,37769,1476554463
E6:71:85:62:06:38,-63,-66,72530,1476554523
E6:71:85:62:06:70,-60,-67,72774,1476554523
54:60:09:2B:81:08,-69,-74,39670,1476554523
54:60:09:F4:21:4A,-74,-73,36710,1476554523
A4:77:33:F8:A2:00,-41,-57,37829,1476554523
E6:71:85:62:06:38,-64,-67,72590,1476554583
E6:71:85:62:06:70,-59,-64,72834,1476554583
54:60:09:2B:81:08,-69,-74,39730,1476554583
54:60:09:F4:21:4A,-75,-74,36770,1476554583
A4:77:33:F8:A2:00,-41,-57,37889,1476554583
E6:71:85:62:06:38,-63,-67,72650,1476554643
E6:71:85:62:06:70,-60,-65,72894,1476554643
54:60:09:2B:81:08,-68,-74,39790,1476554643
54:60:09:F4:21:4A,-71,-73,36830,1476554643
A4:77:33:F8:A2:00,-40,-57,37949,1476554643
E6:71:85:62:06:38,-62,-66,72713,1476554706
E6:71:85:62:06:70,-60,-66,72957,1476554706
54:60:09:2B:81:08,-70,-74,39853,1476554706
54:60:09:F4:21:4A,-76,-74,36893,1476554706
A4:77:33:F8:A2:00,-41,-57,38012,1476554706
E6:71:85:62:06:38,-64,-67,72773,1476554766
E6:71:85:62:06:70,-63,-65,73017,1476554766
54:60:09:2B:81:08,-68,-71,39913,1476554766
54:60:09:F4:21:4A,-77,-78,36953,1476554766
A4:77:33:F8:A2:00,-41,-57,38072,1476554766
E6:71:85:62:06:38,-63,-67,72833,1476554826
E6:71:85:62:06:70,-60,-67,73077,1476554826
54:60:09:2B:81:08,-68,-73,39973,1476554826
54:60:09:F4:21:4A,-74,-72,37013,1476554826
A4:77:33:F8:A2:00,-40,-57,38132,1476554826
E6:71:85:62:06:38,-62,-66,72893,1476554886
E6:71:85:62:06:70,-56,-64,73137,1476554886
54:60:09:2B:81:08,-69,-74,40033,1476554886
54:60:09:F4:21:4A,-74,-72,37073,1476554886
A4:77:33:F8:A2:00,-40,-57,38192,1476554886
E6:71:85:62:06:38,-62,-66,72953,1476554946
E6:71:85:62:06:70,-59,-65,73197,1476554946
54:60:09:2B:81:08,-69,-73,40093,1476554946
54:60:09:F4:21:4A,-77,-79,37133,1476554946
A4:77:33:F8:A2:00,-41,-57,38252,1476554946
E6:71:85:62:06:38,-62,-66,73016,1476555009
E6:71:85:62:06:70,-58,-65,73260,1476555009
54:60:09:2B:81:08,-68,-73,40156,1476555009
54:60:09:F4:21:4A,-75,-73,37196,1476555009
A4:77:33:F8:A2:00,-41,-57,38315,1476555009
E6:71:85:62:06:38,-64,-67,73076,1476555069
E6:71:85:62:06:70,-59,-66,73320,1476555069
54:60:09:2B:81:08,-68,-73,40216,1476555069
54:60:09:F4:21:4A,-78,-78,37256,1476555069
A4:77:33:F8:A2:00,-40,-57,38375,1476555069
E6:71:85:62:06:38,-63,-67,73136,1476555129
E6:71:85:62:06:70,-59,-65,73380,1476555129
54:60:09:2B:81:08,-68,-72,40276,1476555129
54:60:09:F4:21:4A,-74,-70,37316,1476555129
A4:77:33:F8:A2:00,-41,-57,38435,1476555129
E6:71:85:62:06:38,-60,-64,73196,1476555189
E6:71:85:62:06:70,-58,-64,73440,1476555189
54:60:09:2B:81:08,-68,-73,40336,1476555189
54:60:09:F4:21:4A,-75,-72,37376,1476555189
A4:77:33:F8:A2:00,-40,-57,38495,1476555189
E6:71:85:62:06:38,-60,-64,73256,1476555249
E6:71:85:62:06:70,-59,-66,73500,1476555249
54:60:09:2B:81:08,-72,-75,40396,1476555249
54:60:09:F4:21:4A,-78,-79,37436,1476555249
A4:77:33:F8:A2:00,-41,-57,38555,1476555249
E6:71:85:62:06:38,-60,-64,73319,1476555312
E6:71:85:62:06:70,-54,-63,73563,1476555312
54:60:09:2B:81:08,-66,-71,40459,1476555312
54:60:09:F4:21:4A,-78,-78,37499,1476555312
A4:77:33:F8:A2:00,-40,-57,38618,1476555312
E6:71:85:62:06:38,-63,-67,73379,1476555372
E6:71:85:62:06:70,-58,-65,73623,1476555372
54:60:09:2B:81:08,-72,-75,40519,1476555372
54:60:09:F4:21:4A,-77,-78,37559,1476555372
A4:77:33:F8:A2:00,-41,-57,38678,1476555372
E6:71:85:62:06:38,-60,-64,73439,1476555432
E6:71:85:62:06:70,-58,-64,73683,1476555432
54:60:09:2B:81:08,-68,-73,40579,1476555432
54:60:09:F4:21:4A,-72,-74,37619,1476555432
A4:77:33:F8:A2:00,-40,-57,38738,1476555432
E6:71:85:62:06:38,-64,-68,73499,1476555492
E6:71:85:62:06:70,-58,-64,73743,1476555492
54:60:09:2B:81:08,-66,-71,40639,1476555492
54:60:09:F4:21:4A,-73,-69,37679,1476555492
A4:77:33:F8:A2:00,-41,-57,38798,1476555492
E6:71:85:62:06:38,-60,-64,73559,1476555552
E6:71:85:62:06:70,-56,-64,73803,1476555552
54:60:09:2B:81:08,-66,-71,40699,1476555552
54:60:09:F4:21:4A,-74,-69,37739,1476555552
A4:77:33:F8:A2:00,-40,-57,38858,1476555552
E6:71:85:62:06:38,-61,-65,73622,1476555615
E6:71:85:62:06:70,-57,-65,73866,1476555615
54:60:09:2B:81:08,-68,-73,40762,1476555615
54:60:09:F4:21:4A,-72,-68,37802,1476555615
A4:77:33:F8:A2:00,-41,-57,38921,1476555615
E6:71:85:62:06:38,-60,-64,73682,1476555675
E6:71:85:62:06:70,-58,-66,73926,1476555675
54:60:09:2B:81:08,-68,-73,40822,1476555675
54:60:09:F4:21:4A,-73,-70,37862,1476555675
A4:77:33:F8:A2:00,-41,-57,38981,1476555675
E6:71:85:62:06:38,-63,-67,73742,1476555735
E6:71:85:62:06:70,-56,-64,73986,1476555735
54:60:09:2B:81:08,-70,-74,40882,1476555735
54:60:09:F4:21:4A,-73,-70,37922,1476555735
A4:77:33:F8:A2:00,-40,-57,39041,1476555735
E6:71:85:62:06:38,-63,-66,73802,1476555795
E6:71:85:62:06:70,-57,-65,74046,1476555795
54:60:09:2B:81:08,-68,-73,40942,1476555795
54:60:09:F4:21:4A,-74,-69,37982,1476555795
A4:77:33:F8:A2:00,-41,-57,39101,1476555795
E6:71:85:62:06:38,-64,-68,73862,1476555855
E6:71:85:62:06:70,-58,-65,74106,1476555855
54:60:09:2B:81:08,-70,-75,41002,1476555855
54:60:09:F4:21:4A,-77,-78,38042,1476555855
A4:77:33:F8:A2:00,-40,-57,39161,1476555855
E6:71:85:62:06:38,-63,-67,73922,1476555915
E6:71:85:62:06:70,-58,-65,74166,1476555915
54:60:09:2B:81:08,-68,-73,41062,1476555915
54:60:09:F4:21:4A,-74,-72,38102,1476555915
A4:77:33:F8:A2:00,-41,-57,39221,1476555915
E6:71:85:62:06:38,-60,-64,73982,1476555975
E6:71:85:62:06:70,-56,-64,74226,1476555975
54:60:09:2B:81:08,-71,-75,41122,1476555975
54:60:09:F4:21:4A,-78,-79,38162,1476555975
A4:77:33:F8:A2:00,-40,-57,39281,1476555975
E6:71:85:62:06:38,-62,-67,74042,1476556035
E6:71:85:62:06:70,-60,-71,74286,1476556035
54:60:09:2B:81:08,-66,-71,41182,1476556035
54:60:09:F4:21:4A,-77,-77,38222,1476556035
A4:77:33:F8:A2:00,-41,-58,39341,1476556035
E6:71:85:62:06:38,-60,-64,74102,1476556095
E6:71:85:62:06:70,-58,-70,74346,1476556095
54:60:09:2B:81:08,-71,-74,41242,1476556095
54:60:09:F4:21:4A,-74,-74,38282,1476556095
A4:77:33:F8:A2:00,-41,-58,39401,1476556095
E6:71:85:62:06:38,-61,-64,74165,1476556158
E6:71:85:62:06:70,-56,-65,74409,1476556158
54:60:09:2B:81:08,-66,-69,41305,1476556158
54:60:09:F4:21:4A,-77,-79,38345,1476556158
A4:77:33:F8:A2:00,-42,-57,39464,1476556158
E6:71:85:62:06:38,-60,-64,74225,1476556218
E6:71:85:62:06:70,-56,-65,74469,1476556218
54:60:09:2B:81:08,-71,-74,41365,1476556218
54:60:09:F4:21:4A,-74,-75,38405,1476556218
A4:77:33:F8:A2:00,-42,-58,39524,1476556218
E6:71:85:62:06:38,-60,-64,74285,1476556278
E6:71:85:62:06:70,-58,-67,74529,1476556278
54:60:09:2B:81:08,-68,-71,41425,1476556278
54:60:09:F4:21:4A,-77,-79,38465,1476556278
A4:77:33:F8:A2:00,-41,-58,39584,1476556278
E6:71:85:62:06:38,-63,-67,74345,1476556338
E6:71:85:62:06:70,-57,-67,74589,1476556338
54:60:09:2B:81:08,-72,-74,41485,1476556338
54:60:09:F4:21:4A,-71,-72,38525,1476556338
A4:77:33:F8:A2:00,-42,-58,39644,1476556338
E6:71:85:62:06:38,-63,-67,74405,1476556398
E6:71:85:62:06:70,-56,-66,74649,1476556398
54:60:09:2B:81:08,-68,-71,41545,1476556398
54:60:09:F4:21:4A,-72,-73,38585,1476556398
A4:77:33:F8:A2:00,-41,-58,39704,1476556398
E6:71:85:62:06:38,-60,-64,74468,1476556461
E6:71:85:62:06:70,-56,-66,74712,1476556461
54:60:09:2B:81:08,-72,-74,41608,1476556461
54:60:09:F4:21:4A,-78,-78,38648,1476556461
A4:77:33:F8:A2:00,-41,-57,39767,1476556461
E6:71:85:62:06:38,-60,-64,74528,1476556521
E6:71:85:62:06:70,-60,-68,74772,1476556521
54:60:09:2B:81:08,-65,-68,41668,1476556521
54:60:09:F4:21:4A,-70,-69,38708,1476556521
A4:77:33:F8:A2:00,-41,-58,39827,1476556521
E6:71:85:62:06:38,-62,-66,74588,1476556581
E6:71:85:62:06:70,-57,-66,74832,1476556581
54:60:09:2B:81:08,-68,-71,41728,1476556581
54:60:09:F4:21:4A,-73,-72,38768,1476556581
A4:77:33:F8:A2:00,-41,-57,39887,1476556581
E6:71:85:62:06:38,-63,-66,74648,1476556641
E6:71:85:62:06:70,-58,-68,74892,1476556641
54:60:09:2B:81:08,-65,-68,41788,1476556641
54:60:09:F4:21:4A,-73,-73,38828,1476556641
A4:77:33:F8:A2:00,-41,-58,39947,1476556641
E6:71:85:62:06:38,-60,-64,74708,1476556701
E6:71:85:62:06:70,-59,-70,74952,1476556701
54:60:09:2B:81:08,-72,-74,41848,1476556701
54:60:09:F4:21:4A,-78,-78,38888,1476556701
A4:77:33:F8:A2:00,-41,-58,40007,1476556701
