Client_MAC,Rssi0,Rssi1,Connection_Time,EpocTime
E6:71:85:62:06:38,-60,-64,38521,1476520514
E6:71:85:62:06:70,-63,-67,38765,1476520514
AC:CF:85:28:94:E2,-65,-73,32897,1476520514
54:60:09:2B:81:08,-68,-75,5661,1476520514
54:60:09:F4:21:4A,-79,-82,2701,1476520514
A4:77:33:F8:A2:00,-41,-57,3820,1476520514
E6:71:85:62:06:38,-60,-64,38581,1476520574
E6:71:85:62:06:70,-64,-68,38825,1476520574
AC:CF:85:28:94:E2,-64,-72,32957,1476520574
54:60:09:2B:81:08,-72,-77,5721,1476520574
54:60:09:F4:21:4A,-76,-77,2761,1476520574
A4:77:33:F8:A2:00,-41,-57,3880,1476520574
E6:71:85:62:06:38,-57,-61,38641,1476520634
E6:71:85:62:06:70,-62,-66,38885,1476520634
AC:CF:85:28:94:E2,-63,-72,33017,1476520634
54:60:09:2B:81:08,-69,-77,5781,1476520634
54:60:09:F4:21:4A,-77,-78,2821,1476520634
A4:77:33:F8:A2:00,-41,-57,3940,1476520634
E6:71:85:62:06:38,-60,-64,38701,1476520694
E6:71:85:62:06:70,-63,-67,38945,1476520694
AC:CF:85:28:94:E2,-62,-70,33077,1476520694
54:60:09:2B:81:08,-72,-77,5841,1476520694
54:60:09:F4:21:4A,-72,-72,2881,1476520694
A4:77:33:F8:A2:00,-41,-57,4000,1476520694
E6:71:85:62:06:38,-60,-64,38761,1476520754
E6:71:85:62:06:70,-63,-67,39005,1476520754
AC:CF:85:28:94:E2,-62,-71,33137,1476520754
54:60:09:2B:81:08,-68,-77,5901,1476520754
54:60:09:F4:21:4A,-79,-80,2941,1476520754
A4:77:33:F8:A2:00,-40,-57,4060,1476520754
E6:71:85:62:06:38,-57,-60,38824,1476520817
E6:71:85:62:06:70,-64,-68,39068,1476520817
AC:CF:85:28:94:E2,-63,-72,33200,1476520817
54:60:09:2B:81:08,-72,-77,5964,1476520817
54:60:09:F4:21:4A,-79,-81,3004,1476520817
A4:77:33:F8:A2:00,-40,-57,4123,1476520817
E6:71:85:62:06:38,-59,-62,38884,1476520877
E6:71:85:62:06:70,-63,-68,39128,1476520877
AC:CF:85:28:94:E2,-63,-71,33260,1476520877
54:60:09:2B:81:08,-68,-77,6024,1476520877
54:60:09:F4:21:4A,-72,-73,3064,1476520877
A4:77:33:F8:A2:00,-41,-57,4183,1476520877
E6:71:85:62:06:38,-57,-60,38944,1476520937
E6:71:85:62:06:70,-63,-68,39188,1476520937
AC:CF:85:28:94:E2,-64,-72,33320,1476520937
54:60:09:2B:81:08,-72,-78,6084,1476520937
54:60:09:F4:21:4A,-78,-82,3124,1476520937
A4:77:33:F8:A2:00,-40,-57,4243,1476520937
E6:71:85:62:06:38,-57,-61,39004,1476520997
E6:71:85:62:06:70,-63,-67,39248,1476520997
AC:CF:85:28:94:E2,-64,-72,33380,1476520997
54:60:09:2B:81:08,-66,-75,6144,1476520997
54:60:09:F4:21:4A,-72,-74,3184,1476520997
A4:77:33:F8:A2:00,-41,-57,4303,1476520997
E6:71:85:62:06:38,-57,-61,39064,1476521057
E6:71:85:62:06:70,-63,-67,39308,1476521057
AC:CF:85:28:94:E2,-62,-71,33440,1476521057
54:60:09:2B:81:08,-72,-77,6204,1476521057
54:60:09:F4:21:4A,-71,-75,3244,1476521057
A4:77:33:F8:A2:00,-41,-57,4363,1476521057
E6:71:85:62:06:38,-57,-61,39156,1476521149
E6:71:85:62:06:70,-63,-67,39400,1476521149
AC:CF:85:28:94:E2,-62,-71,33532,1476521149
54:60:09:2B:81:08,-66,-76,6296,1476521149
54:60:09:F4:21:4A,-77,-77,3336,1476521149
A4:77:33:F8:A2:00,-41,-57,4455,1476521149
E6:71:85:62:06:38,-56,-60,39216,1476521209
E6:71:85:62:06:70,-63,-67,39460,1476521209
AC:CF:85:28:94:E2,-64,-73,33592,1476521209
54:60:09:2B:81:08,-65,-76,6356,1476521209
54:60:09:F4:21:4A,-77,-76,3396,1476521209
A4:77:33:F8:A2:00,-41,-57,4515,1476521209
E6:71:85:62:06:38,-59,-62,39276,1476521269
E6:71:85:62:06:70,-63,-67,39520,1476521269
AC:CF:85:28:94:E2,-63,-72,33652,1476521269
54:60:09:2B:81:08,-70,-77,6416,1476521269
54:60:09:F4:21:4A,-74,-76,3456,1476521269
A4:77:33:F8:A2:00,-41,-57,4575,1476521269
E6:71:85:62:06:38,-60,-64,39336,1476521329
E6:71:85:62:06:70,-64,-68,39580,1476521329
AC:CF:85:28:94:E2,-61,-71,33712,1476521329
54:60:09:2B:81:08,-69,-78,6476,1476521329
54:60:09:F4:21:4A,-78,-81,3516,1476521329
A4:77:33:F8:A2:00,-41,-57,4635,1476521329
E6:71:85:62:06:38,-59,-63,39396,1476521389
E6:71:85:62:06:70,-62,-65,39640,1476521389
AC:CF:85:28:94:E2,-61,-70,33772,1476521389
54:60:09:2B:81:08,-69,-77,6536,1476521389
54:60:09:F4:21:4A,-73,-75,3576,1476521389
A4:77:33:F8:A2:00,-41,-57,4695,1476521389
E6:71:85:62:06:38,-60,-64,39459,1476521452
E6:71:85:62:06:70,-63,-67,39703,1476521452
AC:CF:85:28:94:E2,-61,-71,33835,1476521452
54:60:09:2B:81:08,-69,-77,6599,1476521452
54:60:09:F4:21:4A,-79,-82,3639,1476521452
A4:77:33:F8:A2:00,-41,-57,4758,1476521452
E6:71:85:62:06:38,-60,-64,39519,1476521512
E6:71:85:62:06:70,-62,-66,39763,1476521512
AC:CF:85:28:94:E2,-61,-70,33895,1476521512
54:60:09:2B:81:08,-70,-77,6659,1476521512
54:60:09:F4:21:4A,-79,-78,3699,1476521512
A4:77:33:F8:A2:00,-41,-57,4818,1476521512
E6:71:85:62:06:38,-60,-64,39579,1476521572
E6:71:85:62:06:70,-63,-68,39823,1476521572
AC:CF:85:28:94:E2,-62,-72,33955,1476521572
54:60:09:2B:81:08,-67,-75,6719,1476521572
54:60:09:F4:21:4A,-76,-75,3759,1476521572
A4:77:33:F8:A2:00,-41,-57,4878,1476521572
E6:71:85:62:06:38,-61,-64,39639,1476521632
E6:71:85:62:06:70,-63,-67,39883,1476521632
AC:CF:85:28:94:E2,-63,-72,34015,1476521632
54:60:09:2B:81:08,-68,-76,6779,1476521632
54:60:09:F4:21:4A,-77,-80,3819,1476521632
A4:77:33:F8:A2:00,-41,-57,4938,1476521632
E6:71:85:62:06:38,-60,-63,39699,1476521692
E6:71:85:62:06:70,-62,-66,39943,1476521692
AC:CF:85:28:94:E2,-62,-72,34075,1476521692
54:60:09:2B:81:08,-68,-76,6839,1476521692
54:60:09:F4:21:4A,-73,-70,3879,1476521692
A4:77:33:F8:A2:00,-41,-57,4998,1476521692
E6:71:85:62:06:38,-57,-61,39762,1476521755
E6:71:85:62:06:70,-62,-66,40006,1476521755
AC:CF:85:28:94:E2,-62,-72,34138,1476521755
54:60:09:2B:81:08,-70,-77,6902,1476521755
54:60:09:F4:21:4A,-78,-78,3942,1476521755
A4:77:33:F8:A2:00,-41,-57,5061,1476521755
E6:71:85:62:06:38,-59,-63,39822,1476521815
E6:71:85:62:06:70,-63,-67,40066,1476521815
AC:CF:85:28:94:E2,-61,-70,34198,1476521815
54:60:09:2B:81:08,-67,-76,6962,1476521815
54:60:09:F4:21:4A,-73,-72,4002,1476521815
A4:77:33:F8:A2:00,-41,-57,5121,1476521815
E6:71:85:62:06:38,-59,-62,39882,1476521875
E6:71:85:62:06:70,-63,-66,40126,1476521875
AC:CF:85:28:94:E2,-63,-72,34258,1476521875
54:60:09:2B:81:08,-67,-77,7022,1476521875
54:60:09:F4:21:4A,-71,-71,4062,1476521875
A4:77:33:F8:A2:00,-41,-57,5181,1476521875
E6:71:85:62:06:38,-60,-63,39942,1476521935
E6:71:85:62:06:70,-61,-65,40186,1476521935
AC:CF:85:28:94:E2,-63,-72,34318,1476521935
54:60:09:2B:81:08,-68,-77,7082,1476521935
54:60:09:F4:21:4A,-75,-73,4122,1476521935
A4:77:33:F8:A2:00,-41,-57,5241,1476521935
E6:71:85:62:06:38,-57,-60,40002,1476521995
E6:71:85:62:06:70,-61,-64,40246,1476521995
AC:CF:85:28:94:E2,-63,-72,34378,1476521995
54:60:09:2B:81:08,-69,-77,7142,1476521995
54:60:09:F4:21:4A,-75,-71,4182,1476521995
A4:77:33:F8:A2:00,-41,-57,5301,1476521995
E6:71:85:62:06:38,-57,-61,40062,1476522055
E6:71:85:62:06:70,-64,-67,40306,1476522055
AC:CF:85:28:94:E2,-63,-72,34438,1476522055
54:60:09:2B:81:08,-69,-77,7202,1476522055
54:60:09:F4:21:4A,-72,-72,4242,1476522055
A4:77:33:F8:A2:00,-41,-57,5361,1476522055
E6:71:85:62:06:38,-61,-64,40122,1476522115
E6:71:85:62:06:70,-61,-65,40366,1476522115
AC:CF:85:28:94:E2,-65,-72,34498,1476522115
54:60:09:2B:81:08,-69,-77,7262,1476522115
54:60:09:F4:21:4A,-73,-73,4302,1476522115
A4:77:33:F8:A2:00,-40,-57,5421,1476522115
E6:71:85:62:06:38,-61,-64,40182,1476522175
E6:71:85:62:06:70,-62,-66,40426,1476522175
AC:CF:85:28:94:E2,-64,-72,34558,1476522175
54:60:09:2B:81:08,-67,-76,7322,1476522175
54:60:09:F4:21:4A,-73,-73,4362,1476522175
A4:77:33:F8:A2:00,-41,-57,5481,1476522175
E6:71:85:62:06:38,-59,-62,40242,1476522235
E6:71:85:62:06:70,-63,-67,40486,1476522235
AC:CF:85:28:94:E2,-62,-71,34618,1476522235
54:60:09:2B:81:08,-67,-76,7382,1476522235
54:60:09:F4:21:4A,-76,-75,4422,1476522235
A4:77:33:F8:A2:00,-41,-57,5541,1476522235
E6:71:85:62:06:38,-58,-61,40305,1476522298
E6:71:85:62:06:70,-63,-67,40549,1476522298
AC:CF:85:28:94:E2,-64,-72,34681,1476522298
54:60:09:2B:81:08,-67,-77,7445,1476522298
54:60:09:F4:21:4A,-75,-72,4485,1476522298
A4:77:33:F8:A2:00,-40,-57,5604,1476522298
E6:71:85:62:06:38,-57,-61,40365,1476522358
E6:71:85:62:06:70,-61,-66,40609,1476522358
AC:CF:85:28:94:E2,-63,-72,34741,1476522358
54:60:09:2B:81:08,-67,-77,7505,1476522358
54:60:09:F4:21:4A,-75,-73,4545,1476522358
A4:77:33:F8:A2:00,-41,-57,5664,1476522358
E6:71:85:62:06:38,-57,-61,40425,1476522418
E6:71:85:62:06:70,-60,-65,40669,1476522418
AC:CF:85:28:94:E2,-63,-71,34801,1476522418
54:60:09:2B:81:08,-68,-77,7565,1476522418
54:60:09:F4:21:4A,-71,-71,4605,1476522418
A4:77:33:F8:A2:00,-41,-57,5724,1476522418
E6:71:85:62:06:38,-60,-64,40485,1476522478
E6:71:85:62:06:70,-60,-64,40729,1476522478
AC:CF:85:28:94:E2,-63,-71,34861,1476522478
54:60:09:2B:81:08,-66,-77,7625,1476522478
54:60:09:F4:21:4A,-74,-70,4665,1476522478
A4:77:33:F8:A2:00,-40,-57,5784,1476522478
E6:71:85:62:06:38,-61,-64,40545,1476522538
E6:71:85:62:06:70,-64,-68,40789,1476522538
AC:CF:85:28:94:E2,-63,-71,34921,1476522538
54:60:09:2B:81:08,-68,-77,7685,1476522538
54:60:09:F4:21:4A,-77,-72,4725,1476522538
A4:77:33:F8:A2:00,-40,-57,5844,1476522538
E6:71:85:62:06:38,-57,-61,40608,1476522601
E6:71:85:62:06:70,-63,-67,40852,1476522601
AC:CF:85:28:94:E2,-62,-71,34984,1476522601
54:60:09:2B:81:08,-67,-77,7748,1476522601
54:60:09:F4:21:4A,-72,-70,4788,1476522601
A4:77:33:F8:A2:00,-40,-56,5907,1476522601
E6:71:85:62:06:38,-59,-63,40668,1476522661
E6:71:85:62:06:70,-64,-68,40912,1476522661
AC:CF:85:28:94:E2,-63,-72,35044,1476522661
54:60:09:2B:81:08,-67,-77,7808,1476522661
54:60:09:F4:21:4A,-72,-68,4848,1476522661
A4:77:33:F8:A2:00,-40,-57,5967,1476522661
E6:71:85:62:06:38,-61,-64,40728,1476522721
E6:71:85:62:06:70,-60,-65,40972,1476522721
AC:CF:85:28:94:E2,-63,-71,35104,1476522721
54:60:09:2B:81:08,-67,-77,7868,1476522721
54:60:09:F4:21:4A,-71,-69,4908,1476522721
A4:77:33:F8:A2:00,-40,-57,6027,1476522721
E6:71:85:62:06:38,-59,-63,40788,1476522781
E6:71:85:62:06:70,-63,-67,41032,1476522781
AC:CF:85:28:94:E2,-63,-72,35164,1476522781
54:60:09:2B:81:08,-66,-77,7928,1476522781
54:60:09:F4:21:4A,-81,-79,4968,1476522781
A4:77:33:F8:A2:00,-41,-57,6087,1476522781
E6:71:85:62:06:38,-62,-65,40848,1476522841
E6:71:85:62:06:70,-63,-67,41092,1476522841
AC:CF:85:28:94:E2,-62,-72,35224,1476522841
54:60:09:2B:81:08,-67,-77,7988,1476522841
54:60:09:F4:21:4A,-76,-74,5028,1476522841
A4:77:33:F8:A2:00,-41,-57,6147,1476522841
E6:71:85:62:06:38,-61,-64,40941,1476522934
E6:71:85:62:06:70,-63,-67,41185,1476522934
AC:CF:85:28:94:E2,-61,-70,35317,1476522934
54:60:09:2B:81:08,-68,-76,8081,1476522934
54:60:09:F4:21:4A,-68,-68,5121,1476522934
A4:77:33:F8:A2:00,-41,-57,6240,1476522934
E6:71:85:62:06:38,-60,-64,41001,1476522994
E6:71:85:62:06:70,-62,-66,41245,1476522994
AC:CF:85:28:94:E2,-64,-72,35377,1476522994
54:60:09:2B:81:08,-73,-78,8141,1476522994
54:60:09:F4:21:4A,-69,-69,5181,1476522994
A4:77:33:F8:A2:00,-41,-57,6300,1476522994
E6:71:85:62:06:38,-60,-64,41061,1476523054
E6:71:85:62:06:70,-61,-65,41305,1476523054
AC:CF:85:28:94:E2,-63,-72,35437,1476523054
54:60:09:2B:81:08,-66,-76,8201,1476523054
54:60:09:F4:21:4A,-75,-77,5241,1476523054
A4:77:33:F8:A2:00,-41,-57,6360,1476523054
E6:71:85:62:06:38,-61,-64,41121,1476523114
E6:71:85:62:06:70,-63,-67,41365,1476523114
AC:CF:85:28:94:E2,-63,-72,35497,1476523114
54:60:09:2B:81:08,-72,-77,8261,1476523114
54:60:09:F4:21:4A,-72,-70,5301,1476523114
A4:77:33:F8:A2:00,-41,-57,6420,1476523114
E6:71:85:62:06:38,-60,-64,41181,1476523174
E6:71:85:62:06:70,-62,-66,41425,1476523174
AC:CF:85:28:94:E2,-62,-71,35557,1476523174
54:60:09:2B:81:08,-64,-74,8321,1476523174
54:60:09:F4:21:4A,-74,-68,5361,1476523174
A4:77:33:F8:A2:00,-41,-57,6480,1476523174
