Client_MAC,Rssi0,Rssi1,Connection_Time,EpocTime
E6:71:85:62:06:38,-62,-64,13554,1476495547
E6:71:85:62:06:70,-61,-64,13798,1476495547
AC:CF:85:28:94:E2,-74,-77,7930,1476495547
54:60:09:2B:81:08,-72,-77,18247,1476495547
54:60:09:F4:21:4A,-79,-81,18246,1476495547
A4:77:33:F8:A2:00,-41,-57,18243,1476495547
E6:71:85:62:06:38,-62,-64,13614,1476495607
E6:71:85:62:06:70,-62,-66,13858,1476495607
AC:CF:85:28:94:E2,-74,-77,7990,1476495607
54:60:09:2B:81:08,-72,-77,18307,1476495607
54:60:09:F4:21:4A,-72,-72,18306,1476495607
A4:77:33:F8:A2:00,-41,-57,18303,1476495607
E6:71:85:62:06:38,-63,-65,13674,1476495667
E6:71:85:62:06:70,-63,-67,13918,1476495667
AC:CF:85:28:94:E2,-73,-77,8050,1476495667
54:60:09:2B:81:08,-73,-78,18367,1476495667
54:60:09:F4:21:4A,-77,-78,18366,1476495667
A4:77:33:F8:A2:00,-41,-57,18363,1476495667
E6:71:85:62:06:38,-62,-64,13734,1476495727
E6:71:85:62:06:70,-62,-66,13978,1476495727
AC:CF:85:28:94:E2,-73,-77,8110,1476495727
54:60:09:2B:81:08,-68,-76,18427,1476495727
54:60:09:F4:21:4A,-72,-72,18426,1476495727
A4:77:33:F8:A2:00,-40,-57,18423,1476495727
E6:71:85:62:06:38,-59,-61,13794,1476495787
E6:71:85:62:06:70,-61,-65,14038,1476495787
AC:CF:85:28:94:E2,-75,-78,8170,1476495787
54:60:09:2B:81:08,-72,-77,18487,1476495787
54:60:09:F4:21:4A,-78,-80,18486,1476495787
A4:77:33:F8:A2:00,-41,-57,18483,1476495787
E6:71:85:62:06:38,-63,-65,13857,1476495850
E6:71:85:62:06:70,-63,-67,14101,1476495850
AC:CF:85:28:94:E2,-74,-77,8233,1476495850
54:60:09:2B:81:08,-67,-77,18550,1476495850
54:60:09:F4:21:4A,-70,-70,18549,1476495850
A4:77:33:F8:A2:00,-41,-57,18546,1476495850
E6:71:85:62:06:38,-61,-63,13917,1476495910
E6:71:85:62:06:70,-61,-66,14161,1476495910
AC:CF:85:28:94:E2,-72,-76,8293,1476495910
54:60:09:2B:81:08,-72,-77,18610,1476495910
54:60:09:F4:21:4A,-73,-73,18609,1476495910
A4:77:33:F8:A2:00,-41,-57,18606,1476495910
E6:71:85:62:06:38,-63,-65,13977,1476495970
E6:71:85:62:06:70,-63,-67,14221,1476495970
AC:CF:85:28:94:E2,-72,-76,8353,1476495970
54:60:09:2B:81:08,-67,-77,18670,1476495970
54:60:09:F4:21:4A,-71,-71,18669,1476495970
A4:77:33:F8:A2:00,-41,-57,18666,1476495970
E6:71:85:62:06:38,-62,-64,14037,1476496030
E6:71:85:62:06:70,-64,-68,14281,1476496030
AC:CF:85:28:94:E2,-72,-76,8413,1476496030
54:60:09:2B:81:08,-72,-77,18730,1476496030
54:60:09:F4:21:4A,-69,-68,18729,1476496030
A4:77:33:F8:A2:00,-41,-58,18726,1476496030
E6:71:85:62:06:38,-61,-64,14097,1476496090
E6:71:85:62:06:70,-63,-67,14341,1476496090
AC:CF:85:28:94:E2,-73,-77,8473,1476496090
54:60:09:2B:81:08,-66,-76,18790,1476496090
54:60:09:F4:21:4A,-69,-69,18789,1476496090
A4:77:33:F8:A2:00,-41,-57,18786,1476496090
E6:71:85:62:06:38,-62,-64,14193,1476496186
E6:71:85:62:06:70,-62,-67,14437,1476496186
AC:CF:85:28:94:E2,-74,-77,8569,1476496186
54:60:09:2B:81:08,-67,-76,18886,1476496186
54:60:09:F4:21:4A,-73,-73,18885,1476496186
A4:77:33:F8:A2:00,-41,-57,18882,1476496186
E6:71:85:62:06:38,-62,-64,14253,1476496246
E6:71:85:62:06:70,-61,-65,14497,1476496246
AC:CF:85:28:94:E2,-72,-75,8629,1476496246
54:60:09:2B:81:08,-70,-77,18946,1476496246
54:60:09:F4:21:4A,-75,-76,18945,1476496246
A4:77:33:F8:A2:00,-41,-57,18942,1476496246
E6:71:85:62:06:38,-62,-64,14313,1476496306
E6:71:85:62:06:70,-63,-68,14557,1476496306
AC:CF:85:28:94:E2,-73,-77,8689,1476496306
54:60:09:2B:81:08,-66,-75,19006,1476496306
54:60:09:F4:21:4A,-74,-76,19005,1476496306
A4:77:33:F8:A2:00,-41,-57,19002,1476496306
E6:71:85:62:06:38,-63,-65,14373,1476496366
E6:71:85:62:06:70,-63,-67,14617,1476496366
AC:CF:85:28:94:E2,-73,-76,8749,1476496366
54:60:09:2B:81:08,-68,-76,19066,1476496366
54:60:09:F4:21:4A,-80,-81,19065,1476496366
A4:77:33:F8:A2:00,-41,-57,19062,1476496366
E6:71:85:62:06:38,-63,-65,14433,1476496426
E6:71:85:62:06:70,-61,-65,14677,1476496426
AC:CF:85:28:94:E2,-73,-76,8809,1476496426
54:60:09:2B:81:08,-67,-77,19126,1476496426
54:60:09:F4:21:4A,-72,-72,19125,1476496426
A4:77:33:F8:A2:00,-41,-57,19122,1476496426
E6:71:85:62:06:38,-62,-64,14496,1476496489
E6:71:85:62:06:70,-63,-67,14740,1476496489
AC:CF:85:28:94:E2,-74,-77,8872,1476496489
54:60:09:2B:81:08,-67,-76,19189,1476496489
54:60:09:F4:21:4A,-73,-73,19188,1476496489
A4:77:33:F8:A2:00,-41,-57,19185,1476496489
E6:71:85:62:06:38,-62,-64,14556,1476496549
E6:71:85:62:06:70,-61,-65,14800,1476496549
AC:CF:85:28:94:E2,-73,-77,8932,1476496549
54:60:09:2B:81:08,-65,-75,19249,1476496549
54:60:09:F4:21:4A,-72,-73,19248,1476496549
A4:77:33:F8:A2:00,-41,-57,19245,1476496549
E6:71:85:62:06:38,-62,-64,14616,1476496609
E6:71:85:62:06:70,-63,-67,14860,1476496609
AC:CF:85:28:94:E2,-73,-77,8992,1476496609
54:60:09:2B:81:08,-69,-77,19309,1476496609
54:60:09:F4:21:4A,-74,-75,19308,1476496609
A4:77:33:F8:A2:00,-41,-57,19305,1476496609
E6:71:85:62:06:38,-59,-61,14676,1476496669
E6:71:85:62:06:70,-61,-67,14920,1476496669
AC:CF:85:28:94:E2,-73,-76,9052,1476496669
54:60:09:2B:81:08,-67,-77,19369,1476496669
54:60:09:F4:21:4A,-78,-80,19368,1476496669
A4:77:33:F8:A2:00,-41,-57,19365,1476496669
E6:71:85:62:06:38,-62,-64,14736,1476496729
E6:71:85:62:06:70,-62,-66,14980,1476496729
AC:CF:85:28:94:E2,-71,-74,9112,1476496729
54:60:09:2B:81:08,-69,-77,19429,1476496729
54:60:09:F4:21:4A,-73,-74,19428,1476496729
A4:77:33:F8:A2:00,-41,-58,19425,1476496729
E6:71:85:62:06:38,-63,-65,14799,1476496792
E6:71:85:62:06:70,-61,-65,15043,1476496792
AC:CF:85:28:94:E2,-72,-75,9175,1476496792
54:60:09:2B:81:08,-67,-77,19492,1476496792
54:60:09:F4:21:4A,-71,-71,19491,1476496792
A4:77:33:F8:A2:00,-41,-57,19488,1476496792
E6:71:85:62:06:38,-62,-64,14859,1476496852
E6:71:85:62:06:70,-63,-67,15103,1476496852
AC:CF:85:28:94:E2,-73,-76,9235,1476496852
54:60:09:2B:81:08,-69,-77,19552,1476496852
54:60:09:F4:21:4A,-77,-79,19551,1476496852
A4:77:33:F8:A2:00,-41,-57,19548,1476496852
E6:71:85:62:06:38,-60,-62,14919,1476496912
E6:71:85:62:06:70,-63,-67,15163,1476496912
AC:CF:85:28:94:E2,-69,-73,9295,1476496912
54:60:09:2B:81:08,-69,-76,19612,1476496912
54:60:09:F4:21:4A,-77,-79,19611,1476496912
A4:77:33:F8:A2:00,-41,-57,19608,1476496912
E6:71:85:62:06:38,-61,-64,14979,1476496972
E6:71:85:62:06:70,-62,-66,15223,1476496972
AC:CF:85:28:94:E2,-65,-73,9355,1476496972
54:60:09:2B:81:08,-68,-76,19672,1476496972
54:60:09:F4:21:4A,-79,-81,19671,1476496972
A4:77:33:F8:A2:00,-41,-57,19668,1476496972
E6:71:85:62:06:38,-62,-64,15039,1476497032
E6:71:85:62:06:70,-60,-65,15283,1476497032
AC:CF:85:28:94:E2,-66,-75,9415,1476497032
54:60:09:2B:81:08,-68,-77,19732,1476497032
54:60:09:F4:21:4A,-71,-71,19731,1476497032
A4:77:33:F8:A2:00,-40,-57,19728,1476497032
E6:71:85:62:06:38,-59,-61,15099,1476497092
E6:71:85:62:06:70,-63,-67,15343,1476497092
AC:CF:85:28:94:E2,-63,-76,9475,1476497092
54:60:09:2B:81:08,-66,-77,19792,1476497092
54:60:09:F4:21:4A,-71,-70,19791,1476497092
A4:77:33:F8:A2:00,-40,-57,19788,1476497092
E6:71:85:62:06:38,-62,-64,15159,1476497152
E6:71:85:62:06:70,-60,-64,15403,1476497152
AC:CF:85:28:94:E2,-64,-77,9535,1476497152
54:60:09:2B:81:08,-67,-77,19852,1476497152
54:60:09:F4:21:4A,-71,-71,19851,1476497152
A4:77:33:F8:A2:00,-41,-57,19848,1476497152
E6:71:85:62:06:38,-63,-65,15219,1476497212
E6:71:85:62:06:70,-63,-68,15463,1476497212
AC:CF:85:28:94:E2,-64,-77,9595,1476497212
54:60:09:2B:81:08,-66,-76,19912,1476497212
54:60:09:F4:21:4A,-69,-69,19911,1476497212
A4:77:33:F8:A2:00,-41,-57,19908,1476497212
E6:71:85:62:06:38,-62,-64,15279,1476497272
E6:71:85:62:06:70,-63,-67,15523,1476497272
AC:CF:85:28:94:E2,-64,-77,9655,1476497272
54:60:09:2B:81:08,-65,-76,19972,1476497272
54:60:09:F4:21:4A,-79,-81,19971,1476497272
A4:77:33:F8:A2:00,-41,-57,19968,1476497272
E6:71:85:62:06:38,-61,-63,15342,1476497335
E6:71:85:62:06:70,-60,-64,15586,1476497335
AC:CF:85:28:94:E2,-65,-78,9718,1476497335
54:60:09:2B:81:08,-67,-77,20035,1476497335
54:60:09:F4:21:4A,-75,-76,20034,1476497335
A4:77:33:F8:A2:00,-41,-57,20031,1476497335
E6:71:85:62:06:38,-62,-64,15402,1476497395
E6:71:85:62:06:70,-63,-67,15646,1476497395
AC:CF:85:28:94:E2,-65,-78,9778,1476497395
54:60:09:2B:81:08,-72,-77,20095,1476497395
54:60:09:F4:21:4A,-76,-77,20094,1476497395
A4:77:33:F8:A2:00,-41,-57,20091,1476497395
E6:71:85:62:06:38,-62,-64,15462,1476497456
E6:71:85:62:06:70,-64,-68,15706,1476497456
AC:CF:85:28:94:E2,-65,-78,9838,1476497456
54:60:09:2B:81:08,-69,-77,20155,1476497456
54:60:09:F4:21:4A,-75,-76,20154,1476497456
A4:77:33:F8:A2:00,-40,-57,20151,1476497456
E6:71:85:62:06:38,-63,-65,15522,1476497516
E6:71:85:62:06:70,-60,-64,15766,1476497516
AC:CF:85:28:94:E2,-63,-76,9898,1476497516
54:60:09:2B:81:08,-70,-76,20215,1476497516
54:60:09:F4:21:4A,-76,-77,20214,1476497516
A4:77:33:F8:A2:00,-41,-57,20211,1476497516
E6:71:85:62:06:38,-63,-64,15582,1476497576
E6:71:85:62:06:70,-62,-66,15826,1476497576
AC:CF:85:28:94:E2,-63,-75,9958,1476497576
54:60:09:2B:81:08,-72,-78,20275,1476497576
54:60:09:F4:21:4A,-79,-81,20274,1476497576
A4:77:33:F8:A2:00,-40,-57,20271,1476497576
E6:71:85:62:06:38,-61,-63,15681,1476497674
E6:71:85:62:06:70,-61,-65,15925,1476497674
AC:CF:85:28:94:E2,-64,-78,10057,1476497674
54:60:09:2B:81:08,-68,-76,20374,1476497674
54:60:09:F4:21:4A,-73,-74,20373,1476497674
A4:77:33:F8:A2:00,-40,-57,20370,1476497674
E6:71:85:62:06:38,-59,-61,15741,1476497734
E6:71:85:62:06:70,-60,-64,15985,1476497734
AC:CF:85:28:94:E2,-65,-78,10117,1476497734
54:60:09:2B:81:08,-72,-77,20434,1476497734
54:60:09:F4:21:4A,-71,-72,20433,1476497734
A4:77:33:F8:A2:00,-40,-57,20430,1476497734
E6:71:85:62:06:38,-61,-63,15801,1476497794
E6:71:85:62:06:70,-61,-65,16045,1476497794
AC:CF:85:28:94:E2,-64,-77,10177,1476497794
54:60:09:2B:81:08,-68,-77,20494,1476497794
54:60:09:F4:21:4A,-79,-81,20493,1476497794
A4:77:33:F8:A2:00,-40,-57,20490,1476497794
E6:71:85:62:06:38,-62,-64,15861,1476497854
E6:71:85:62:06:70,-61,-65,16105,1476497854
AC:CF:85:28:94:E2,-64,-77,10237,1476497854
54:60:09:2B:81:08,-72,-77,20554,1476497854
54:60:09:F4:21:4A,-69,-69,20553,1476497854
A4:77:33:F8:A2:00,-41,-57,20550,1476497854
E6:71:85:62:06:38,-58,-61,15921,1476497914
E6:71:85:62:06:70,-62,-66,16165,1476497914
AC:CF:85:28:94:E2,-64,-77,10297,1476497914
54:60:09:2B:81:08,-68,-77,20614,1476497914
54:60:09:F4:21:4A,-72,-72,20613,1476497914
A4:77:33:F8:A2:00,-41,-58,20610,1476497914
