Client_MAC,Rssi0,Rssi1,Connection_Time,EpocTime
E6:71:85:62:06:38,-63,-66,15985,1476497978
E6:71:85:62:06:70,-61,-65,16229,1476497978
AC:CF:85:28:94:E2,-63,-75,10361,1476497978
54:60:09:2B:81:08,-72,-77,20678,1476497978
54:60:09:F4:21:4A,-71,-71,20677,1476497978
A4:77:33:F8:A2:00,-41,-57,20674,1476497978
E6:71:85:62:06:38,-62,-64,16045,1476498038
E6:71:85:62:06:70,-62,-66,16289,1476498038
AC:CF:85:28:94:E2,-65,-77,10421,1476498038
54:60:09:2B:81:08,-68,-76,20738,1476498038
54:60:09:F4:21:4A,-73,-74,20737,1476498038
A4:77:33:F8:A2:00,-41,-57,20734,1476498038
E6:71:85:62:06:38,-59,-62,16105,1476498098
E6:71:85:62:06:70,-63,-67,16349,1476498098
AC:CF:85:28:94:E2,-65,-77,10481,1476498098
54:60:09:2B:81:08,-72,-78,20798,1476498098
54:60:09:F4:21:4A,-71,-71,20797,1476498098
A4:77:33:F8:A2:00,-41,-57,20794,1476498098
E6:71:85:62:06:38,-62,-64,16165,1476498158
E6:71:85:62:06:70,-61,-65,16409,1476498158
AC:CF:85:28:94:E2,-64,-76,10541,1476498158
54:60:09:2B:81:08,-67,-76,20858,1476498158
54:60:09:F4:21:4A,-70,-70,20857,1476498158
A4:77:33:F8:A2:00,-41,-57,20854,1476498158
E6:71:85:62:06:38,-62,-64,16225,1476498218
E6:71:85:62:06:70,-63,-67,16469,1476498218
AC:CF:85:28:94:E2,-64,-76,10601,1476498218
54:60:09:2B:81:08,-65,-75,20918,1476498218
54:60:09:F4:21:4A,-72,-73,20917,1476498218
A4:77:33:F8:A2:00,-41,-57,20914,1476498218
E6:71:85:62:06:38,-58,-61,16288,1476498281
E6:71:85:62:06:70,-64,-68,16532,1476498281
AC:CF:85:28:94:E2,-63,-75,10664,1476498281
54:60:09:2B:81:08,-65,-75,20981,1476498281
54:60:09:F4:21:4A,-71,-71,20980,1476498281
A4:77:33:F8:A2:00,-41,-57,20977,1476498281
E6:71:85:62:06:38,-62,-64,16348,1476498341
E6:71:85:62:06:70,-61,-65,16592,1476498341
AC:CF:85:28:94:E2,-62,-74,10724,1476498341
54:60:09:2B:81:08,-68,-77,21041,1476498341
54:60:09:F4:21:4A,-71,-71,21040,1476498341
A4:77:33:F8:A2:00,-41,-57,21037,1476498341
E6:71:85:62:06:38,-61,-63,16408,1476498401
E6:71:85:62:06:70,-62,-66,16652,1476498401
AC:CF:85:28:94:E2,-65,-76,10784,1476498401
54:60:09:2B:81:08,-70,-77,21101,1476498401
54:60:09:F4:21:4A,-76,-77,21100,1476498401
A4:77:33:F8:A2:00,-41,-57,21097,1476498401
E6:71:85:62:06:38,-61,-64,16468,1476498461
E6:71:85:62:06:70,-63,-67,16712,1476498461
AC:CF:85:28:94:E2,-64,-76,10844,1476498461
54:60:09:2B:81:08,-69,-77,21161,1476498461
54:60:09:F4:21:4A,-74,-75,21160,1476498461
A4:77:33:F8:A2:00,-41,-57,21157,1476498461
E6:71:85:62:06:38,-61,-64,16528,1476498521
E6:71:85:62:06:70,-61,-65,16772,1476498521
AC:CF:85:28:94:E2,-64,-75,10904,1476498521
54:60:09:2B:81:08,-69,-77,21221,1476498521
54:60:09:F4:21:4A,-78,-79,21220,1476498521
A4:77:33:F8:A2:00,-41,-57,21217,1476498521
E6:71:85:62:06:38,-62,-64,16591,1476498584
E6:71:85:62:06:70,-63,-67,16835,1476498584
AC:CF:85:28:94:E2,-64,-75,10967,1476498584
54:60:09:2B:81:08,-67,-76,21284,1476498584
54:60:09:F4:21:4A,-75,-77,21283,1476498584
A4:77:33:F8:A2:00,-41,-57,21280,1476498584
E6:71:85:62:06:38,-62,-64,16651,1476498644
E6:71:85:62:06:70,-64,-68,16895,1476498644
AC:CF:85:28:94:E2,-63,-74,11027,1476498644
54:60:09:2B:81:08,-69,-77,21344,1476498644
54:60:09:F4:21:4A,-73,-74,21343,1476498644
A4:77:33:F8:A2:00,-40,-57,21340,1476498644
E6:71:85:62:06:38,-62,-64,16711,1476498704
E6:71:85:62:06:70,-63,-68,16955,1476498704
AC:CF:85:28:94:E2,-65,-77,11087,1476498704
54:60:09:2B:81:08,-69,-77,21404,1476498704
54:60:09:F4:21:4A,-74,-75,21403,1476498704
A4:77:33:F8:A2:00,-41,-57,21400,1476498704
E6:71:85:62:06:38,-62,-64,16771,1476498764
E6:71:85:62:06:70,-62,-66,17015,1476498764
AC:CF:85:28:94:E2,-65,-76,11147,1476498764
54:60:09:2B:81:08,-68,-76,21464,1476498764
54:60:09:F4:21:4A,-70,-70,21463,1476498764
A4:77:33:F8:A2:00,-41,-57,21460,1476498764
E6:71:85:62:06:38,-61,-63,16831,1476498824
E6:71:85:62:06:70,-63,-67,17075,1476498824
AC:CF:85:28:94:E2,-64,-75,11207,1476498824
54:60:09:2B:81:08,-69,-77,21524,1476498824
54:60:09:F4:21:4A,-77,-79,21523,1476498824
A4:77:33:F8:A2:00,-40,-57,21520,1476498824
E6:71:85:62:06:38,-61,-64,16891,1476498884
E6:71:85:62:06:70,-61,-65,17135,1476498884
AC:CF:85:28:94:E2,-64,-75,11267,1476498884
54:60:09:2B:81:08,-67,-76,21584,1476498884
54:60:09:F4:21:4A,-74,-74,21583,1476498884
A4:77:33:F8:A2:00,-41,-57,21580,1476498884
E6:71:85:62:06:38,-61,-63,16951,1476498944
E6:71:85:62:06:70,-61,-65,17195,1476498944
AC:CF:85:28:94:E2,-64,-75,11327,1476498944
54:60:09:2B:81:08,-70,-77,21644,1476498944
54:60:09:F4:21:4A,-75,-76,21643,1476498944
A4:77:33:F8:A2:00,-40,-57,21640,1476498944
E6:71:85:62:06:38,-61,-64,17011,1476499004
E6:71:85:62:06:70,-63,-67,17255,1476499004
AC:CF:85:28:94:E2,-65,-76,11387,1476499004
54:60:09:2B:81:08,-67,-76,21704,1476499004
54:60:09:F4:21:4A,-75,-76,21703,1476499004
A4:77:33:F8:A2:00,-41,-57,21700,1476499004
E6:71:85:62:06:38,-61,-64,17071,1476499064
E6:71:85:62:06:70,-63,-67,17315,1476499064
AC:CF:85:28:94:E2,-65,-75,11447,1476499064
54:60:09:2B:81:08,-68,-76,21764,1476499064
54:60:09:F4:21:4A,-70,-69,21763,1476499064
A4:77:33:F8:A2:00,-40,-57,21760,1476499064
E6:71:85:62:06:38,-61,-64,17134,1476499127
E6:71:85:62:06:70,-64,-68,17378,1476499127
AC:CF:85:28:94:E2,-65,-76,11510,1476499127
54:60:09:2B:81:08,-68,-77,21827,1476499127
54:60:09:F4:21:4A,-77,-79,21826,1476499127
A4:77:33:F8:A2:00,-40,-57,21823,1476499127
E6:71:85:62:06:38,-62,-65,17194,1476499187
E6:71:85:62:06:70,-63,-67,17438,1476499187
AC:CF:85:28:94:E2,-65,-77,11570,1476499187
54:60:09:2B:81:08,-69,-77,21887,1476499187
54:60:09:F4:21:4A,-71,-71,21886,1476499187
A4:77:33:F8:A2:00,-40,-57,21883,1476499187
E6:71:85:62:06:38,-62,-64,17254,1476499247
E6:71:85:62:06:70,-63,-67,17498,1476499247
AC:CF:85:28:94:E2,-65,-76,11630,1476499247
54:60:09:2B:81:08,-68,-76,21947,1476499247
54:60:09:F4:21:4A,-72,-73,21946,1476499247
A4:77:33:F8:A2:00,-40,-57,21943,1476499247
E6:71:85:62:06:38,-62,-64,17314,1476499307
E6:71:85:62:06:70,-63,-67,17558,1476499307
AC:CF:85:28:94:E2,-65,-76,11690,1476499307
54:60:09:2B:81:08,-66,-76,22007,1476499307
54:60:09:F4:21:4A,-73,-74,22006,1476499307
A4:77:33:F8:A2:00,-40,-57,22003,1476499307
E6:71:85:62:06:38,-59,-61,17374,1476499367
E6:71:85:62:06:70,-61,-65,17618,1476499367
AC:CF:85:28:94:E2,-64,-75,11750,1476499367
54:60:09:2B:81:08,-65,-75,22067,1476499367
54:60:09:F4:21:4A,-69,-69,22066,1476499367
A4:77:33:F8:A2:00,-41,-57,22063,1476499367
E6:71:85:62:06:38,-61,-63,17437,1476499430
E6:71:85:62:06:70,-62,-65,17681,1476499430
AC:CF:85:28:94:E2,-63,-75,11813,1476499430
54:60:09:2B:81:08,-68,-76,22130,1476499430
54:60:09:F4:21:4A,-71,-71,22129,1476499430
A4:77:33:F8:A2:00,-41,-57,22126,1476499430
E6:71:85:62:06:38,-60,-62,17497,1476499490
E6:71:85:62:06:70,-60,-64,17741,1476499490
AC:CF:85:28:94:E2,-66,-76,11873,1476499490
54:60:09:2B:81:08,-69,-77,22190,1476499490
54:60:09:F4:21:4A,-70,-70,22189,1476499490
A4:77:33:F8:A2:00,-42,-58,22186,1476499490
E6:71:85:62:06:38,-59,-61,17557,1476499550
E6:71:85:62:06:70,-60,-64,17801,1476499550
AC:CF:85:28:94:E2,-65,-75,11933,1476499550
54:60:09:2B:81:08,-67,-76,22250,1476499550
54:60:09:F4:21:4A,-73,-74,22249,1476499550
A4:77:33:F8:A2:00,-41,-57,22246,1476499550
E6:71:85:62:06:38,-61,-63,17617,1476499610
E6:71:85:62:06:70,-61,-64,17861,1476499610
AC:CF:85:28:94:E2,-65,-75,11993,1476499610
54:60:09:2B:81:08,-67,-77,22310,1476499610
54:60:09:F4:21:4A,-73,-73,22309,1476499610
A4:77:33:F8:A2:00,-41,-57,22306,1476499610
E6:71:85:62:06:38,-62,-64,17677,1476499670
E6:71:85:62:06:70,-60,-64,17921,1476499670
AC:CF:85:28:94:E2,-68,-75,12053,1476499670
54:60:09:2B:81:08,-66,-76,22370,1476499670
54:60:09:F4:21:4A,-78,-81,22369,1476499670
A4:77:33:F8:A2:00,-41,-57,22366,1476499670
E6:71:85:62:06:38,-62,-64,17776,1476499769
E6:71:85:62:06:70,-60,-64,18020,1476499769
AC:CF:85:28:94:E2,-67,-73,12152,1476499769
54:60:09:2B:81:08,-70,-77,22469,1476499769
54:60:09:F4:21:4A,-75,-77,22468,1476499769
A4:77:33:F8:A2:00,-41,-57,22465,1476499769
E6:71:85:62:06:38,-62,-64,17836,1476499829
E6:71:85:62:06:70,-60,-64,18080,1476499829
AC:CF:85:28:94:E2,-67,-71,12212,1476499829
54:60:09:2B:81:08,-72,-77,22529,1476499829
54:60:09:F4:21:4A,-73,-73,22528,1476499829
A4:77:33:F8:A2:00,-41,-57,22525,1476499829
E6:71:85:62:06:38,-62,-64,17896,1476499889
E6:71:85:62:06:70,-61,-65,18140,1476499889
AC:CF:85:28:94:E2,-67,-74,12272,1476499889
54:60:09:2B:81:08,-68,-76,22589,1476499889
54:60:09:F4:21:4A,-74,-75,22588,1476499889
A4:77:33:F8:A2:00,-42,-57,22585,1476499889
E6:71:85:62:06:38,-62,-64,17956,1476499949
E6:71:85:62:06:70,-61,-64,18200,1476499949
AC:CF:85:28:94:E2,-67,-73,12332,1476499949
54:60:09:2B:81:08,-73,-78,22649,1476499949
54:60:09:F4:21:4A,-75,-76,22648,1476499949
A4:77:33:F8:A2:00,-41,-57,22645,1476499949
E6:71:85:62:06:38,-63,-65,18016,1476500009
E6:71:85:62:06:70,-61,-65,18260,1476500009
AC:CF:85:28:94:E2,-67,-72,12392,1476500009
54:60:09:2B:81:08,-68,-77,22709,1476500009
54:60:09:F4:21:4A,-71,-71,22708,1476500009
A4:77:33:F8:A2:00,-41,-57,22705,1476500009
E6:71:85:62:06:38,-62,-64,18079,1476500072
E6:71:85:62:06:70,-61,-65,18323,1476500072
AC:CF:85:28:94:E2,-67,-72,12455,1476500072
54:60:09:2B:81:08,-70,-76,22772,1476500072
54:60:09:F4:21:4A,-78,-80,22771,1476500072
A4:77:33:F8:A2:00,-41,-57,22768,1476500072
E6:71:85:62:06:38,-62,-64,18139,1476500132
E6:71:85:62:06:70,-61,-65,18383,1476500132
AC:CF:85:28:94:E2,-65,-70,12515,1476500132
54:60:09:2B:81:08,-68,-77,22832,1476500132
54:60:09:F4:21:4A,-73,-74,22831,1476500132
A4:77:33:F8:A2:00,-41,-57,22828,1476500132
E6:71:85:62:06:38,-58,-60,18199,1476500192
E6:71:85:62:06:70,-61,-64,18443,1476500192
AC:CF:85:28:94:E2,-65,-70,12575,1476500192
54:60:09:2B:81:08,-73,-77,22892,1476500192
54:60:09:F4:21:4A,-70,-70,22891,1476500192
A4:77:33:F8:A2:00,-41,-57,22888,1476500192
E6:71:85:62:06:38,-60,-62,18259,1476500252
E6:71:85:62:06:70,-60,-64,18503,1476500252
AC:CF:85:28:94:E2,-66,-72,12635,1476500252
54:60:09:2B:81:08,-69,-77,22952,1476500252
54:60:09:F4:21:4A,-76,-78,22951,1476500252
A4:77:33:F8:A2:00,-41,-57,22948,1476500252
E6:71:85:62:06:38,-62,-64,18319,1476500312
E6:71:85:62:06:70,-61,-64,18563,1476500312
AC:CF:85:28:94:E2,-66,-71,12695,1476500312
54:60:09:2B:81:08,-72,-77,23012,1476500312
54:60:09:F4:21:4A,-70,-70,23011,1476500312
A4:77:33:F8:A2:00,-41,-57,23008,1476500312
