Client_MAC,Rssi0,Rssi1,Connection_Time,EpocTime
E6:71:85:62:06:38,-59,-64,2853,1476484846
E6:71:85:62:06:70,-65,-67,3097,1476484846
54:60:09:2B:81:08,-73,-80,7546,1476484846
54:60:09:F4:21:4A,-74,-77,7545,1476484846
A4:77:33:F8:A2:00,-40,-58,7542,1476484846
E6:71:85:62:06:38,-60,-65,2913,1476484906
E6:71:85:62:06:70,-67,-69,3157,1476484906
54:60:09:2B:81:08,-71,-81,7606,1476484906
54:60:09:F4:21:4A,-69,-71,7605,1476484906
A4:77:33:F8:A2:00,-40,-58,7602,1476484906
E6:71:85:62:06:38,-62,-66,2973,1476484966
E6:71:85:62:06:70,-66,-67,3217,1476484966
54:60:09:2B:81:08,-69,-80,7666,1476484966
54:60:09:F4:21:4A,-73,-82,7665,1476484966
A4:77:33:F8:A2:00,-42,-57,7662,1476484966
E6:71:85:62:06:38,-60,-65,3033,1476485026
E6:71:85:62:06:70,-66,-67,3277,1476485026
54:60:09:2B:81:08,-70,-79,7726,1476485026
54:60:09:F4:21:4A,-70,-71,7725,1476485026
A4:77:33:F8:A2:00,-42,-57,7722,1476485026
E6:71:85:62:06:38,-59,-64,3093,1476485086
E6:71:85:62:06:70,-67,-68,3337,1476485086
54:60:09:2B:81:08,-72,-81,7786,1476485086
54:60:09:F4:21:4A,-71,-71,7785,1476485086
A4:77:33:F8:A2:00,-42,-57,7782,1476485086
E6:71:85:62:06:38,-57,-63,3156,1476485149
E6:71:85:62:06:70,-67,-67,3400,1476485149
54:60:09:2B:81:08,-72,-80,7849,1476485149
54:60:09:F4:21:4A,-71,-72,7848,1476485149
A4:77:33:F8:A2:00,-42,-57,7845,1476485149
E6:71:85:62:06:38,-60,-65,3216,1476485209
E6:71:85:62:06:70,-64,-71,3460,1476485209
54:60:09:2B:81:08,-73,-80,7909,1476485209
54:60:09:F4:21:4A,-71,-71,7908,1476485209
A4:77:33:F8:A2:00,-43,-57,7905,1476485209
E6:71:85:62:06:38,-57,-62,3276,1476485269
E6:71:85:62:06:70,-63,-66,3520,1476485269
54:60:09:2B:81:08,-72,-81,7969,1476485269
54:60:09:F4:21:4A,-71,-73,7968,1476485269
A4:77:33:F8:A2:00,-42,-57,7965,1476485269
E6:71:85:62:06:38,-60,-65,3336,1476485329
E6:71:85:62:06:70,-62,-66,3580,1476485329
54:60:09:2B:81:08,-71,-79,8029,1476485329
54:60:09:F4:21:4A,-74,-78,8028,1476485329
A4:77:33:F8:A2:00,-42,-57,8025,1476485329
E6:71:85:62:06:38,-59,-64,3396,1476485389
E6:71:85:62:06:70,-67,-69,3640,1476485389
54:60:09:2B:81:08,-71,-81,8089,1476485389
54:60:09:F4:21:4A,-70,-72,8088,1476485389
A4:77:33:F8:A2:00,-42,-57,8085,1476485389
E6:71:85:62:06:38,-57,-62,3459,1476485452
E6:71:85:62:06:70,-63,-67,3703,1476485452
54:60:09:2B:81:08,-72,-81,8152,1476485452
54:60:09:F4:21:4A,-73,-77,8151,1476485452
A4:77:33:F8:A2:00,-42,-57,8148,1476485452
E6:71:85:62:06:38,-58,-63,3519,1476485512
E6:71:85:62:06:70,-67,-71,3763,1476485512
54:60:09:2B:81:08,-69,-78,8212,1476485512
54:60:09:F4:21:4A,-73,-77,8211,1476485512
A4:77:33:F8:A2:00,-42,-57,8208,1476485512
E6:71:85:62:06:38,-60,-65,3579,1476485572
E6:71:85:62:06:70,-65,-67,3823,1476485572
54:60:09:2B:81:08,-69,-79,8272,1476485572
54:60:09:F4:21:4A,-74,-78,8271,1476485572
A4:77:33:F8:A2:00,-42,-57,8268,1476485572
E6:71:85:62:06:38,-60,-65,3639,1476485632
E6:71:85:62:06:70,-64,-70,3883,1476485632
54:60:09:2B:81:08,-72,-80,8332,1476485632
54:60:09:F4:21:4A,-74,-79,8331,1476485632
A4:77:33:F8:A2:00,-42,-57,8328,1476485632
E6:71:85:62:06:38,-60,-65,3699,1476485692
E6:71:85:62:06:70,-69,-69,3943,1476485692
54:60:09:2B:81:08,-72,-80,8392,1476485692
54:60:09:F4:21:4A,-72,-75,8391,1476485692
A4:77:33:F8:A2:00,-42,-57,8388,1476485692
E6:71:85:62:06:38,-58,-63,3762,1476485755
E6:71:85:62:06:70,-66,-69,4006,1476485755
54:60:09:2B:81:08,-74,-78,8455,1476485755
54:60:09:F4:21:4A,-72,-75,8454,1476485755
A4:77:33:F8:A2:00,-42,-57,8451,1476485755
E6:71:85:62:06:38,-60,-66,3822,1476485815
E6:71:85:62:06:70,-66,-68,4066,1476485815
54:60:09:2B:81:08,-72,-79,8515,1476485815
54:60:09:F4:21:4A,-73,-75,8514,1476485815
A4:77:33:F8:A2:00,-42,-57,8511,1476485815
E6:71:85:62:06:38,-56,-62,3882,1476485875
E6:71:85:62:06:70,-66,-70,4126,1476485875
54:60:09:2B:81:08,-74,-78,8575,1476485875
54:60:09:F4:21:4A,-74,-79,8574,1476485875
A4:77:33:F8:A2:00,-42,-57,8571,1476485875
E6:71:85:62:06:38,-57,-62,3942,1476485935
E6:71:85:62:06:70,-64,-67,4186,1476485935
54:60:09:2B:81:08,-73,-79,8635,1476485935
54:60:09:F4:21:4A,-72,-76,8634,1476485935
A4:77:33:F8:A2:00,-42,-57,8631,1476485935
E6:71:85:62:06:38,-58,-63,4002,1476485995
E6:71:85:62:06:70,-67,-71,4246,1476485995
54:60:09:2B:81:08,-74,-79,8695,1476485995
54:60:09:F4:21:4A,-71,-74,8694,1476485995
A4:77:33:F8:A2:00,-42,-57,8691,1476485995
E6:71:85:62:06:38,-59,-65,4065,1476486058
E6:71:85:62:06:70,-67,-70,4309,1476486058
54:60:09:2B:81:08,-72,-79,8758,1476486058
54:60:09:F4:21:4A,-74,-79,8757,1476486058
A4:77:33:F8:A2:00,-42,-57,8754,1476486058
E6:71:85:62:06:38,-57,-62,4125,1476486118
E6:71:85:62:06:70,-64,-68,4369,1476486118
54:60:09:2B:81:08,-73,-80,8818,1476486118
54:60:09:F4:21:4A,-74,-78,8817,1476486118
A4:77:33:F8:A2:00,-43,-57,8814,1476486118
E6:71:85:62:06:38,-60,-65,4185,1476486178
E6:71:85:62:06:70,-68,-70,4429,1476486178
54:60:09:2B:81:08,-74,-78,8878,1476486178
54:60:09:F4:21:4A,-74,-79,8877,1476486178
A4:77:33:F8:A2:00,-41,-57,8874,1476486178
E6:71:85:62:06:38,-57,-62,4245,1476486238
E6:71:85:62:06:70,-67,-71,4489,1476486238
54:60:09:2B:81:08,-74,-78,8938,1476486238
54:60:09:F4:21:4A,-70,-75,8937,1476486238
A4:77:33:F8:A2:00,-43,-57,8934,1476486238
E6:71:85:62:06:38,-59,-64,4305,1476486298
E6:71:85:62:06:70,-66,-65,4549,1476486298
54:60:09:2B:81:08,-74,-79,8998,1476486298
54:60:09:F4:21:4A,-73,-78,8997,1476486298
A4:77:33:F8:A2:00,-42,-57,8994,1476486298
E6:71:85:62:06:38,-60,-64,4365,1476486358
E6:71:85:62:06:70,-61,-64,4609,1476486358
54:60:09:2B:81:08,-72,-77,9058,1476486358
54:60:09:F4:21:4A,-80,-81,9057,1476486358
A4:77:33:F8:A2:00,-40,-57,9054,1476486358
E6:71:85:62:06:38,-59,-64,4425,1476486418
E6:71:85:62:06:70,-63,-66,4669,1476486418
54:60:09:2B:81:08,-70,-77,9118,1476486418
54:60:09:F4:21:4A,-75,-75,9117,1476486418
A4:77:33:F8:A2:00,-40,-57,9114,1476486418
E6:71:85:62:06:38,-59,-63,4485,1476486478
E6:71:85:62:06:70,-65,-68,4729,1476486478
54:60:09:2B:81:08,-71,-77,9178,1476486478
54:60:09:F4:21:4A,-74,-75,9177,1476486478
A4:77:33:F8:A2:00,-40,-57,9174,1476486478
E6:71:85:62:06:38,-59,-64,4545,1476486538
E6:71:85:62:06:70,-61,-64,4789,1476486538
54:60:09:2B:81:08,-69,-77,9238,1476486538
54:60:09:F4:21:4A,-73,-73,9237,1476486538
A4:77:33:F8:A2:00,-40,-57,9234,1476486538
E6:71:85:62:06:38,-60,-65,4608,1476486601
E6:71:85:62:06:70,-62,-65,4852,1476486601
54:60:09:2B:81:08,-69,-77,9301,1476486601
54:60:09:F4:21:4A,-74,-74,9300,1476486601
A4:77:33:F8:A2:00,-40,-57,9297,1476486601
E6:71:85:62:06:38,-59,-64,4668,1476486661
E6:71:85:62:06:70,-61,-65,4912,1476486661
54:60:09:2B:81:08,-68,-77,9361,1476486661
54:60:09:F4:21:4A,-72,-73,9360,1476486661
A4:77:33:F8:A2:00,-41,-57,9357,1476486661
E6:71:85:62:06:38,-58,-62,4728,1476486721
E6:71:85:62:06:70,-63,-67,4972,1476486721
54:60:09:2B:81:08,-68,-76,9421,1476486721
54:60:09:F4:21:4A,-71,-71,9420,1476486721
A4:77:33:F8:A2:00,-41,-57,9417,1476486721
E6:71:85:62:06:38,-60,-65,4788,1476486781
E6:71:85:62:06:70,-61,-64,5032,1476486781
54:60:09:2B:81:08,-69,-78,9481,1476486781
54:60:09:F4:21:4A,-70,-70,9480,1476486781
A4:77:33:F8:A2:00,-40,-57,9477,1476486781
E6:71:85:62:06:38,-57,-62,4848,1476486841
E6:71:85:62:06:70,-64,-67,5092,1476486841
54:60:09:2B:81:08,-69,-77,9541,1476486841
54:60:09:F4:21:4A,-71,-71,9540,1476486841
A4:77:33:F8:A2:00,-41,-57,9537,1476486841
E6:71:85:62:06:38,-57,-62,4941,1476486934
E6:71:85:62:06:70,-64,-67,5185,1476486934
54:60:09:2B:81:08,-69,-76,9634,1476486934
54:60:09:F4:21:4A,-72,-73,9633,1476486934
A4:77:33:F8:A2:00,-40,-57,9630,1476486934
E6:71:85:62:06:38,-59,-64,5001,1476486994
E6:71:85:62:06:70,-63,-68,5245,1476486994
54:60:09:2B:81:08,-65,-76,9694,1476486994
54:60:09:F4:21:4A,-73,-72,9693,1476486994
A4:77:33:F8:A2:00,-40,-57,9690,1476486994
E6:71:85:62:06:38,-60,-65,5061,1476487054
E6:71:85:62:06:70,-62,-66,5305,1476487054
54:60:09:2B:81:08,-69,-77,9754,1476487054
54:60:09:F4:21:4A,-77,-78,9753,1476487054
A4:77:33:F8:A2:00,-40,-56,9750,1476487054
E6:71:85:62:06:38,-61,-65,5121,1476487114
E6:71:85:62:06:70,-64,-67,5365,1476487114
54:60:09:2B:81:08,-70,-77,9814,1476487114
54:60:09:F4:21:4A,-79,-80,9813,1476487114
A4:77:33:F8:A2:00,-40,-56,9810,1476487114
E6:71:85:62:06:38,-60,-65,5181,1476487174
E6:71:85:62:06:70,-63,-68,5425,1476487174
54:60:09:2B:81:08,-69,-77,9874,1476487174
54:60:09:F4:21:4A,-71,-70,9873,1476487174
A4:77:33:F8:A2:00,-40,-56,9870,1476487174
E6:71:85:62:06:38,-59,-64,5244,1476487237
E6:71:85:62:06:70,-62,-65,5488,1476487237
54:60:09:2B:81:08,-69,-77,9937,1476487237
54:60:09:F4:21:4A,-75,-75,9936,1476487237
A4:77:33:F8:A2:00,-40,-56,9933,1476487237
E6:71:85:62:06:38,-60,-65,5304,1476487297
E6:71:85:62:06:70,-61,-64,5548,1476487297
54:60:09:2B:81:08,-69,-77,9997,1476487297
54:60:09:F4:21:4A,-74,-73,9996,1476487297
A4:77:33:F8:A2:00,-41,-57,9993,1476487297
E6:71:85:62:06:38,-61,-65,5364,1476487357
E6:71:85:62:06:70,-61,-65,5608,1476487357
54:60:09:2B:81:08,-69,-77,10057,1476487357
54:60:09:F4:21:4A,-79,-80,10056,1476487357
A4:77:33:F8:A2:00,-40,-56,10053,1476487357
E6:71:85:62:06:38,-60,-64,5424,1476487417
E6:71:85:62:06:70,-63,-66,5668,1476487417
54:60:09:2B:81:08,-70,-77,10117,1476487417
54:60:09:F4:21:4A,-73,-72,10116,1476487417
A4:77:33:F8:A2:00,-41,-57,10113,1476487417
E6:71:85:62:06:38,-57,-62,5484,1476487477
E6:71:85:62:06:70,-63,-67,5728,1476487477
54:60:09:2B:81:08,-72,-77,10177,1476487477
54:60:09:F4:21:4A,-71,-69,10176,1476487477
A4:77:33:F8:A2:00,-41,-56,10173,1476487477
E6:71:85:62:06:38,-58,-62,5547,1476487540
E6:71:85:62:06:70,-61,-65,5791,1476487540
54:60:09:2B:81:08,-69,-77,10240,1476487540
54:60:09:F4:21:4A,-72,-71,10239,1476487540
A4:77:33:F8:A2:00,-41,-57,10236,1476487540
E6:71:85:62:06:38,-60,-65,5607,1476487600
E6:71:85:62:06:70,-62,-66,5851,1476487600
54:60:09:2B:81:08,-68,-76,10300,1476487600
54:60:09:F4:21:4A,-75,-74,10299,1476487600
A4:77:33:F8:A2:00,-41,-57,10296,1476487600
E6:71:85:62:06:38,-61,-66,5667,1476487660
E6:71:85:62:06:70,-63,-67,5911,1476487660
AC:CF:85:28:94:E2,-53,-54,43,1476487660
54:60:09:2B:81:08,-69,-77,10360,1476487660
54:60:09:F4:21:4A,-74,-73,10359,1476487660
A4:77:33:F8:A2:00,-41,-57,10356,1476487660
E6:71:85:62:06:38,-62,-66,5727,1476487720
E6:71:85:62:06:70,-64,-68,5971,1476487720
AC:CF:85:28:94:E2,-66,-70,103,1476487720
54:60:09:2B:81:08,-68,-77,10420,1476487720
54:60:09:F4:21:4A,-73,-71,10419,1476487720
A4:77:33:F8:A2:00,-41,-56,10416,1476487720
E6:71:85:62:06:38,-61,-66,5787,1476487780
E6:71:85:62:06:70,-61,-65,6031,1476487780
AC:CF:85:28:94:E2,-62,-72,163,1476487780
54:60:09:2B:81:08,-69,-78,10480,1476487780
54:60:09:F4:21:4A,-74,-72,10479,1476487780
A4:77:33:F8:A2:00,-41,-56,10476,1476487780
