Client_MAC,Rssi0,Rssi1,Connection_Time,EpocTime
E6:71:85:62:06:38,-58,-62,26082,1476508075
E6:71:85:62:06:70,-63,-67,26326,1476508075
AC:CF:85:28:94:E2,-63,-72,20458,1476508075
54:60:09:2B:81:08,-70,-77,30775,1476508075
54:60:09:F4:21:4A,-77,-78,30774,1476508075
A4:77:33:F8:A2:00,-41,-57,30771,1476508075
E6:71:85:62:06:38,-56,-60,26142,1476508135
E6:71:85:62:06:70,-62,-66,26386,1476508135
AC:CF:85:28:94:E2,-64,-72,20518,1476508135
54:60:09:2B:81:08,-72,-77,30835,1476508135
54:60:09:F4:21:4A,-73,-73,30834,1476508135
A4:77:33:F8:A2:00,-41,-57,30831,1476508135
E6:71:85:62:06:38,-59,-63,26202,1476508195
E6:71:85:62:06:70,-61,-66,26446,1476508195
AC:CF:85:28:94:E2,-64,-72,20578,1476508195
54:60:09:2B:81:08,-69,-77,30895,1476508195
54:60:09:F4:21:4A,-77,-79,30894,1476508195
A4:77:33:F8:A2:00,-41,-57,30891,1476508195
E6:71:85:62:06:38,-57,-61,26262,1476508255
E6:71:85:62:06:70,-61,-65,26506,1476508255
AC:CF:85:28:94:E2,-63,-71,20638,1476508255
54:60:09:2B:81:08,-72,-77,30955,1476508255
54:60:09:F4:21:4A,-73,-74,30954,1476508255
A4:77:33:F8:A2:00,-41,-57,30951,1476508255
E6:71:85:62:06:38,-60,-64,26322,1476508315
E6:71:85:62:06:70,-63,-67,26566,1476508315
AC:CF:85:28:94:E2,-61,-70,20698,1476508315
54:60:09:2B:81:08,-69,-77,31015,1476508315
54:60:09:F4:21:4A,-75,-75,31014,1476508315
A4:77:33:F8:A2:00,-40,-57,31011,1476508315
E6:71:85:62:06:38,-58,-62,26385,1476508378
E6:71:85:62:06:70,-64,-68,26629,1476508378
AC:CF:85:28:94:E2,-61,-70,20761,1476508378
54:60:09:2B:81:08,-72,-77,31078,1476508378
54:60:09:F4:21:4A,-80,-81,31077,1476508378
A4:77:33:F8:A2:00,-41,-57,31074,1476508378
E6:71:85:62:06:38,-60,-64,26445,1476508438
E6:71:85:62:06:70,-64,-68,26689,1476508438
AC:CF:85:28:94:E2,-63,-72,20821,1476508438
54:60:09:2B:81:08,-69,-77,31138,1476508438
54:60:09:F4:21:4A,-72,-73,31137,1476508438
A4:77:33:F8:A2:00,-41,-57,31134,1476508438
E6:71:85:62:06:38,-56,-60,26505,1476508498
E6:71:85:62:06:70,-63,-67,26749,1476508498
AC:CF:85:28:94:E2,-63,-72,20881,1476508498
54:60:09:2B:81:08,-73,-77,31198,1476508498
54:60:09:F4:21:4A,-76,-77,31197,1476508498
A4:77:33:F8:A2:00,-41,-57,31194,1476508498
E6:71:85:62:06:38,-60,-64,26565,1476508558
E6:71:85:62:06:70,-63,-67,26809,1476508558
AC:CF:85:28:94:E2,-62,-71,20941,1476508558
54:60:09:2B:81:08,-69,-77,31258,1476508558
54:60:09:F4:21:4A,-72,-73,31257,1476508558
A4:77:33:F8:A2:00,-41,-57,31254,1476508558
E6:71:85:62:06:38,-60,-64,26625,1476508618
E6:71:85:62:06:70,-64,-68,26869,1476508618
AC:CF:85:28:94:E2,-62,-71,21001,1476508618
54:60:09:2B:81:08,-67,-76,31318,1476508618
54:60:09:F4:21:4A,-74,-74,31317,1476508618
A4:77:33:F8:A2:00,-41,-57,31314,1476508618
E6:71:85:62:06:38,-60,-64,26688,1476508681
E6:71:85:62:06:70,-61,-66,26932,1476508681
AC:CF:85:28:94:E2,-61,-71,21064,1476508681
54:60:09:2B:81:08,-68,-77,31381,1476508681
54:60:09:F4:21:4A,-79,-81,31380,1476508681
A4:77:33:F8:A2:00,-41,-57,31377,1476508681
E6:71:85:62:06:38,-60,-64,26748,1476508741
E6:71:85:62:06:70,-64,-68,26992,1476508741
AC:CF:85:28:94:E2,-61,-70,21124,1476508741
54:60:09:2B:81:08,-73,-77,31441,1476508741
54:60:09:F4:21:4A,-71,-71,31440,1476508741
A4:77:33:F8:A2:00,-41,-57,31437,1476508741
E6:71:85:62:06:38,-60,-64,26808,1476508801
E6:71:85:62:06:70,-63,-67,27052,1476508801
AC:CF:85:28:94:E2,-62,-72,21184,1476508801
54:60:09:2B:81:08,-68,-77,31501,1476508801
54:60:09:F4:21:4A,-74,-75,31500,1476508801
A4:77:33:F8:A2:00,-41,-57,31497,1476508801
E6:71:85:62:06:38,-59,-63,26868,1476508861
E6:71:85:62:06:70,-63,-67,27112,1476508861
AC:CF:85:28:94:E2,-62,-71,21244,1476508861
54:60:09:2B:81:08,-65,-75,31561,1476508861
54:60:09:F4:21:4A,-74,-75,31560,1476508861
A4:77:33:F8:A2:00,-41,-57,31557,1476508861
E6:71:85:62:06:38,-59,-63,26928,1476508921
E6:71:85:62:06:70,-63,-67,27172,1476508921
AC:CF:85:28:94:E2,-63,-72,21304,1476508921
54:60:09:2B:81:08,-67,-76,31621,1476508921
54:60:09:F4:21:4A,-73,-73,31620,1476508921
A4:77:33:F8:A2:00,-41,-57,31617,1476508921
E6:71:85:62:06:38,-61,-65,26991,1476508984
E6:71:85:62:06:70,-63,-67,27235,1476508984
AC:CF:85:28:94:E2,-62,-71,21367,1476508984
54:60:09:2B:81:08,-73,-77,31684,1476508984
54:60:09:F4:21:4A,-79,-80,31683,1476508984
A4:77:33:F8:A2:00,-41,-57,31680,1476508984
E6:71:85:62:06:38,-56,-60,27051,1476509044
E6:71:85:62:06:70,-63,-67,27295,1476509044
AC:CF:85:28:94:E2,-62,-71,21427,1476509044
54:60:09:2B:81:08,-66,-75,31744,1476509044
54:60:09:F4:21:4A,-73,-74,31743,1476509044
A4:77:33:F8:A2:00,-41,-57,31740,1476509044
E6:71:85:62:06:38,-60,-64,27111,1476509104
E6:71:85:62:06:70,-62,-66,27355,1476509104
AC:CF:85:28:94:E2,-61,-70,21487,1476509104
54:60:09:2B:81:08,-67,-77,31804,1476509104
54:60:09:F4:21:4A,-69,-69,31803,1476509104
A4:77:33:F8:A2:00,-41,-57,31800,1476509104
E6:71:85:62:06:38,-57,-61,27171,1476509164
E6:71:85:62:06:70,-63,-67,27415,1476509164
AC:CF:85:28:94:E2,-62,-71,21547,1476509164
54:60:09:2B:81:08,-68,-77,31864,1476509164
54:60:09:F4:21:4A,-73,-74,31863,1476509164
A4:77:33:F8:A2:00,-41,-57,31860,1476509164
E6:71:85:62:06:38,-60,-64,27231,1476509224
E6:71:85:62:06:70,-63,-68,27475,1476509224
AC:CF:85:28:94:E2,-64,-72,21607,1476509224
54:60:09:2B:81:08,-68,-77,31924,1476509224
54:60:09:F4:21:4A,-72,-73,31923,1476509224
A4:77:33:F8:A2:00,-41,-57,31920,1476509224
E6:71:85:62:06:38,-60,-64,27294,1476509287
E6:71:85:62:06:70,-60,-64,27538,1476509287
AC:CF:85:28:94:E2,-63,-71,21670,1476509287
54:60:09:2B:81:08,-68,-76,31987,1476509287
54:60:09:F4:21:4A,-79,-81,31986,1476509287
A4:77:33:F8:A2:00,-41,-57,31983,1476509287
E6:71:85:62:06:38,-57,-61,27354,1476509347
E6:71:85:62:06:70,-62,-66,27598,1476509347
AC:CF:85:28:94:E2,-64,-72,21730,1476509347
54:60:09:2B:81:08,-69,-77,32047,1476509347
54:60:09:F4:21:4A,-70,-70,32046,1476509347
A4:77:33:F8:A2:00,-41,-57,32043,1476509347
E6:71:85:62:06:38,-56,-60,27414,1476509407
E6:71:85:62:06:70,-63,-67,27658,1476509407
AC:CF:85:28:94:E2,-62,-71,21790,1476509407
54:60:09:2B:81:08,-67,-76,32107,1476509407
54:60:09:F4:21:4A,-69,-69,32106,1476509407
A4:77:33:F8:A2:00,-41,-57,32103,1476509407
E6:71:85:62:06:38,-60,-64,27474,1476509467
E6:71:85:62:06:70,-63,-68,27718,1476509467
AC:CF:85:28:94:E2,-64,-72,21850,1476509467
54:60:09:2B:81:08,-67,-76,32167,1476509467
54:60:09:F4:21:4A,-69,-68,32166,1476509467
A4:77:33:F8:A2:00,-41,-57,32163,1476509467
E6:71:85:62:06:38,-60,-64,27534,1476509527
E6:71:85:62:06:70,-64,-68,27778,1476509527
AC:CF:85:28:94:E2,-64,-72,21910,1476509527
54:60:09:2B:81:08,-72,-77,32227,1476509527
54:60:09:F4:21:4A,-70,-70,32226,1476509527
A4:77:33:F8:A2:00,-41,-57,32223,1476509527
E6:71:85:62:06:38,-60,-64,27594,1476509587
E6:71:85:62:06:70,-63,-68,27838,1476509587
AC:CF:85:28:94:E2,-63,-71,21970,1476509587
54:60:09:2B:81:08,-68,-76,32287,1476509587
54:60:09:F4:21:4A,-69,-68,32286,1476509587
A4:77:33:F8:A2:00,-41,-57,32283,1476509587
E6:71:85:62:06:38,-59,-63,27654,1476509647
E6:71:85:62:06:70,-62,-66,27898,1476509647
AC:CF:85:28:94:E2,-63,-72,22030,1476509647
54:60:09:2B:81:08,-69,-77,32347,1476509647
54:60:09:F4:21:4A,-69,-69,32346,1476509647
A4:77:33:F8:A2:00,-41,-57,32343,1476509647
E6:71:85:62:06:38,-58,-62,27714,1476509707
E6:71:85:62:06:70,-62,-66,27958,1476509707
AC:CF:85:28:94:E2,-64,-72,22090,1476509707
54:60:09:2B:81:08,-67,-75,32407,1476509707
54:60:09:F4:21:4A,-76,-77,32406,1476509707
A4:77:33:F8:A2:00,-41,-57,32403,1476509707
E6:71:85:62:06:38,-60,-64,27774,1476509767
E6:71:85:62:06:70,-61,-65,28018,1476509767
AC:CF:85:28:94:E2,-63,-71,22150,1476509767
54:60:09:2B:81:08,-69,-76,32467,1476509767
54:60:09:F4:21:4A,-79,-81,32466,1476509767
A4:77:33:F8:A2:00,-41,-57,32463,1476509767
E6:71:85:62:06:38,-60,-64,27837,1476509830
E6:71:85:62:06:70,-61,-65,28081,1476509830
AC:CF:85:28:94:E2,-62,-70,22213,1476509830
54:60:09:2B:81:08,-70,-77,32530,1476509830
54:60:09:F4:21:4A,-79,-81,32529,1476509830
A4:77:33:F8:A2:00,-42,-57,32526,1476509830
E6:71:85:62:06:38,-60,-64,27897,1476509890
E6:71:85:62:06:70,-61,-65,28141,1476509890
AC:CF:85:28:94:E2,-63,-71,22273,1476509890
54:60:09:2B:81:08,-67,-77,32590,1476509890
54:60:09:F4:21:4A,-79,-80,32589,1476509890
A4:77:33:F8:A2:00,-41,-57,32586,1476509890
E6:71:85:62:06:38,-60,-64,27957,1476509950
E6:71:85:62:06:70,-61,-65,28201,1476509950
AC:CF:85:28:94:E2,-64,-72,22333,1476509950
54:60:09:2B:81:08,-69,-77,32650,1476509950
54:60:09:F4:21:4A,-75,-75,32649,1476509950
A4:77:33:F8:A2:00,-41,-57,32646,1476509950
E6:71:85:62:06:38,-59,-63,28017,1476510010
E6:71:85:62:06:70,-63,-67,28261,1476510010
AC:CF:85:28:94:E2,-64,-72,22393,1476510010
54:60:09:2B:81:08,-68,-77,32710,1476510010
54:60:09:F4:21:4A,-72,-73,32709,1476510010
A4:77:33:F8:A2:00,-42,-57,32706,1476510010
E6:71:85:62:06:38,-60,-64,28077,1476510070
E6:71:85:62:06:70,-62,-67,28321,1476510070
AC:CF:85:28:94:E2,-63,-72,22453,1476510070
54:60:09:2B:81:08,-69,-77,32770,1476510070
54:60:09:F4:21:4A,-77,-78,32769,1476510070
A4:77:33:F8:A2:00,-41,-57,32766,1476510070
E6:71:85:62:06:38,-60,-64,28140,1476510133
E6:71:85:62:06:70,-61,-65,28384,1476510133
AC:CF:85:28:94:E2,-64,-72,22516,1476510133
54:60:09:2B:81:08,-67,-77,32833,1476510133
54:60:09:F4:21:4A,-75,-76,32832,1476510133
A4:77:33:F8:A2:00,-42,-57,32829,1476510133
E6:71:85:62:06:38,-60,-64,28200,1476510193
E6:71:85:62:06:70,-61,-65,28444,1476510193
AC:CF:85:28:94:E2,-62,-71,22576,1476510193
54:60:09:2B:81:08,-68,-77,32893,1476510193
54:60:09:F4:21:4A,-78,-80,32892,1476510193
A4:77:33:F8:A2:00,-41,-57,32889,1476510193
E6:71:85:62:06:38,-59,-63,28260,1476510253
E6:71:85:62:06:70,-63,-67,28504,1476510253
AC:CF:85:28:94:E2,-63,-72,22636,1476510253
54:60:09:2B:81:08,-66,-75,32953,1476510253
54:60:09:F4:21:4A,-73,-74,32952,1476510253
A4:77:33:F8:A2:00,-41,-57,32949,1476510253
E6:71:85:62:06:38,-56,-60,28320,1476510313
E6:71:85:62:06:70,-64,-68,28564,1476510313
AC:CF:85:28:94:E2,-64,-72,22696,1476510313
54:60:09:2B:81:08,-69,-77,33013,1476510313
54:60:09:F4:21:4A,-78,-80,33012,1476510313
A4:77:33:F8:A2:00,-42,-57,33009,1476510313
E6:71:85:62:06:38,-57,-61,28380,1476510373
E6:71:85:62:06:70,-60,-64,28624,1476510373
AC:CF:85:28:94:E2,-63,-72,22756,1476510373
54:60:09:2B:81:08,-66,-76,33073,1476510373
54:60:09:F4:21:4A,-72,-72,33072,1476510373
A4:77:33:F8:A2:00,-41,-57,33069,1476510373
