Client_MAC,Rssi0,Rssi1,Connection_Time,EpocTime
E6:71:85:62:06:38,-60,-67,2503,1476479778
E6:71:85:62:06:70,-66,-69,2438,1476479778
54:60:09:2B:81:08,-71,-77,2478,1476479778
54:60:09:F4:21:4A,-76,-78,2477,1476479778
54:60:09:F2:D8:92,-74,-77,2476,1476479778
A4:77:33:F8:A2:00,-41,-58,2474,1476479778
E6:71:85:62:06:38,-61,-67,2563,1476479838
E6:71:85:62:06:70,-66,-69,2498,1476479838
54:60:09:2B:81:08,-74,-79,2538,1476479838
54:60:09:F4:21:4A,-76,-77,2537,1476479838
54:60:09:F2:D8:92,-73,-73,2536,1476479838
A4:77:33:F8:A2:00,-40,-57,2534,1476479838
E6:71:85:62:06:38,-60,-66,2623,1476479898
E6:71:85:62:06:70,-65,-68,2558,1476479898
54:60:09:2B:81:08,-71,-77,2598,1476479898
54:60:09:F4:21:4A,-77,-79,2597,1476479898
54:60:09:F2:D8:92,-75,-75,2596,1476479898
A4:77:33:F8:A2:00,-40,-57,2594,1476479898
E6:71:85:62:06:38,-60,-66,2683,1476479958
E6:71:85:62:06:70,-65,-68,2618,1476479958
54:60:09:2B:81:08,-74,-78,2658,1476479958
54:60:09:F4:21:4A,-75,-77,2657,1476479958
54:60:09:F2:D8:92,-74,-79,2656,1476479958
A4:77:33:F8:A2:00,-41,-57,2654,1476479958
E6:71:85:62:06:38,-61,-67,2743,1476480018
E6:71:85:62:06:70,-65,-68,2678,1476480018
54:60:09:2B:81:08,-71,-77,2718,1476480018
54:60:09:F4:21:4A,-80,-82,2717,1476480018
54:60:09:F2:D8:92,-73,-79,2716,1476480018
A4:77:33:F8:A2:00,-41,-57,2714,1476480018
E6:71:85:62:06:38,-60,-67,2806,1476480081
E6:71:85:62:06:70,-65,-68,2741,1476480081
54:60:09:2B:81:08,-74,-78,2781,1476480081
54:60:09:F4:21:4A,-77,-78,2780,1476480081
54:60:09:F2:D8:92,-74,-80,2779,1476480081
A4:77:33:F8:A2:00,-41,-58,2777,1476480081
E6:71:85:62:06:38,-60,-66,2866,1476480141
E6:71:85:62:06:70,-67,-70,2801,1476480141
54:60:09:2B:81:08,-71,-77,2841,1476480141
54:60:09:F4:21:4A,-74,-76,2840,1476480141
54:60:09:F2:D8:92,-74,-79,2839,1476480141
A4:77:33:F8:A2:00,-42,-58,2837,1476480141
E6:71:85:62:06:38,-61,-67,2926,1476480201
E6:71:85:62:06:70,-65,-68,2861,1476480201
54:60:09:2B:81:08,-74,-78,2901,1476480201
54:60:09:F4:21:4A,-74,-75,2900,1476480201
54:60:09:F2:D8:92,-73,-79,2899,1476480201
A4:77:33:F8:A2:00,-41,-58,2897,1476480201
E6:71:85:62:06:38,-60,-66,2986,1476480262
E6:71:85:62:06:70,-65,-68,2921,1476480262
54:60:09:2B:81:08,-72,-77,2961,1476480262
54:60:09:F4:21:4A,-72,-74,2960,1476480262
54:60:09:F2:D8:92,-74,-80,2959,1476480262
A4:77:33:F8:A2:00,-42,-58,2957,1476480262
E6:71:85:62:06:38,-60,-67,3046,1476480322
E6:71:85:62:06:70,-66,-68,2981,1476480322
54:60:09:2B:81:08,-74,-78,3021,1476480322
54:60:09:F4:21:4A,-73,-74,3020,1476480322
54:60:09:F2:D8:92,-73,-80,3019,1476480322
A4:77:33:F8:A2:00,-41,-57,3017,1476480322
E6:71:85:62:06:38,-60,-66,3110,1476480385
E6:71:85:62:06:70,-65,-68,3045,1476480385
54:60:09:2B:81:08,-71,-76,3085,1476480385
54:60:09:F4:21:4A,-74,-75,3084,1476480385
54:60:09:F2:D8:92,-73,-80,3083,1476480385
A4:77:33:F8:A2:00,-41,-58,3081,1476480385
E6:71:85:62:06:38,-60,-66,3170,1476480445
E6:71:85:62:06:70,-66,-70,3105,1476480445
54:60:09:2B:81:08,-74,-78,3145,1476480445
54:60:09:F4:21:4A,-79,-81,3144,1476480445
54:60:09:F2:D8:92,-73,-80,3143,1476480445
A4:77:33:F8:A2:00,-41,-58,3141,1476480445
E6:71:85:62:06:38,-61,-67,3230,1476480505
E6:71:85:62:06:70,-65,-68,3165,1476480505
54:60:09:2B:81:08,-73,-77,3205,1476480505
54:60:09:F4:21:4A,-71,-72,3204,1476480505
54:60:09:F2:D8:92,-73,-80,3203,1476480505
A4:77:33:F8:A2:00,-41,-58,3201,1476480505
E6:71:85:62:06:38,-60,-66,3290,1476480565
E6:71:85:62:06:70,-64,-68,3225,1476480565
54:60:09:2B:81:08,-74,-79,3265,1476480565
54:60:09:F4:21:4A,-70,-71,3264,1476480565
54:60:09:F2:D8:92,-73,-79,3263,1476480565
A4:77:33:F8:A2:00,-41,-57,3261,1476480565
E6:71:85:62:06:38,-61,-66,3350,1476480625
E6:71:85:62:06:70,-64,-68,3285,1476480625
54:60:09:2B:81:08,-73,-78,3325,1476480625
54:60:09:F4:21:4A,-69,-71,3324,1476480625
54:60:09:F2:D8:92,-74,-80,3323,1476480625
A4:77:33:F8:A2:00,-41,-58,3321,1476480625
E6:71:85:62:06:38,-60,-67,3442,1476480717
E6:71:85:62:06:70,-67,-70,3377,1476480717
54:60:09:2B:81:08,-74,-79,3417,1476480717
54:60:09:F4:21:4A,-77,-79,3416,1476480717
54:60:09:F2:D8:92,-75,-74,3415,1476480717
A4:77:33:F8:A2:00,-41,-58,3413,1476480717
E6:71:85:62:06:38,-60,-67,3502,1476480777
E6:71:85:62:06:70,-65,-68,3437,1476480777
54:60:09:2B:81:08,-74,-78,3477,1476480777
54:60:09:F4:21:4A,-78,-80,3476,1476480777
54:60:09:F2:D8:92,-74,-79,3475,1476480777
A4:77:33:F8:A2:00,-41,-58,3473,1476480777
E6:71:85:62:06:38,-60,-67,3562,1476480837
E6:71:85:62:06:70,-62,-68,3497,1476480837
54:60:09:2B:81:08,-74,-78,3537,1476480837
54:60:09:F4:21:4A,-77,-79,3536,1476480837
54:60:09:F2:D8:92,-73,-80,3535,1476480837
A4:77:33:F8:A2:00,-38,-59,3533,1476480837
E6:71:85:62:06:38,-61,-67,3622,1476480897
E6:71:85:62:06:70,-67,-69,3557,1476480897
AC:CF:85:28:94:E2,-62,-68,50,1476480897
54:60:09:2B:81:08,-74,-78,3597,1476480897
54:60:09:F4:21:4A,-75,-77,3596,1476480897
54:60:09:F2:D8:92,-74,-79,3595,1476480897
A4:77:33:F8:A2:00,-41,-57,3593,1476480897
E6:71:85:62:06:38,-60,-67,3682,1476480957
E6:71:85:62:06:70,-63,-69,3617,1476480957
AC:CF:85:28:94:E2,-76,-80,110,1476480957
54:60:09:2B:81:08,-74,-78,3657,1476480957
54:60:09:F4:21:4A,-75,-77,3656,1476480957
54:60:09:F2:D8:92,-73,-80,3655,1476480957
A4:77:33:F8:A2:00,-41,-57,3653,1476480957
E6:71:85:62:06:38,-61,-67,3742,1476481017
E6:71:85:62:06:70,-65,-71,3677,1476481017
AC:CF:85:28:94:E2,-65,-71,41,1476481017
54:60:09:2B:81:08,-71,-77,3717,1476481017
54:60:09:F4:21:4A,-74,-76,3716,1476481017
54:60:09:F2:D8:92,-74,-79,3715,1476481017
A4:77:33:F8:A2:00,-41,-57,3713,1476481017
E6:71:85:62:06:38,-61,-68,3802,1476481077
E6:71:85:62:06:70,-65,-71,3737,1476481077
AC:CF:85:28:94:E2,-66,-70,101,1476481077
54:60:09:2B:81:08,-70,-77,3777,1476481077
54:60:09:F4:21:4A,-70,-72,3776,1476481077
54:60:09:F2:D8:92,-73,-80,3775,1476481077
A4:77:33:F8:A2:00,-41,-57,3773,1476481077
E6:71:85:62:06:38,-59,-66,3862,1476481137
E6:71:85:62:06:70,-66,-71,0,1476481137
AC:CF:85:28:94:E2,-72,-77,161,1476481137
54:60:09:2B:81:08,-74,-78,3837,1476481137
54:60:09:F4:21:4A,-77,-79,3836,1476481137
54:60:09:F2:D8:92,-73,-80,3835,1476481137
A4:77:33:F8:A2:00,-41,-57,3833,1476481137
E6:71:85:62:06:38,-59,-67,3922,1476481197
E6:71:85:62:06:70,-63,-66,60,1476481197
AC:CF:85:28:94:E2,-73,-78,221,1476481197
54:60:09:2B:81:08,-69,-76,3897,1476481197
54:60:09:F4:21:4A,-70,-71,3896,1476481197
A4:77:33:F8:A1:B8,-72,-74,35,1476481197
54:60:09:F2:D8:92,-74,-80,3895,1476481197
A4:77:33:F8:A2:00,-41,-57,3893,1476481197
E6:71:85:62:06:38,-59,-65,20,1476481260
AC:CF:85:28:94:E2,-68,-69,51,1476481260
54:60:09:2B:81:08,-74,-78,3960,1476481260
54:60:09:F4:21:4A,-70,-71,3959,1476481260
A4:77:33:F8:A1:B8,-72,-74,98,1476481260
54:60:09:F2:D8:92,-73,-79,3958,1476481260
A4:77:33:F8:A2:00,-41,-57,3956,1476481260
AC:CF:85:28:94:E2,-32,-31,111,1476481320
54:60:09:2B:81:08,-67,-78,4020,1476481320
54:60:09:F4:21:4A,-70,-76,4019,1476481320
A4:77:33:F8:A1:B8,-75,-75,158,1476481320
54:60:09:F2:D8:92,-79,-81,4018,1476481320
A4:77:33:F8:A2:00,-40,-58,4016,1476481320
AC:CF:85:28:94:E2,-72,-80,171,1476481380
54:60:09:2B:81:08,-75,-79,4080,1476481380
54:60:09:F4:21:4A,-70,-69,4079,1476481380
A4:77:33:F8:A1:B8,-68,-75,218,1476481380
54:60:09:F2:D8:92,-77,-81,4078,1476481380
A4:77:33:F8:A2:00,-40,-58,4076,1476481380
AC:CF:85:28:94:E2,-76,-74,231,1476481440
54:60:09:2B:81:08,-75,-82,4140,1476481440
54:60:09:F4:21:4A,-70,-69,4139,1476481440
A4:77:33:F8:A1:B8,-64,-73,278,1476481440
54:60:09:F2:D8:92,-77,-81,4138,1476481440
A4:77:33:F8:A2:00,-40,-58,4136,1476481440
AC:CF:85:28:94:E2,-41,-43,291,1476481500
54:60:09:2B:81:08,-75,-80,4200,1476481500
54:60:09:F4:21:4A,-80,-82,4199,1476481500
A4:77:33:F8:A1:B8,-73,-75,338,1476481500
54:60:09:F2:D8:92,-76,-80,4198,1476481500
A4:77:33:F8:A2:00,-45,-57,4196,1476481500
AC:CF:85:28:94:E2,-74,-72,354,1476481563
54:60:09:2B:81:08,-71,-79,4263,1476481563
54:60:09:F4:21:4A,-67,-68,4262,1476481563
A4:77:33:F8:A1:B8,-69,-78,401,1476481563
54:60:09:F2:D8:92,-81,-79,4261,1476481563
A4:77:33:F8:A2:00,-40,-56,4259,1476481563
AC:CF:85:28:94:E2,-76,-79,414,1476481623
54:60:09:2B:81:08,-71,-82,4323,1476481623
54:60:09:F4:21:4A,-71,-77,4322,1476481623
A4:77:33:F8:A1:B8,-63,-75,461,1476481623
54:60:09:F2:D8:92,-81,-80,4321,1476481623
A4:77:33:F8:A2:00,-40,-56,4319,1476481623
E6:71:85:62:06:38,-64,-68,38,1476481683
E6:71:85:62:06:70,-68,-71,8,1476481683
AC:CF:85:28:94:E2,-74,-77,474,1476481683
54:60:09:2B:81:08,-67,-84,4383,1476481683
54:60:09:F4:21:4A,-77,-82,4382,1476481683
A4:77:33:F8:A1:B8,-69,-70,521,1476481683
54:60:09:F2:D8:92,-78,-85,4381,1476481683
A4:77:33:F8:A2:00,-39,-62,4379,1476481683
E6:71:85:62:06:38,-64,-68,98,1476481743
E6:71:85:62:06:70,-63,-67,9,1476481743
AC:CF:85:28:94:E2,-39,-40,534,1476481743
54:60:09:2B:81:08,-68,-84,4443,1476481743
54:60:09:F4:21:4A,-73,-77,4442,1476481743
A4:77:33:F8:A1:B8,-64,-70,581,1476481743
54:60:09:F2:D8:92,-78,-81,4441,1476481743
A4:77:33:F8:A2:00,-39,-61,4439,1476481743
E6:71:85:62:06:38,-66,-69,158,1476481803
E6:71:85:62:06:70,-67,-69,54,1476481803
AC:CF:85:28:94:E2,-39,-37,594,1476481803
54:60:09:2B:81:08,-71,-78,4503,1476481803
54:60:09:F4:21:4A,-74,-77,4502,1476481803
A4:77:33:F8:A1:B8,-69,-72,641,1476481803
54:60:09:F2:D8:92,-80,-81,4501,1476481803
A4:77:33:F8:A2:00,-41,-56,4499,1476481803
E6:71:85:62:06:38,-63,-68,32,1476481866
E6:71:85:62:06:70,-66,-76,117,1476481866
AC:CF:85:28:94:E2,-78,-83,657,1476481866
54:60:09:2B:81:08,-73,-81,4566,1476481866
54:60:09:F4:21:4A,-76,-80,4565,1476481866
A4:77:33:F8:A1:B8,-61,-69,704,1476481866
54:60:09:F2:D8:92,-80,-79,4564,1476481866
A4:77:33:F8:A2:00,-43,-56,4562,1476481866
E6:71:85:62:06:38,-66,-70,92,1476481926
E6:71:85:62:06:70,-72,-68,177,1476481926
AC:CF:85:28:94:E2,-44,-38,717,1476481926
54:60:09:2B:81:08,-64,-78,4626,1476481926
54:60:09:F4:21:4A,-77,-81,4625,1476481926
A4:77:33:F8:A1:B8,-76,-71,764,1476481926
54:60:09:F2:D8:92,-78,-79,4624,1476481926
A4:77:33:F8:A2:00,-46,-62,4622,1476481926
E6:71:85:62:06:38,-65,-66,3,1476481986
E6:71:85:62:06:70,-67,-69,237,1476481986
AC:CF:85:28:94:E2,-43,-47,777,1476481986
54:60:09:2B:81:08,-68,-81,4686,1476481986
54:60:09:F4:21:4A,-75,-80,4685,1476481986
A4:77:33:F8:A1:B8,-63,-69,824,1476481986
54:60:09:F2:D8:92,-77,-80,4684,1476481986
A4:77:33:F8:A2:00,-41,-59,4682,1476481986
E6:71:85:62:06:38,-61,-64,53,1476482046
E6:71:85:62:06:70,-65,-70,297,1476482046
AC:CF:85:28:94:E2,-70,-73,837,1476482046
54:60:09:2B:81:08,-74,-80,4746,1476482046
54:60:09:F4:21:4A,-74,-77,4745,1476482046
A4:77:33:F8:A1:B8,-63,-69,884,1476482046
54:60:09:F2:D8:92,-78,-81,4744,1476482046
A4:77:33:F8:A2:00,-40,-58,4742,1476482046
E6:71:85:62:06:38,-61,-65,113,1476482106
E6:71:85:62:06:70,-66,-70,357,1476482106
AC:CF:85:28:94:E2,-84,-90,897,1476482106
54:60:09:2B:81:08,-74,-80,4806,1476482106
54:60:09:F4:21:4A,-72,-75,4805,1476482106
A4:77:33:F8:A1:B8,-70,-74,944,1476482106
54:60:09:F2:D8:92,-77,-80,4804,1476482106
A4:77:33:F8:A2:00,-40,-58,4802,1476482106
