Client_MAC,Rssi0,Rssi1,Connection_Time,EpocTime
E6:71:85:62:06:38,-63,-66,90509,1476572502
E6:71:85:62:06:70,-64,-69,90753,1476572502
A4:77:33:F8:A1:B8,-64,-69,10984,1476572502
54:60:09:2B:81:08,-64,-65,57649,1476572502
54:60:09:F4:21:4A,-79,-77,54689,1476572502
A4:77:33:F8:A2:00,-40,-54,55808,1476572502
E6:71:85:62:06:38,-63,-67,90569,1476572562
E6:71:85:62:06:70,-63,-69,90813,1476572562
A4:77:33:F8:A1:B8,-64,-69,11044,1476572562
54:60:09:2B:81:08,-66,-70,57709,1476572562
54:60:09:F4:21:4A,-74,-71,54749,1476572562
A4:77:33:F8:A2:00,-40,-54,55868,1476572562
E6:71:85:62:06:38,-62,-65,90629,1476572622
E6:71:85:62:06:70,-64,-69,90873,1476572622
A4:77:33:F8:A1:B8,-64,-69,11104,1476572622
54:60:09:2B:81:08,-67,-67,57769,1476572622
54:60:09:F4:21:4A,-76,-74,54809,1476572622
A4:77:33:F8:A2:00,-40,-54,55928,1476572622
E6:71:85:62:06:38,-65,-69,90689,1476572682
E6:71:85:62:06:70,-63,-69,90933,1476572682
A4:77:33:F8:A1:B8,-64,-69,11164,1476572682
54:60:09:2B:81:08,-66,-66,57829,1476572682
54:60:09:F4:21:4A,-74,-71,54869,1476572682
A4:77:33:F8:A2:00,-40,-54,55988,1476572682
E6:71:85:62:06:38,-63,-66,90749,1476572742
E6:71:85:62:06:70,-63,-69,90993,1476572742
A4:77:33:F8:A1:B8,-65,-69,11224,1476572742
54:60:09:2B:81:08,-66,-66,57889,1476572742
54:60:09:F4:21:4A,-74,-72,54929,1476572742
A4:77:33:F8:A2:00,-40,-54,56048,1476572742
E6:71:85:62:06:38,-66,-68,90846,1476572839
E6:71:85:62:06:70,-64,-69,91090,1476572839
A4:77:33:F8:A1:B8,-69,-73,11321,1476572839
54:60:09:2B:81:08,-66,-66,57986,1476572839
54:60:09:F4:21:4A,-71,-68,55026,1476572839
A4:77:33:F8:A2:00,-40,-54,56145,1476572839
E6:71:85:62:06:38,-62,-65,90906,1476572899
E6:71:85:62:06:70,-64,-69,91150,1476572899
A4:77:33:F8:A1:B8,-72,-76,11381,1476572899
54:60:09:2B:81:08,-67,-69,58046,1476572899
54:60:09:F4:21:4A,-78,-76,55086,1476572899
A4:77:33:F8:A2:00,-40,-54,56205,1476572899
E6:71:85:62:06:38,-62,-65,90966,1476572959
E6:71:85:62:06:70,-64,-69,91210,1476572959
A4:77:33:F8:A1:B8,-66,-71,11441,1476572959
54:60:09:2B:81:08,-65,-67,58106,1476572959
54:60:09:F4:21:4A,-76,-74,55146,1476572959
A4:77:33:F8:A2:00,-40,-54,56265,1476572959
E6:71:85:62:06:38,-63,-66,91026,1476573019
E6:71:85:62:06:70,-63,-69,91270,1476573019
A4:77:33:F8:A1:B8,-69,-74,11501,1476573019
54:60:09:2B:81:08,-66,-67,58166,1476573019
54:60:09:F4:21:4A,-79,-77,55206,1476573019
A4:77:33:F8:A2:00,-40,-54,56325,1476573019
E6:71:85:62:06:38,-65,-68,91086,1476573079
E6:71:85:62:06:70,-63,-69,91330,1476573079
A4:77:33:F8:A1:B8,-67,-71,11561,1476573079
54:60:09:2B:81:08,-65,-67,58226,1476573079
54:60:09:F4:21:4A,-79,-77,55266,1476573079
A4:77:33:F8:A2:00,-40,-54,56385,1476573079
E6:71:85:62:06:38,-62,-65,91149,1476573142
E6:71:85:62:06:70,-63,-69,91393,1476573142
A4:77:33:F8:A1:B8,-68,-73,11624,1476573142
54:60:09:2B:81:08,-66,-67,58289,1476573142
54:60:09:F4:21:4A,-75,-73,55329,1476573142
A4:77:33:F8:A2:00,-40,-54,56448,1476573142
E6:71:85:62:06:38,-62,-65,91209,1476573202
E6:71:85:62:06:70,-64,-69,91453,1476573202
A4:77:33:F8:A1:B8,-72,-77,11684,1476573202
54:60:09:2B:81:08,-68,-67,58349,1476573202
54:60:09:F4:21:4A,-80,-78,55389,1476573202
A4:77:33:F8:A2:00,-40,-54,56508,1476573202
E6:71:85:62:06:38,-62,-65,91269,1476573262
E6:71:85:62:06:70,-63,-69,91513,1476573262
A4:77:33:F8:A1:B8,-66,-71,11744,1476573262
54:60:09:2B:81:08,-67,-66,58409,1476573262
54:60:09:F4:21:4A,-74,-72,55449,1476573262
A4:77:33:F8:A2:00,-40,-55,56568,1476573262
E6:71:85:62:06:38,-62,-65,91329,1476573322
E6:71:85:62:06:70,-64,-69,91573,1476573322
A4:77:33:F8:A1:B8,-66,-72,11804,1476573322
54:60:09:2B:81:08,-67,-67,58469,1476573322
54:60:09:F4:21:4A,-78,-76,55509,1476573322
A4:77:33:F8:A2:00,-40,-54,56628,1476573322
E6:71:85:62:06:38,-62,-65,91389,1476573382
E6:71:85:62:06:70,-64,-69,91633,1476573382
A4:77:33:F8:A1:B8,-67,-72,11864,1476573382
54:60:09:2B:81:08,-67,-68,58529,1476573382
54:60:09:F4:21:4A,-79,-77,55569,1476573382
A4:77:33:F8:A2:00,-40,-54,56688,1476573382
E6:71:85:62:06:38,-63,-66,91452,1476573445
E6:71:85:62:06:70,-63,-68,91696,1476573445
A4:77:33:F8:A1:B8,-67,-72,11927,1476573445
54:60:09:2B:81:08,-66,-67,58592,1476573445
54:60:09:F4:21:4A,-74,-72,55632,1476573445
A4:77:33:F8:A2:00,-40,-54,56751,1476573445
E6:71:85:62:06:38,-63,-67,91512,1476573505
E6:71:85:62:06:70,-64,-69,91756,1476573505
A4:77:33:F8:A1:B8,-71,-76,11987,1476573505
54:60:09:2B:81:08,-65,-67,58652,1476573505
54:60:09:F4:21:4A,-75,-72,55692,1476573505
A4:77:33:F8:A2:00,-40,-54,56811,1476573505
E6:71:85:62:06:38,-64,-69,91573,1476573565
E6:71:85:62:06:70,-64,-70,91817,1476573565
A4:77:33:F8:A1:B8,-65,-70,12048,1476573565
54:60:09:2B:81:08,-64,-65,58713,1476573565
54:60:09:F4:21:4A,-74,-71,55753,1476573565
A4:77:33:F8:A2:00,-40,-54,56872,1476573565
E6:71:85:62:06:38,-63,-65,91633,1476573625
E6:71:85:62:06:70,-64,-69,91877,1476573625
A4:77:33:F8:A1:B8,-64,-69,12108,1476573625
54:60:09:2B:81:08,-65,-68,58773,1476573625
54:60:09:F4:21:4A,-73,-70,55813,1476573625
A4:77:33:F8:A2:00,-40,-54,56932,1476573625
E6:71:85:62:06:38,-63,-66,91693,1476573685
E6:71:85:62:06:70,-63,-69,91937,1476573685
A4:77:33:F8:A1:B8,-66,-70,12168,1476573685
54:60:09:2B:81:08,-64,-66,58833,1476573685
54:60:09:F4:21:4A,-79,-77,55873,1476573685
A4:77:33:F8:A2:00,-40,-54,56992,1476573685
E6:71:85:62:06:38,-63,-66,91753,1476573745
E6:71:85:62:06:70,-62,-68,91997,1476573745
A4:77:33:F8:A1:B8,-71,-76,12228,1476573745
54:60:09:2B:81:08,-65,-67,58893,1476573745
54:60:09:F4:21:4A,-72,-71,55933,1476573745
A4:77:33:F8:A2:00,-40,-54,57052,1476573745
E6:71:85:62:06:38,-63,-65,91813,1476573805
E6:71:85:62:06:70,-63,-69,92057,1476573805
A4:77:33:F8:A1:B8,-72,-77,12288,1476573805
54:60:09:2B:81:08,-64,-65,58953,1476573805
54:60:09:F4:21:4A,-72,-69,55993,1476573805
A4:77:33:F8:A2:00,-40,-54,57112,1476573805
E6:71:85:62:06:38,-66,-68,91873,1476573865
E6:71:85:62:06:70,-64,-69,92117,1476573865
A4:77:33:F8:A1:B8,-69,-74,12348,1476573865
54:60:09:2B:81:08,-65,-66,59013,1476573865
54:60:09:F4:21:4A,-74,-72,56053,1476573865
A4:77:33:F8:A2:00,-40,-54,57172,1476573865
E6:71:85:62:06:38,-64,-69,91933,1476573925
E6:71:85:62:06:70,-63,-70,92177,1476573925
A4:77:33:F8:A1:B8,-67,-72,12408,1476573925
54:60:09:2B:81:08,-68,-67,59073,1476573925
54:60:09:F4:21:4A,-72,-69,56113,1476573925
A4:77:33:F8:A2:00,-40,-54,57232,1476573925
E6:71:85:62:06:38,-65,-68,91996,1476573988
E6:71:85:62:06:70,-63,-69,92240,1476573988
A4:77:33:F8:A1:B8,-71,-76,12471,1476573988
54:60:09:2B:81:08,-70,-65,59136,1476573988
54:60:09:F4:21:4A,-73,-70,56176,1476573988
A4:77:33:F8:A2:00,-40,-54,57295,1476573988
E6:71:85:62:06:38,-65,-68,92056,1476574048
E6:71:85:62:06:70,-63,-69,92300,1476574048
A4:77:33:F8:A1:B8,-71,-75,12531,1476574048
54:60:09:2B:81:08,-64,-66,59196,1476574048
54:60:09:F4:21:4A,-75,-72,56236,1476574048
A4:77:33:F8:A2:00,-40,-54,57355,1476574048
E6:71:85:62:06:38,-63,-66,92116,1476574108
E6:71:85:62:06:70,-63,-69,92360,1476574108
A4:77:33:F8:A1:B8,-72,-76,12591,1476574108
54:60:09:2B:81:08,-66,-65,59256,1476574108
54:60:09:F4:21:4A,-72,-69,56296,1476574108
A4:77:33:F8:A2:00,-40,-54,57415,1476574108
E6:71:85:62:06:38,-62,-65,92176,1476574168
E6:71:85:62:06:70,-64,-69,92420,1476574168
A4:77:33:F8:A1:B8,-72,-76,12651,1476574168
54:60:09:2B:81:08,-68,-65,59316,1476574168
54:60:09:F4:21:4A,-73,-71,56356,1476574168
A4:77:33:F8:A2:00,-40,-54,57475,1476574168
E6:71:85:62:06:38,-64,-66,92236,1476574228
E6:71:85:62:06:70,-64,-69,92480,1476574228
A4:77:33:F8:A1:B8,-67,-71,12711,1476574228
54:60:09:2B:81:08,-67,-67,59376,1476574228
54:60:09:F4:21:4A,-72,-69,56416,1476574228
A4:77:33:F8:A2:00,-40,-54,57535,1476574228
E6:71:85:62:06:38,-65,-67,92299,1476574291
E6:71:85:62:06:70,-64,-70,92543,1476574291
A4:77:33:F8:A1:B8,-68,-72,12774,1476574291
54:60:09:2B:81:08,-66,-64,59439,1476574291
54:60:09:F4:21:4A,-73,-70,56479,1476574291
A4:77:33:F8:A2:00,-40,-54,57598,1476574291
E6:71:85:62:06:38,-62,-65,92359,1476574351
E6:71:85:62:06:70,-64,-70,92603,1476574351
A4:77:33:F8:A1:B8,-69,-74,12834,1476574351
54:60:09:2B:81:08,-66,-65,59499,1476574351
54:60:09:F4:21:4A,-73,-70,56539,1476574351
A4:77:33:F8:A2:00,-40,-54,57658,1476574351
E6:71:85:62:06:38,-65,-68,92419,1476574411
E6:71:85:62:06:70,-64,-71,92663,1476574411
A4:77:33:F8:A1:B8,-71,-76,12894,1476574411
54:60:09:2B:81:08,-67,-66,59559,1476574411
54:60:09:F4:21:4A,-73,-70,56599,1476574411
A4:77:33:F8:A2:00,-40,-54,57718,1476574411
E6:71:85:62:06:38,-64,-67,92479,1476574471
E6:71:85:62:06:70,-65,-70,92723,1476574471
A4:77:33:F8:A1:B8,-66,-71,12954,1476574471
54:60:09:2B:81:08,-66,-66,59619,1476574471
54:60:09:F4:21:4A,-76,-74,56659,1476574471
A4:77:33:F8:A2:00,-40,-54,57778,1476574471
E6:71:85:62:06:38,-62,-65,92539,1476574532
E6:71:85:62:06:70,-64,-70,92783,1476574532
A4:77:33:F8:A1:B8,-68,-72,13014,1476574532
54:60:09:2B:81:08,-66,-65,59679,1476574532
54:60:09:F4:21:4A,-77,-74,56719,1476574532
A4:77:33:F8:A2:00,-40,-54,57838,1476574532
E6:71:85:62:06:38,-63,-65,92642,1476574635
E6:71:85:62:06:70,-64,-70,92886,1476574635
A4:77:33:F8:A1:B8,-65,-69,13117,1476574635
54:60:09:2B:81:08,-64,-63,59782,1476574635
54:60:09:F4:21:4A,-73,-71,56822,1476574635
A4:77:33:F8:A2:00,-40,-54,57941,1476574635
E6:71:85:62:06:38,-63,-65,92702,1476574695
E6:71:85:62:06:70,-63,-69,92946,1476574695
A4:77:33:F8:A1:B8,-69,-74,13177,1476574695
54:60:09:2B:81:08,-67,-65,59842,1476574695
54:60:09:F4:21:4A,-73,-70,56882,1476574695
A4:77:33:F8:A2:00,-40,-54,58001,1476574695
E6:71:85:62:06:38,-64,-69,92762,1476574755
E6:71:85:62:06:70,-64,-70,93006,1476574755
A4:77:33:F8:A1:B8,-69,-74,13237,1476574755
54:60:09:2B:81:08,-66,-65,59902,1476574755
54:60:09:F4:21:4A,-76,-74,56942,1476574755
A4:77:33:F8:A2:00,-40,-54,58061,1476574755
E6:71:85:62:06:38,-66,-68,92822,1476574815
E6:71:85:62:06:70,-65,-70,93066,1476574815
A4:77:33:F8:A1:B8,-69,-74,13297,1476574815
54:60:09:2B:81:08,-66,-66,59962,1476574815
54:60:09:F4:21:4A,-75,-73,57002,1476574815
A4:77:33:F8:A2:00,-40,-54,58121,1476574815
E6:71:85:62:06:38,-65,-68,92882,1476574875
E6:71:85:62:06:70,-64,-70,93126,1476574875
A4:77:33:F8:A1:B8,-69,-73,13357,1476574875
54:60:09:2B:81:08,-65,-65,60022,1476574875
54:60:09:F4:21:4A,-79,-76,57062,1476574875
A4:77:33:F8:A2:00,-40,-54,58181,1476574875
