Client_MAC,Rssi0,Rssi1,Connection_Time,EpocTime
E6:71:85:62:06:38,-61,-66,57570,1476539563
E6:71:85:62:06:70,-62,-68,57814,1476539563
AC:CF:85:28:94:E2,-52,-67,51946,1476539563
54:60:09:2B:81:08,-65,-77,24710,1476539563
54:60:09:F4:21:4A,-75,-76,21750,1476539563
A4:77:33:F8:A2:00,-42,-57,22869,1476539563
E6:71:85:62:06:38,-62,-66,57630,1476539623
E6:71:85:62:06:70,-62,-68,57874,1476539623
AC:CF:85:28:94:E2,-51,-66,52006,1476539623
54:60:09:2B:81:08,-71,-77,24770,1476539623
54:60:09:F4:21:4A,-78,-78,21810,1476539623
A4:77:33:F8:A2:00,-41,-56,22929,1476539623
E6:71:85:62:06:38,-63,-67,57690,1476539683
E6:71:85:62:06:70,-62,-68,57934,1476539683
AC:CF:85:28:94:E2,-53,-67,52066,1476539683
54:60:09:2B:81:08,-67,-79,24830,1476539683
54:60:09:F4:21:4A,-77,-77,21870,1476539683
A4:77:33:F8:A2:00,-42,-56,22989,1476539683
E6:71:85:62:06:38,-65,-67,57750,1476539743
E6:71:85:62:06:70,-63,-69,57994,1476539743
AC:CF:85:28:94:E2,-54,-68,52126,1476539743
54:60:09:2B:81:08,-71,-77,24890,1476539743
54:60:09:F4:21:4A,-80,-81,21930,1476539743
A4:77:33:F8:A2:00,-42,-57,23049,1476539743
E6:71:85:62:06:38,-61,-64,57816,1476539809
E6:71:85:62:06:70,-62,-67,58060,1476539809
AC:CF:85:28:94:E2,-53,-67,52192,1476539809
54:60:09:2B:81:08,-67,-79,24956,1476539809
54:60:09:F4:21:4A,-78,-79,21996,1476539809
A4:77:33:F8:A2:00,-43,-57,23115,1476539809
E6:71:85:62:06:38,-65,-66,57876,1476539869
E6:71:85:62:06:70,-63,-68,58120,1476539869
AC:CF:85:28:94:E2,-51,-67,52252,1476539869
54:60:09:2B:81:08,-71,-78,25016,1476539869
54:60:09:F4:21:4A,-76,-75,22056,1476539869
A4:77:33:F8:A2:00,-43,-57,23175,1476539869
E6:71:85:62:06:38,-65,-67,57936,1476539929
E6:71:85:62:06:70,-64,-69,58180,1476539929
AC:CF:85:28:94:E2,-51,-69,52312,1476539929
54:60:09:2B:81:08,-66,-77,25076,1476539929
54:60:09:F4:21:4A,-78,-79,22116,1476539929
A4:77:33:F8:A2:00,-42,-57,23235,1476539929
E6:71:85:62:06:38,-64,-67,57996,1476539989
E6:71:85:62:06:70,-63,-69,58240,1476539989
AC:CF:85:28:94:E2,-52,-68,52372,1476539989
54:60:09:2B:81:08,-71,-77,25136,1476539989
54:60:09:F4:21:4A,-77,-76,22176,1476539989
A4:77:33:F8:A2:00,-43,-56,23295,1476539989
E6:71:85:62:06:38,-64,-66,58056,1476540049
E6:71:85:62:06:70,-62,-67,58300,1476540049
AC:CF:85:28:94:E2,-52,-68,52432,1476540049
54:60:09:2B:81:08,-65,-76,25196,1476540049
54:60:09:F4:21:4A,-79,-81,22236,1476540049
A4:77:33:F8:A2:00,-43,-57,23355,1476540049
E6:71:85:62:06:38,-65,-67,58119,1476540112
E6:71:85:62:06:70,-63,-67,58363,1476540112
AC:CF:85:28:94:E2,-52,-66,52495,1476540112
54:60:09:2B:81:08,-71,-77,25259,1476540112
54:60:09:F4:21:4A,-74,-72,22299,1476540112
A4:77:33:F8:A2:00,-42,-57,23418,1476540112
E6:71:85:62:06:38,-63,-68,58179,1476540172
E6:71:85:62:06:70,-62,-67,58423,1476540172
AC:CF:85:28:94:E2,-52,-67,52555,1476540172
54:60:09:2B:81:08,-64,-76,25319,1476540172
54:60:09:F4:21:4A,-77,-77,22359,1476540172
A4:77:33:F8:A2:00,-42,-57,23478,1476540172
E6:71:85:62:06:38,-64,-67,58239,1476540232
E6:71:85:62:06:70,-64,-69,58483,1476540232
AC:CF:85:28:94:E2,-55,-63,52615,1476540232
54:60:09:2B:81:08,-72,-75,25379,1476540232
54:60:09:F4:21:4A,-80,-82,22419,1476540232
A4:77:33:F8:A2:00,-42,-56,23538,1476540232
E6:71:85:62:06:38,-62,-64,58299,1476540292
E6:71:85:62:06:70,-66,-70,58543,1476540292
AC:CF:85:28:94:E2,-61,-69,52675,1476540292
54:60:09:2B:81:08,-65,-76,25439,1476540292
54:60:09:F4:21:4A,-77,-78,22479,1476540292
A4:77:33:F8:A2:00,-42,-56,23598,1476540292
E6:71:85:62:06:38,-64,-67,58359,1476540352
E6:71:85:62:06:70,-64,-70,58603,1476540352
AC:CF:85:28:94:E2,-58,-67,52735,1476540352
54:60:09:2B:81:08,-69,-77,25499,1476540352
54:60:09:F4:21:4A,-78,-81,22539,1476540352
A4:77:33:F8:A2:00,-43,-56,23658,1476540352
E6:71:85:62:06:38,-64,-67,58422,1476540415
E6:71:85:62:06:70,-63,-68,58666,1476540415
AC:CF:85:28:94:E2,-55,-64,52798,1476540415
54:60:09:2B:81:08,-66,-73,25562,1476540415
54:60:09:F4:21:4A,-75,-75,22602,1476540415
A4:77:33:F8:A2:00,-43,-56,23721,1476540415
E6:71:85:62:06:38,-64,-67,58482,1476540475
E6:71:85:62:06:70,-65,-70,58726,1476540475
AC:CF:85:28:94:E2,-55,-64,52858,1476540475
54:60:09:2B:81:08,-66,-72,25622,1476540475
54:60:09:F4:21:4A,-78,-79,22662,1476540475
A4:77:33:F8:A2:00,-42,-56,23781,1476540475
E6:71:85:62:06:38,-64,-67,58542,1476540535
E6:71:85:62:06:70,-64,-69,58786,1476540535
AC:CF:85:28:94:E2,-55,-65,52918,1476540535
54:60:09:2B:81:08,-65,-71,25682,1476540535
54:60:09:F4:21:4A,-72,-71,22722,1476540535
A4:77:33:F8:A2:00,-42,-56,23841,1476540535
E6:71:85:62:06:38,-63,-66,58602,1476540595
E6:71:85:62:06:70,-62,-67,58846,1476540595
AC:CF:85:28:94:E2,-55,-65,52978,1476540595
54:60:09:2B:81:08,-66,-73,25742,1476540595
54:60:09:F4:21:4A,-72,-71,22782,1476540595
A4:77:33:F8:A2:00,-43,-56,23901,1476540595
E6:71:85:62:06:38,-65,-67,58662,1476540655
E6:71:85:62:06:70,-65,-70,58906,1476540655
AC:CF:85:28:94:E2,-57,-65,53038,1476540655
54:60:09:2B:81:08,-64,-71,25802,1476540655
54:60:09:F4:21:4A,-78,-80,22842,1476540655
A4:77:33:F8:A2:00,-43,-56,23961,1476540655
E6:71:85:62:06:38,-65,-67,58725,1476540718
E6:71:85:62:06:70,-65,-70,58969,1476540718
AC:CF:85:28:94:E2,-56,-65,53101,1476540718
54:60:09:2B:81:08,-65,-72,25865,1476540718
54:60:09:F4:21:4A,-74,-73,22905,1476540718
A4:77:33:F8:A2:00,-42,-56,24024,1476540718
E6:71:85:62:06:38,-64,-68,58785,1476540778
E6:71:85:62:06:70,-64,-69,59029,1476540778
AC:CF:85:28:94:E2,-56,-66,53161,1476540778
54:60:09:2B:81:08,-65,-73,25925,1476540778
54:60:09:F4:21:4A,-72,-73,22965,1476540778
A4:77:33:F8:A2:00,-41,-56,24084,1476540778
E6:71:85:62:06:38,-65,-68,58845,1476540838
E6:71:85:62:06:70,-64,-70,59089,1476540838
AC:CF:85:28:94:E2,-56,-65,53221,1476540838
54:60:09:2B:81:08,-71,-75,25985,1476540838
54:60:09:F4:21:4A,-72,-72,23025,1476540838
A4:77:33:F8:A2:00,-42,-56,24144,1476540838
E6:71:85:62:06:38,-61,-64,58905,1476540898
E6:71:85:62:06:70,-64,-69,59149,1476540898
AC:CF:85:28:94:E2,-55,-65,53281,1476540898
54:60:09:2B:81:08,-71,-76,26045,1476540898
54:60:09:F4:21:4A,-72,-73,23085,1476540898
A4:77:33:F8:A2:00,-43,-56,24204,1476540898
E6:71:85:62:06:38,-65,-68,58965,1476540958
E6:71:85:62:06:70,-64,-69,59209,1476540958
AC:CF:85:28:94:E2,-57,-66,53341,1476540958
54:60:09:2B:81:08,-71,-76,26105,1476540958
54:60:09:F4:21:4A,-70,-72,23145,1476540958
A4:77:33:F8:A2:00,-42,-56,24264,1476540958
E6:71:85:62:06:38,-64,-68,59059,1476541052
E6:71:85:62:06:70,-65,-70,59303,1476541052
AC:CF:85:28:94:E2,-57,-66,53435,1476541052
54:60:09:2B:81:08,-68,-74,26199,1476541052
54:60:09:F4:21:4A,-73,-75,23239,1476541052
A4:77:33:F8:A2:00,-42,-56,24358,1476541052
E6:71:85:62:06:38,-64,-68,59119,1476541112
E6:71:85:62:06:70,-65,-70,59363,1476541112
AC:CF:85:28:94:E2,-57,-66,53495,1476541112
54:60:09:2B:81:08,-66,-73,26259,1476541112
54:60:09:F4:21:4A,-74,-76,23299,1476541112
A4:77:33:F8:A2:00,-43,-56,24418,1476541112
E6:71:85:62:06:38,-63,-67,59179,1476541172
E6:71:85:62:06:70,-65,-69,59423,1476541172
AC:CF:85:28:94:E2,-58,-63,53555,1476541172
54:60:09:2B:81:08,-70,-78,26319,1476541172
54:60:09:F4:21:4A,-79,-77,23359,1476541172
A4:77:33:F8:A2:00,-44,-57,24478,1476541172
E6:71:85:62:06:38,-61,-66,59239,1476541232
E6:71:85:62:06:70,-66,-70,59483,1476541232
AC:CF:85:28:94:E2,-57,-58,53615,1476541232
54:60:09:2B:81:08,-64,-67,26379,1476541232
54:60:09:F4:21:4A,-78,-77,23419,1476541232
A4:77:33:F8:A2:00,-42,-54,24538,1476541232
E6:71:85:62:06:38,-60,-65,59299,1476541292
E6:71:85:62:06:70,-63,-70,59543,1476541292
AC:CF:85:28:94:E2,-59,-59,53675,1476541292
54:60:09:2B:81:08,-67,-67,26439,1476541292
54:60:09:F4:21:4A,-75,-74,23479,1476541292
A4:77:33:F8:A2:00,-42,-54,24598,1476541292
E6:71:85:62:06:38,-59,-65,59362,1476541355
E6:71:85:62:06:70,-65,-70,59606,1476541355
AC:CF:85:28:94:E2,-59,-60,53738,1476541355
54:60:09:2B:81:08,-66,-67,26502,1476541355
54:60:09:F4:21:4A,-66,-67,23542,1476541355
A4:77:33:F8:A2:00,-43,-54,24661,1476541355
E6:71:85:62:06:38,-62,-67,59422,1476541415
E6:71:85:62:06:70,-64,-69,59666,1476541415
AC:CF:85:28:94:E2,-55,-63,53798,1476541415
54:60:09:2B:81:08,-69,-71,26562,1476541415
54:60:09:F4:21:4A,-77,-73,23602,1476541415
A4:77:33:F8:A2:00,-43,-54,24721,1476541415
E6:71:85:62:06:38,-63,-67,59482,1476541475
E6:71:85:62:06:70,-64,-70,59726,1476541475
AC:CF:85:28:94:E2,-55,-62,53858,1476541475
54:60:09:2B:81:08,-66,-69,26622,1476541475
54:60:09:F4:21:4A,-72,-68,23662,1476541475
A4:77:33:F8:A2:00,-44,-54,24781,1476541475
E6:71:85:62:06:38,-63,-68,59542,1476541535
E6:71:85:62:06:70,-64,-70,59786,1476541535
AC:CF:85:28:94:E2,-56,-63,53918,1476541535
54:60:09:2B:81:08,-66,-69,26682,1476541535
54:60:09:F4:21:4A,-78,-77,23722,1476541535
A4:77:33:F8:A2:00,-44,-54,24841,1476541535
E6:71:85:62:06:38,-63,-68,59602,1476541595
E6:71:85:62:06:70,-63,-69,59846,1476541595
AC:CF:85:28:94:E2,-55,-62,53978,1476541595
54:60:09:2B:81:08,-66,-69,26742,1476541595
54:60:09:F4:21:4A,-76,-72,23782,1476541595
A4:77:33:F8:A2:00,-44,-54,24901,1476541595
E6:71:85:62:06:38,-62,-66,59662,1476541655
E6:71:85:62:06:70,-64,-70,59906,1476541655
AC:CF:85:28:94:E2,-56,-63,54038,1476541655
54:60:09:2B:81:08,-70,-72,26802,1476541655
54:60:09:F4:21:4A,-71,-67,23842,1476541655
A4:77:33:F8:A2:00,-44,-54,24961,1476541655
E6:71:85:62:06:38,-63,-67,59722,1476541715
E6:71:85:62:06:70,-64,-70,59966,1476541715
AC:CF:85:28:94:E2,-57,-63,54098,1476541715
54:60:09:2B:81:08,-72,-74,26862,1476541715
54:60:09:F4:21:4A,-73,-70,23902,1476541715
A4:77:33:F8:A2:00,-44,-54,25021,1476541715
E6:71:85:62:06:38,-63,-67,59782,1476541775
E6:71:85:62:06:70,-64,-70,60026,1476541775
AC:CF:85:28:94:E2,-56,-63,54158,1476541775
54:60:09:2B:81:08,-67,-70,26922,1476541775
54:60:09:F4:21:4A,-73,-68,23962,1476541775
A4:77:33:F8:A2:00,-44,-54,25081,1476541775
E6:71:85:62:06:38,-61,-66,59842,1476541835
E6:71:85:62:06:70,-65,-70,60086,1476541835
AC:CF:85:28:94:E2,-56,-62,54218,1476541835
54:60:09:2B:81:08,-72,-74,26982,1476541835
54:60:09:F4:21:4A,-72,-68,24022,1476541835
A4:77:33:F8:A2:00,-44,-54,25141,1476541835
E6:71:85:62:06:38,-62,-66,59906,1476541898
E6:71:85:62:06:70,-62,-67,60150,1476541898
AC:CF:85:28:94:E2,-56,-63,54282,1476541898
54:60:09:2B:81:08,-66,-69,27046,1476541898
54:60:09:F4:21:4A,-70,-66,24086,1476541898
A4:77:33:F8:A2:00,-44,-54,25205,1476541898
E6:71:85:62:06:38,-61,-65,59966,1476541958
E6:71:85:62:06:70,-65,-70,60210,1476541958
AC:CF:85:28:94:E2,-56,-63,54342,1476541958
54:60:09:2B:81:08,-72,-74,27106,1476541958
54:60:09:F4:21:4A,-75,-73,24146,1476541958
A4:77:33:F8:A2:00,-44,-54,25265,1476541958
E6:71:85:62:06:38,-59,-64,60026,1476542018
E6:71:85:62:06:70,-62,-67,60270,1476542018
AC:CF:85:28:94:E2,-56,-63,54402,1476542018
54:60:09:2B:81:08,-68,-70,27166,1476542018
54:60:09:F4:21:4A,-78,-76,24206,1476542018
A4:77:33:F8:A2:00,-44,-54,25325,1476542018
E6:71:85:62:06:38,-64,-68,60086,1476542078
E6:71:85:62:06:70,-64,-69,60330,1476542078
AC:CF:85:28:94:E2,-56,-62,54462,1476542078
54:60:09:2B:81:08,-72,-74,27226,1476542078
54:60:09:F4:21:4A,-76,-73,24266,1476542078
A4:77:33:F8:A2:00,-44,-54,25385,1476542078
E6:71:85:62:06:38,-65,-68,60146,1476542138
E6:71:85:62:06:70,-65,-70,60390,1476542138
AC:CF:85:28:94:E2,-55,-62,54522,1476542138
54:60:09:2B:81:08,-69,-71,27286,1476542138
54:60:09:F4:21:4A,-79,-77,24326,1476542138
A4:77:33:F8:A2:00,-44,-54,25445,1476542138
