Client_MAC,Rssi0,Rssi1,Connection_Time,EpocTime
E6:71:85:62:06:38,-58,-62,35888,1476517881
E6:71:85:62:06:70,-61,-65,36132,1476517881
AC:CF:85:28:94:E2,-63,-72,30264,1476517881
54:60:09:2B:81:08,-67,-77,3028,1476517881
54:60:09:F4:21:4A,-79,-82,68,1476517881
A4:77:33:F8:A2:00,-41,-57,1187,1476517881
E6:71:85:62:06:38,-58,-62,35948,1476517941
E6:71:85:62:06:70,-61,-65,36192,1476517941
AC:CF:85:28:94:E2,-63,-72,30324,1476517941
54:60:09:2B:81:08,-65,-75,3088,1476517941
54:60:09:F4:21:4A,-78,-81,128,1476517941
A4:77:33:F8:A2:00,-41,-57,1247,1476517941
E6:71:85:62:06:38,-57,-61,36008,1476518001
E6:71:85:62:06:70,-61,-64,36252,1476518001
AC:CF:85:28:94:E2,-63,-72,30384,1476518001
54:60:09:2B:81:08,-67,-76,3148,1476518001
54:60:09:F4:21:4A,-77,-78,188,1476518001
A4:77:33:F8:A2:00,-41,-57,1307,1476518001
E6:71:85:62:06:38,-60,-64,36068,1476518061
E6:71:85:62:06:70,-63,-67,36312,1476518061
AC:CF:85:28:94:E2,-62,-70,30444,1476518061
54:60:09:2B:81:08,-70,-77,3208,1476518061
54:60:09:F4:21:4A,-79,-81,248,1476518061
A4:77:33:F8:A2:00,-41,-57,1367,1476518061
E6:71:85:62:06:38,-59,-63,36128,1476518121
E6:71:85:62:06:70,-61,-66,36372,1476518121
AC:CF:85:28:94:E2,-61,-70,30504,1476518121
54:60:09:2B:81:08,-72,-77,3268,1476518121
54:60:09:F4:21:4A,-77,-79,308,1476518121
A4:77:33:F8:A2:00,-41,-57,1427,1476518121
E6:71:85:62:06:38,-61,-65,36191,1476518184
E6:71:85:62:06:70,-61,-65,36435,1476518184
AC:CF:85:28:94:E2,-63,-71,30567,1476518184
54:60:09:2B:81:08,-68,-77,3331,1476518184
54:60:09:F4:21:4A,-74,-75,371,1476518184
A4:77:33:F8:A2:00,-41,-57,1490,1476518184
E6:71:85:62:06:38,-60,-64,36251,1476518244
E6:71:85:62:06:70,-63,-67,36495,1476518244
AC:CF:85:28:94:E2,-63,-72,30627,1476518244
54:60:09:2B:81:08,-72,-77,3391,1476518244
54:60:09:F4:21:4A,-75,-76,431,1476518244
A4:77:33:F8:A2:00,-40,-57,1550,1476518244
E6:71:85:62:06:38,-60,-64,36311,1476518304
E6:71:85:62:06:70,-62,-66,36555,1476518304
AC:CF:85:28:94:E2,-64,-72,30687,1476518304
54:60:09:2B:81:08,-68,-76,3451,1476518304
54:60:09:F4:21:4A,-76,-77,491,1476518304
A4:77:33:F8:A2:00,-41,-57,1610,1476518304
E6:71:85:62:06:38,-60,-64,36371,1476518364
E6:71:85:62:06:70,-61,-65,36615,1476518364
AC:CF:85:28:94:E2,-62,-71,30747,1476518364
54:60:09:2B:81:08,-73,-78,3511,1476518364
54:60:09:F4:21:4A,-75,-75,551,1476518364
A4:77:33:F8:A2:00,-41,-57,1670,1476518364
E6:71:85:62:06:38,-61,-64,36431,1476518424
E6:71:85:62:06:70,-64,-68,36675,1476518424
AC:CF:85:28:94:E2,-63,-71,30807,1476518424
54:60:09:2B:81:08,-69,-77,3571,1476518424
54:60:09:F4:21:4A,-79,-81,611,1476518424
A4:77:33:F8:A2:00,-41,-57,1730,1476518424
E6:71:85:62:06:38,-59,-63,36491,1476518484
E6:71:85:62:06:70,-64,-67,36735,1476518484
AC:CF:85:28:94:E2,-63,-71,30867,1476518484
54:60:09:2B:81:08,-72,-77,3631,1476518484
54:60:09:F4:21:4A,-73,-73,671,1476518484
A4:77:33:F8:A2:00,-41,-57,1790,1476518484
E6:71:85:62:06:38,-60,-64,36551,1476518544
E6:71:85:62:06:70,-63,-67,36795,1476518544
AC:CF:85:28:94:E2,-62,-71,30927,1476518544
54:60:09:2B:81:08,-66,-75,3691,1476518544
54:60:09:F4:21:4A,-74,-75,731,1476518544
A4:77:33:F8:A2:00,-41,-57,1850,1476518544
E6:71:85:62:06:38,-61,-64,36611,1476518604
E6:71:85:62:06:70,-63,-67,36855,1476518604
AC:CF:85:28:94:E2,-64,-72,30987,1476518604
54:60:09:2B:81:08,-73,-78,3751,1476518604
54:60:09:F4:21:4A,-74,-75,791,1476518604
A4:77:33:F8:A2:00,-41,-57,1910,1476518604
E6:71:85:62:06:38,-57,-61,36671,1476518664
E6:71:85:62:06:70,-61,-65,36915,1476518664
AC:CF:85:28:94:E2,-63,-71,31047,1476518664
54:60:09:2B:81:08,-69,-76,3811,1476518664
54:60:09:F4:21:4A,-72,-72,851,1476518664
A4:77:33:F8:A2:00,-41,-57,1970,1476518664
E6:71:85:62:06:38,-56,-60,36734,1476518727
E6:71:85:62:06:70,-62,-67,36978,1476518727
AC:CF:85:28:94:E2,-64,-72,31110,1476518727
54:60:09:2B:81:08,-72,-77,3874,1476518727
54:60:09:F4:21:4A,-79,-81,914,1476518727
A4:77:33:F8:A2:00,-41,-57,2033,1476518727
E6:71:85:62:06:38,-60,-64,36794,1476518787
E6:71:85:62:06:70,-64,-68,37038,1476518787
AC:CF:85:28:94:E2,-63,-72,31170,1476518787
54:60:09:2B:81:08,-67,-75,3934,1476518787
54:60:09:F4:21:4A,-72,-72,974,1476518787
A4:77:33:F8:A2:00,-41,-57,2093,1476518787
E6:71:85:62:06:38,-59,-63,36854,1476518847
E6:71:85:62:06:70,-63,-67,37098,1476518847
AC:CF:85:28:94:E2,-62,-70,31230,1476518847
54:60:09:2B:81:08,-73,-77,3994,1476518847
54:60:09:F4:21:4A,-73,-73,1034,1476518847
A4:77:33:F8:A2:00,-40,-57,2153,1476518847
E6:71:85:62:06:38,-61,-64,36914,1476518907
E6:71:85:62:06:70,-62,-66,37158,1476518907
AC:CF:85:28:94:E2,-61,-70,31290,1476518907
54:60:09:2B:81:08,-67,-77,4054,1476518907
54:60:09:F4:21:4A,-71,-70,1094,1476518907
A4:77:33:F8:A2:00,-40,-57,2213,1476518907
E6:71:85:62:06:38,-60,-64,36974,1476518967
E6:71:85:62:06:70,-63,-67,37218,1476518967
AC:CF:85:28:94:E2,-63,-72,31350,1476518967
54:60:09:2B:81:08,-72,-77,4114,1476518967
54:60:09:F4:21:4A,-70,-69,1154,1476518967
A4:77:33:F8:A2:00,-41,-57,2273,1476518967
E6:71:85:62:06:38,-60,-64,37037,1476519030
E6:71:85:62:06:70,-63,-67,37281,1476519030
AC:CF:85:28:94:E2,-63,-71,31413,1476519030
54:60:09:2B:81:08,-67,-77,4177,1476519030
54:60:09:F4:21:4A,-71,-70,1217,1476519030
A4:77:33:F8:A2:00,-40,-57,2336,1476519030
E6:71:85:62:06:38,-57,-61,37097,1476519090
E6:71:85:62:06:70,-63,-66,37341,1476519090
AC:CF:85:28:94:E2,-64,-72,31473,1476519090
54:60:09:2B:81:08,-72,-78,4237,1476519090
54:60:09:F4:21:4A,-71,-71,1277,1476519090
A4:77:33:F8:A2:00,-40,-57,2396,1476519090
E6:71:85:62:06:38,-60,-64,37157,1476519150
E6:71:85:62:06:70,-63,-67,37401,1476519150
AC:CF:85:28:94:E2,-63,-71,31533,1476519150
54:60:09:2B:81:08,-65,-75,4297,1476519150
54:60:09:F4:21:4A,-79,-80,1337,1476519150
A4:77:33:F8:A2:00,-40,-57,2456,1476519150
E6:71:85:62:06:38,-60,-64,37217,1476519210
E6:71:85:62:06:70,-63,-67,37461,1476519210
AC:CF:85:28:94:E2,-63,-71,31593,1476519210
54:60:09:2B:81:08,-72,-77,4357,1476519210
54:60:09:F4:21:4A,-71,-71,1397,1476519210
A4:77:33:F8:A2:00,-40,-57,2516,1476519210
E6:71:85:62:06:38,-57,-61,37277,1476519270
E6:71:85:62:06:70,-63,-67,37521,1476519270
AC:CF:85:28:94:E2,-62,-70,31653,1476519270
54:60:09:2B:81:08,-67,-77,4417,1476519270
54:60:09:F4:21:4A,-71,-70,1457,1476519270
A4:77:33:F8:A2:00,-41,-57,2576,1476519270
E6:71:85:62:06:38,-58,-62,37340,1476519333
E6:71:85:62:06:70,-61,-64,37584,1476519333
AC:CF:85:28:94:E2,-64,-72,31716,1476519333
54:60:09:2B:81:08,-67,-77,4480,1476519333
54:60:09:F4:21:4A,-71,-71,1520,1476519333
A4:77:33:F8:A2:00,-41,-57,2639,1476519333
E6:71:85:62:06:38,-57,-61,37400,1476519393
E6:71:85:62:06:70,-63,-67,37644,1476519393
AC:CF:85:28:94:E2,-63,-71,31776,1476519393
54:60:09:2B:81:08,-67,-77,4540,1476519393
54:60:09:F4:21:4A,-71,-71,1580,1476519393
A4:77:33:F8:A2:00,-41,-57,2699,1476519393
E6:71:85:62:06:38,-57,-61,37460,1476519453
E6:71:85:62:06:70,-63,-67,37704,1476519453
AC:CF:85:28:94:E2,-64,-72,31836,1476519453
54:60:09:2B:81:08,-68,-76,4600,1476519453
54:60:09:F4:21:4A,-70,-69,1640,1476519453
A4:77:33:F8:A2:00,-41,-57,2759,1476519453
E6:71:85:62:06:38,-56,-60,37520,1476519513
E6:71:85:62:06:70,-60,-64,37764,1476519513
AC:CF:85:28:94:E2,-63,-71,31896,1476519513
54:60:09:2B:81:08,-66,-76,4660,1476519513
54:60:09:F4:21:4A,-78,-80,1700,1476519513
A4:77:33:F8:A2:00,-41,-57,2819,1476519513
E6:71:85:62:06:38,-57,-61,37580,1476519573
E6:71:85:62:06:70,-64,-68,37824,1476519573
AC:CF:85:28:94:E2,-62,-71,31956,1476519573
54:60:09:2B:81:08,-65,-75,4720,1476519573
54:60:09:F4:21:4A,-75,-76,1760,1476519573
A4:77:33:F8:A2:00,-41,-57,2879,1476519573
E6:71:85:62:06:38,-60,-64,37674,1476519667
E6:71:85:62:06:70,-62,-67,37918,1476519667
AC:CF:85:28:94:E2,-63,-72,32050,1476519667
54:60:09:2B:81:08,-67,-77,4814,1476519667
54:60:09:F4:21:4A,-74,-75,1854,1476519667
A4:77:33:F8:A2:00,-41,-57,2973,1476519667
E6:71:85:62:06:38,-60,-64,37734,1476519727
E6:71:85:62:06:70,-63,-67,37978,1476519727
AC:CF:85:28:94:E2,-63,-72,32110,1476519727
54:60:09:2B:81:08,-68,-77,4874,1476519727
54:60:09:F4:21:4A,-72,-73,1914,1476519727
A4:77:33:F8:A2:00,-39,-55,3033,1476519727
E6:71:85:62:06:38,-57,-61,37794,1476519787
E6:71:85:62:06:70,-63,-67,38038,1476519787
AC:CF:85:28:94:E2,-63,-71,32170,1476519787
54:60:09:2B:81:08,-66,-75,4934,1476519787
54:60:09:F4:21:4A,-72,-73,1974,1476519787
A4:77:33:F8:A2:00,-42,-57,3093,1476519787
E6:71:85:62:06:38,-57,-60,37854,1476519847
E6:71:85:62:06:70,-62,-66,38098,1476519847
AC:CF:85:28:94:E2,-63,-71,32230,1476519847
54:60:09:2B:81:08,-66,-76,4994,1476519847
54:60:09:F4:21:4A,-73,-74,2034,1476519847
A4:77:33:F8:A2:00,-42,-57,3153,1476519847
E6:71:85:62:06:38,-60,-64,37914,1476519907
E6:71:85:62:06:70,-63,-67,38158,1476519907
AC:CF:85:28:94:E2,-63,-71,32290,1476519907
54:60:09:2B:81:08,-67,-76,5054,1476519907
54:60:09:F4:21:4A,-79,-80,2094,1476519907
A4:77:33:F8:A2:00,-41,-57,3213,1476519907
E6:71:85:62:06:38,-60,-64,37977,1476519970
E6:71:85:62:06:70,-63,-66,38221,1476519970
AC:CF:85:28:94:E2,-62,-71,32353,1476519970
54:60:09:2B:81:08,-67,-77,5117,1476519970
54:60:09:F4:21:4A,-79,-81,2157,1476519970
A4:77:33:F8:A2:00,-41,-57,3276,1476519970
E6:71:85:62:06:38,-60,-64,38037,1476520030
E6:71:85:62:06:70,-63,-67,38281,1476520030
AC:CF:85:28:94:E2,-63,-71,32413,1476520030
54:60:09:2B:81:08,-67,-77,5177,1476520030
54:60:09:F4:21:4A,-70,-69,2217,1476520030
A4:77:33:F8:A2:00,-41,-57,3336,1476520030
E6:71:85:62:06:38,-57,-61,38097,1476520090
E6:71:85:62:06:70,-61,-65,38341,1476520090
AC:CF:85:28:94:E2,-64,-72,32473,1476520090
54:60:09:2B:81:08,-68,-77,5237,1476520090
54:60:09:F4:21:4A,-71,-70,2277,1476520090
A4:77:33:F8:A2:00,-41,-56,3396,1476520090
E6:71:85:62:06:38,-60,-64,38157,1476520150
E6:71:85:62:06:70,-63,-67,38401,1476520150
AC:CF:85:28:94:E2,-63,-71,32533,1476520150
54:60:09:2B:81:08,-65,-75,5297,1476520150
54:60:09:F4:21:4A,-71,-71,2337,1476520150
A4:77:33:F8:A2:00,-41,-57,3456,1476520150
E6:71:85:62:06:38,-59,-64,38217,1476520210
E6:71:85:62:06:70,-61,-65,38461,1476520210
AC:CF:85:28:94:E2,-63,-71,32593,1476520210
54:60:09:2B:81:08,-67,-77,5357,1476520210
54:60:09:F4:21:4A,-72,-72,2397,1476520210
A4:77:33:F8:A2:00,-41,-57,3516,1476520210
E6:71:85:62:06:38,-59,-63,38277,1476520270
E6:71:85:62:06:70,-64,-68,38521,1476520270
AC:CF:85:28:94:E2,-63,-72,32653,1476520270
54:60:09:2B:81:08,-65,-75,5417,1476520270
54:60:09:F4:21:4A,-71,-71,2457,1476520270
A4:77:33:F8:A2:00,-41,-57,3576,1476520270
E6:71:85:62:06:38,-60,-64,38337,1476520330
E6:71:85:62:06:70,-62,-67,38581,1476520330
AC:CF:85:28:94:E2,-62,-70,32713,1476520330
54:60:09:2B:81:08,-66,-76,5477,1476520330
54:60:09:F4:21:4A,-74,-75,2517,1476520330
A4:77:33:F8:A2:00,-41,-57,3636,1476520330
E6:71:85:62:06:38,-59,-63,38397,1476520390
E6:71:85:62:06:70,-60,-64,38641,1476520390
AC:CF:85:28:94:E2,-62,-70,32773,1476520390
54:60:09:2B:81:08,-67,-77,5537,1476520390
54:60:09:F4:21:4A,-74,-75,2577,1476520390
A4:77:33:F8:A2:00,-41,-57,3696,1476520390
E6:71:85:62:06:38,-60,-64,38457,1476520450
E6:71:85:62:06:70,-63,-67,38701,1476520450
AC:CF:85:28:94:E2,-61,-70,32833,1476520450
54:60:09:2B:81:08,-72,-77,5597,1476520450
54:60:09:F4:21:4A,-77,-78,2637,1476520450
A4:77:33:F8:A2:00,-41,-57,3756,1476520450
