Client_MAC,Rssi0,Rssi1,Connection_Time,EpocTime
E6:71:85:62:06:38,-59,-63,23384,1476505377
E6:71:85:62:06:70,-63,-67,23628,1476505377
AC:CF:85:28:94:E2,-64,-72,17760,1476505377
54:60:09:2B:81:08,-68,-76,28077,1476505377
54:60:09:F4:21:4A,-79,-81,28076,1476505377
A4:77:33:F8:A2:00,-41,-57,28073,1476505377
E6:71:85:62:06:38,-59,-63,23444,1476505437
E6:71:85:62:06:70,-62,-66,23688,1476505437
AC:CF:85:28:94:E2,-63,-71,17820,1476505437
54:60:09:2B:81:08,-68,-76,28137,1476505437
54:60:09:F4:21:4A,-77,-78,28136,1476505437
A4:77:33:F8:A2:00,-41,-57,28133,1476505437
E6:71:85:62:06:38,-59,-63,23504,1476505497
E6:71:85:62:06:70,-62,-66,23748,1476505497
AC:CF:85:28:94:E2,-63,-71,17880,1476505497
54:60:09:2B:81:08,-67,-76,28197,1476505497
54:60:09:F4:21:4A,-74,-75,28196,1476505497
A4:77:33:F8:A2:00,-33,-51,28193,1476505497
E6:71:85:62:06:38,-62,-65,23564,1476505557
E6:71:85:62:06:70,-62,-66,23808,1476505557
AC:CF:85:28:94:E2,-63,-72,17940,1476505557
54:60:09:2B:81:08,-69,-77,28257,1476505557
54:60:09:F4:21:4A,-74,-75,28256,1476505557
A4:77:33:F8:A2:00,-40,-57,28253,1476505557
E6:71:85:62:06:38,-59,-63,23624,1476505617
E6:71:85:62:06:70,-62,-65,23868,1476505617
AC:CF:85:28:94:E2,-62,-71,18000,1476505617
54:60:09:2B:81:08,-68,-77,28317,1476505617
54:60:09:F4:21:4A,-79,-81,28316,1476505617
A4:77:33:F8:A2:00,-40,-57,28313,1476505617
E6:71:85:62:06:38,-58,-62,23718,1476505711
E6:71:85:62:06:70,-62,-66,23962,1476505711
AC:CF:85:28:94:E2,-63,-72,18094,1476505711
54:60:09:2B:81:08,-67,-77,28411,1476505711
54:60:09:F4:21:4A,-75,-75,28410,1476505711
A4:77:33:F8:A2:00,-40,-57,28407,1476505711
E6:71:85:62:06:38,-60,-64,23778,1476505771
E6:71:85:62:06:70,-62,-65,24022,1476505771
AC:CF:85:28:94:E2,-63,-71,18154,1476505771
54:60:09:2B:81:08,-66,-77,28471,1476505771
54:60:09:F4:21:4A,-72,-72,28470,1476505771
A4:77:33:F8:A2:00,-40,-57,28467,1476505771
E6:71:85:62:06:38,-58,-61,23838,1476505831
E6:71:85:62:06:70,-62,-66,24082,1476505831
AC:CF:85:28:94:E2,-62,-71,18214,1476505831
54:60:09:2B:81:08,-66,-77,28531,1476505831
54:60:09:F4:21:4A,-72,-72,28530,1476505831
A4:77:33:F8:A2:00,-41,-57,28527,1476505831
E6:71:85:62:06:38,-60,-64,23898,1476505891
E6:71:85:62:06:70,-62,-66,24142,1476505891
AC:CF:85:28:94:E2,-62,-71,18274,1476505891
54:60:09:2B:81:08,-67,-77,28591,1476505891
54:60:09:F4:21:4A,-71,-71,28590,1476505891
A4:77:33:F8:A2:00,-40,-56,28587,1476505891
E6:71:85:62:06:38,-61,-64,23965,1476505958
E6:71:85:62:06:70,-62,-66,24209,1476505958
AC:CF:85:28:94:E2,-64,-73,18341,1476505958
54:60:09:2B:81:08,-64,-74,28658,1476505958
54:60:09:F4:21:4A,-71,-71,28657,1476505958
A4:77:33:F8:A2:00,-40,-57,28654,1476505958
E6:71:85:62:06:38,-60,-64,24025,1476506018
E6:71:85:62:06:70,-60,-63,24269,1476506018
AC:CF:85:28:94:E2,-66,-73,18401,1476506018
54:60:09:2B:81:08,-66,-77,28718,1476506018
54:60:09:F4:21:4A,-70,-69,28717,1476506018
A4:77:33:F8:A2:00,-41,-57,28714,1476506018
E6:71:85:62:06:38,-60,-64,24085,1476506078
E6:71:85:62:06:70,-63,-67,24329,1476506078
AC:CF:85:28:94:E2,-66,-73,18461,1476506078
54:60:09:2B:81:08,-68,-77,28778,1476506078
54:60:09:F4:21:4A,-71,-70,28777,1476506078
A4:77:33:F8:A2:00,-41,-57,28774,1476506078
E6:71:85:62:06:38,-60,-64,24145,1476506138
E6:71:85:62:06:70,-60,-64,24389,1476506138
AC:CF:85:28:94:E2,-64,-72,18521,1476506138
54:60:09:2B:81:08,-71,-77,28838,1476506138
54:60:09:F4:21:4A,-71,-71,28837,1476506138
A4:77:33:F8:A2:00,-41,-57,28834,1476506138
E6:71:85:62:06:38,-60,-64,24205,1476506198
E6:71:85:62:06:70,-60,-63,24449,1476506198
AC:CF:85:28:94:E2,-63,-72,18581,1476506198
54:60:09:2B:81:08,-72,-77,28898,1476506198
54:60:09:F4:21:4A,-71,-70,28897,1476506198
A4:77:33:F8:A2:00,-41,-57,28894,1476506198
E6:71:85:62:06:38,-56,-60,24297,1476506290
E6:71:85:62:06:70,-60,-64,24541,1476506290
AC:CF:85:28:94:E2,-62,-72,18673,1476506290
54:60:09:2B:81:08,-67,-77,28990,1476506290
54:60:09:F4:21:4A,-78,-80,28989,1476506290
A4:77:33:F8:A2:00,-41,-57,28986,1476506290
E6:71:85:62:06:38,-60,-64,24357,1476506350
E6:71:85:62:06:70,-62,-66,24601,1476506350
AC:CF:85:28:94:E2,-62,-71,18733,1476506350
54:60:09:2B:81:08,-67,-76,29050,1476506350
54:60:09:F4:21:4A,-69,-68,29049,1476506350
A4:77:33:F8:A2:00,-41,-57,29046,1476506350
E6:71:85:62:06:38,-60,-64,24417,1476506410
E6:71:85:62:06:70,-62,-66,24661,1476506410
AC:CF:85:28:94:E2,-63,-72,18793,1476506410
54:60:09:2B:81:08,-67,-76,29110,1476506410
54:60:09:F4:21:4A,-71,-71,29109,1476506410
A4:77:33:F8:A2:00,-41,-57,29106,1476506410
E6:71:85:62:06:38,-60,-64,24477,1476506470
E6:71:85:62:06:70,-64,-68,24721,1476506470
AC:CF:85:28:94:E2,-63,-72,18853,1476506470
54:60:09:2B:81:08,-68,-77,29170,1476506470
54:60:09:F4:21:4A,-74,-74,29169,1476506470
A4:77:33:F8:A2:00,-41,-57,29166,1476506470
E6:71:85:62:06:38,-60,-64,24537,1476506530
E6:71:85:62:06:70,-61,-64,24781,1476506530
AC:CF:85:28:94:E2,-64,-72,18913,1476506530
54:60:09:2B:81:08,-67,-77,29230,1476506530
54:60:09:F4:21:4A,-77,-78,29229,1476506530
A4:77:33:F8:A2:00,-41,-57,29226,1476506530
E6:71:85:62:06:38,-60,-64,24600,1476506593
E6:71:85:62:06:70,-60,-64,24844,1476506593
AC:CF:85:28:94:E2,-64,-72,18976,1476506593
54:60:09:2B:81:08,-69,-77,29293,1476506593
54:60:09:F4:21:4A,-79,-81,29292,1476506593
A4:77:33:F8:A2:00,-41,-57,29289,1476506593
E6:71:85:62:06:38,-60,-64,24660,1476506653
E6:71:85:62:06:70,-63,-67,24904,1476506653
AC:CF:85:28:94:E2,-63,-72,19036,1476506653
54:60:09:2B:81:08,-64,-74,29353,1476506653
54:60:09:F4:21:4A,-71,-71,29352,1476506653
A4:77:33:F8:A2:00,-41,-57,29349,1476506653
E6:71:85:62:06:38,-60,-64,24720,1476506713
E6:71:85:62:06:70,-63,-67,24964,1476506713
AC:CF:85:28:94:E2,-64,-73,19096,1476506713
54:60:09:2B:81:08,-67,-75,29413,1476506713
54:60:09:F4:21:4A,-71,-71,29412,1476506713
A4:77:33:F8:A2:00,-41,-57,29409,1476506713
E6:71:85:62:06:38,-57,-61,24780,1476506773
E6:71:85:62:06:70,-63,-67,25024,1476506773
AC:CF:85:28:94:E2,-63,-72,19156,1476506773
54:60:09:2B:81:08,-66,-76,29473,1476506773
54:60:09:F4:21:4A,-71,-71,29472,1476506773
A4:77:33:F8:A2:00,-41,-57,29469,1476506773
E6:71:85:62:06:38,-59,-62,24840,1476506833
E6:71:85:62:06:70,-63,-67,25084,1476506833
AC:CF:85:28:94:E2,-63,-72,19216,1476506833
54:60:09:2B:81:08,-67,-77,29533,1476506833
54:60:09:F4:21:4A,-68,-68,29532,1476506833
A4:77:33:F8:A2:00,-41,-57,29529,1476506833
E6:71:85:62:06:38,-60,-64,24903,1476506896
E6:71:85:62:06:70,-62,-67,25147,1476506896
AC:CF:85:28:94:E2,-61,-70,19279,1476506896
54:60:09:2B:81:08,-65,-75,29596,1476506896
54:60:09:F4:21:4A,-69,-69,29595,1476506896
A4:77:33:F8:A2:00,-41,-57,29592,1476506896
E6:71:85:62:06:38,-60,-64,24963,1476506956
E6:71:85:62:06:70,-63,-67,25207,1476506956
AC:CF:85:28:94:E2,-63,-72,19339,1476506956
54:60:09:2B:81:08,-68,-76,29656,1476506956
54:60:09:F4:21:4A,-71,-71,29655,1476506956
A4:77:33:F8:A2:00,-40,-57,29652,1476506956
E6:71:85:62:06:38,-60,-64,25023,1476507016
E6:71:85:62:06:70,-64,-68,25267,1476507016
AC:CF:85:28:94:E2,-63,-73,19399,1476507016
54:60:09:2B:81:08,-67,-77,29716,1476507016
54:60:09:F4:21:4A,-70,-70,29715,1476507016
A4:77:33:F8:A2:00,-41,-57,29712,1476507016
E6:71:85:62:06:38,-60,-64,25083,1476507076
E6:71:85:62:06:70,-61,-65,25327,1476507076
AC:CF:85:28:94:E2,-63,-72,19459,1476507076
54:60:09:2B:81:08,-72,-77,29776,1476507076
54:60:09:F4:21:4A,-70,-69,29775,1476507076
A4:77:33:F8:A2:00,-41,-57,29772,1476507076
E6:71:85:62:06:38,-60,-64,25143,1476507136
E6:71:85:62:06:70,-63,-67,25387,1476507136
AC:CF:85:28:94:E2,-61,-70,19519,1476507136
54:60:09:2B:81:08,-67,-77,29836,1476507136
54:60:09:F4:21:4A,-70,-70,29835,1476507136
A4:77:33:F8:A2:00,-41,-57,29832,1476507136
E6:71:85:62:06:38,-60,-64,25206,1476507199
E6:71:85:62:06:70,-63,-67,25450,1476507199
AC:CF:85:28:94:E2,-61,-70,19582,1476507199
54:60:09:2B:81:08,-72,-77,29899,1476507199
54:60:09:F4:21:4A,-70,-69,29898,1476507199
A4:77:33:F8:A2:00,-41,-57,29895,1476507199
E6:71:85:62:06:38,-57,-60,25266,1476507259
E6:71:85:62:06:70,-63,-67,25510,1476507259
AC:CF:85:28:94:E2,-63,-72,19642,1476507259
54:60:09:2B:81:08,-67,-77,29959,1476507259
54:60:09:F4:21:4A,-78,-79,29958,1476507259
A4:77:33:F8:A2:00,-41,-57,29955,1476507259
E6:71:85:62:06:38,-60,-64,25326,1476507319
E6:71:85:62:06:70,-64,-68,25570,1476507319
AC:CF:85:28:94:E2,-63,-72,19702,1476507319
54:60:09:2B:81:08,-72,-77,30019,1476507319
54:60:09:F4:21:4A,-75,-76,30018,1476507319
A4:77:33:F8:A2:00,-41,-57,30015,1476507319
E6:71:85:62:06:38,-60,-64,25386,1476507379
E6:71:85:62:06:70,-63,-67,25630,1476507379
AC:CF:85:28:94:E2,-63,-72,19762,1476507379
54:60:09:2B:81:08,-67,-77,30079,1476507379
54:60:09:F4:21:4A,-76,-77,30078,1476507379
A4:77:33:F8:A2:00,-41,-57,30075,1476507379
E6:71:85:62:06:38,-60,-64,25446,1476507439
E6:71:85:62:06:70,-63,-67,25690,1476507439
AC:CF:85:28:94:E2,-64,-72,19822,1476507439
54:60:09:2B:81:08,-69,-77,30139,1476507439
54:60:09:F4:21:4A,-79,-81,30138,1476507439
A4:77:33:F8:A2:00,-41,-57,30135,1476507439
E6:71:85:62:06:38,-60,-64,25509,1476507502
E6:71:85:62:06:70,-64,-68,25753,1476507502
AC:CF:85:28:94:E2,-63,-72,19885,1476507502
54:60:09:2B:81:08,-67,-77,30202,1476507502
54:60:09:F4:21:4A,-79,-80,30201,1476507502
A4:77:33:F8:A2:00,-41,-57,30198,1476507502
E6:71:85:62:06:38,-60,-64,25569,1476507562
E6:71:85:62:06:70,-61,-65,25813,1476507562
AC:CF:85:28:94:E2,-64,-72,19945,1476507562
54:60:09:2B:81:08,-68,-77,30262,1476507562
54:60:09:F4:21:4A,-78,-80,30261,1476507562
A4:77:33:F8:A2:00,-41,-57,30258,1476507562
E6:71:85:62:06:38,-60,-64,25629,1476507622
E6:71:85:62:06:70,-63,-67,25873,1476507622
AC:CF:85:28:94:E2,-62,-71,20005,1476507622
54:60:09:2B:81:08,-65,-75,30322,1476507622
54:60:09:F4:21:4A,-75,-75,30321,1476507622
A4:77:33:F8:A2:00,-41,-57,30318,1476507622
E6:71:85:62:06:38,-60,-64,25689,1476507682
E6:71:85:62:06:70,-63,-67,25933,1476507682
AC:CF:85:28:94:E2,-63,-72,20065,1476507682
54:60:09:2B:81:08,-65,-76,30382,1476507682
54:60:09:F4:21:4A,-79,-80,30381,1476507682
A4:77:33:F8:A2:00,-41,-57,30378,1476507682
E6:71:85:62:06:38,-60,-64,25749,1476507742
E6:71:85:62:06:70,-62,-66,25993,1476507742
AC:CF:85:28:94:E2,-63,-73,20125,1476507742
54:60:09:2B:81:08,-65,-76,30442,1476507742
54:60:09:F4:21:4A,-74,-75,30441,1476507742
A4:77:33:F8:A2:00,-40,-57,30438,1476507742
E6:71:85:62:06:38,-60,-64,25809,1476507802
E6:71:85:62:06:70,-62,-66,26053,1476507802
AC:CF:85:28:94:E2,-61,-71,20185,1476507802
54:60:09:2B:81:08,-69,-77,30502,1476507802
54:60:09:F4:21:4A,-78,-80,30501,1476507802
A4:77:33:F8:A2:00,-41,-57,30498,1476507802
E6:71:85:62:06:38,-60,-64,25869,1476507862
E6:71:85:62:06:70,-64,-68,26113,1476507862
AC:CF:85:28:94:E2,-64,-72,20245,1476507862
54:60:09:2B:81:08,-66,-76,30562,1476507862
54:60:09:F4:21:4A,-76,-77,30561,1476507862
A4:77:33:F8:A2:00,-41,-57,30558,1476507862
E6:71:85:62:06:38,-60,-64,25929,1476507922
E6:71:85:62:06:70,-63,-68,26173,1476507922
AC:CF:85:28:94:E2,-63,-72,20305,1476507922
54:60:09:2B:81:08,-66,-75,30622,1476507922
54:60:09:F4:21:4A,-72,-72,30621,1476507922
A4:77:33:F8:A2:00,-41,-57,30618,1476507922
E6:71:85:62:06:38,-58,-63,25989,1476507982
E6:71:85:62:06:70,-63,-67,26233,1476507982
AC:CF:85:28:94:E2,-64,-72,20365,1476507982
54:60:09:2B:81:08,-67,-76,30682,1476507982
54:60:09:F4:21:4A,-73,-74,30681,1476507982
A4:77:33:F8:A2:00,-40,-57,30678,1476507982
