Client_MAC,Rssi0,Rssi1,Connection_Time,EpocTime
E6:71:85:62:06:38,-61,-66,80468,1476562461
E6:71:85:62:06:70,-62,-66,80712,1476562461
A4:77:33:F8:A1:B8,-68,-76,943,1476562461
54:60:09:2B:81:08,-69,-77,47608,1476562461
54:60:09:F4:21:4A,-77,-71,44648,1476562461
A4:77:33:F8:A2:00,-40,-57,45767,1476562461
E6:71:85:62:06:38,-61,-65,80528,1476562521
E6:71:85:62:06:70,-62,-67,80772,1476562521
A4:77:33:F8:A1:B8,-69,-76,1003,1476562521
54:60:09:2B:81:08,-67,-74,47668,1476562521
54:60:09:F4:21:4A,-76,-71,44708,1476562521
A4:77:33:F8:A2:00,-41,-57,45827,1476562521
E6:71:85:62:06:38,-63,-67,80588,1476562581
E6:71:85:62:06:70,-61,-66,80832,1476562581
A4:77:33:F8:A1:B8,-68,-76,1063,1476562581
54:60:09:2B:81:08,-69,-77,47728,1476562581
54:60:09:F4:21:4A,-78,-80,44768,1476562581
A4:77:33:F8:A2:00,-41,-57,45887,1476562581
E6:71:85:62:06:38,-61,-66,80648,1476562641
E6:71:85:62:06:70,-64,-66,80892,1476562641
A4:77:33:F8:A1:B8,-68,-76,1123,1476562641
54:60:09:2B:81:08,-66,-71,47788,1476562641
54:60:09:F4:21:4A,-73,-75,44828,1476562641
A4:77:33:F8:A2:00,-41,-57,45947,1476562641
E6:71:85:62:06:38,-63,-68,80708,1476562701
E6:71:85:62:06:70,-60,-64,80952,1476562701
A4:77:33:F8:A1:B8,-68,-76,1183,1476562701
54:60:09:2B:81:08,-69,-77,47848,1476562701
54:60:09:F4:21:4A,-77,-79,44888,1476562701
A4:77:33:F8:A2:00,-41,-57,46007,1476562701
E6:71:85:62:06:38,-63,-68,80771,1476562764
E6:71:85:62:06:70,-59,-65,81015,1476562764
A4:77:33:F8:A1:B8,-68,-76,1246,1476562764
54:60:09:2B:81:08,-68,-77,47911,1476562764
54:60:09:F4:21:4A,-77,-79,44951,1476562764
A4:77:33:F8:A2:00,-40,-57,46070,1476562764
E6:71:85:62:06:38,-63,-68,80831,1476562824
E6:71:85:62:06:70,-61,-67,81075,1476562824
A4:77:33:F8:A1:B8,-67,-75,1306,1476562824
54:60:09:2B:81:08,-69,-77,47971,1476562824
54:60:09:F4:21:4A,-78,-79,45011,1476562824
A4:77:33:F8:A2:00,-41,-57,46130,1476562824
E6:71:85:62:06:38,-60,-64,80891,1476562884
E6:71:85:62:06:70,-61,-69,81135,1476562884
A4:77:33:F8:A1:B8,-66,-74,1366,1476562884
54:60:09:2B:81:08,-69,-76,48031,1476562884
54:60:09:F4:21:4A,-78,-79,45071,1476562884
A4:77:33:F8:A2:00,-41,-57,46190,1476562884
E6:71:85:62:06:38,-63,-67,80951,1476562944
E6:71:85:62:06:70,-61,-68,81195,1476562944
A4:77:33:F8:A1:B8,-68,-76,1426,1476562944
54:60:09:2B:81:08,-69,-77,48091,1476562944
54:60:09:F4:21:4A,-77,-79,45131,1476562944
A4:77:33:F8:A2:00,-40,-57,46250,1476562944
E6:71:85:62:06:38,-62,-66,81011,1476563004
E6:71:85:62:06:70,-61,-69,81255,1476563004
A4:77:33:F8:A1:B8,-68,-76,1486,1476563004
54:60:09:2B:81:08,-68,-75,48151,1476563004
54:60:09:F4:21:4A,-77,-77,45191,1476563004
A4:77:33:F8:A2:00,-40,-57,46310,1476563004
E6:71:85:62:06:38,-63,-68,81071,1476563064
E6:71:85:62:06:70,-61,-70,81315,1476563064
A4:77:33:F8:A1:B8,-67,-75,1546,1476563064
54:60:09:2B:81:08,-68,-75,48211,1476563064
54:60:09:F4:21:4A,-77,-78,45251,1476563064
A4:77:33:F8:A2:00,-41,-57,46370,1476563064
E6:71:85:62:06:38,-63,-67,81131,1476563124
E6:71:85:62:06:70,-59,-67,81375,1476563124
A4:77:33:F8:A1:B8,-64,-72,1606,1476563124
54:60:09:2B:81:08,-66,-74,48271,1476563124
54:60:09:F4:21:4A,-77,-77,45311,1476563124
A4:77:33:F8:A2:00,-41,-57,46430,1476563124
E6:71:85:62:06:38,-60,-65,81191,1476563184
E6:71:85:62:06:70,-61,-67,81435,1476563184
A4:77:33:F8:A1:B8,-64,-72,1666,1476563184
54:60:09:2B:81:08,-68,-75,48331,1476563184
54:60:09:F4:21:4A,-78,-79,45371,1476563184
A4:77:33:F8:A2:00,-41,-57,46490,1476563184
E6:71:85:62:06:38,-63,-68,81251,1476563244
E6:71:85:62:06:70,-61,-68,81495,1476563244
A4:77:33:F8:A1:B8,-65,-74,1726,1476563244
54:60:09:2B:81:08,-67,-75,48391,1476563244
54:60:09:F4:21:4A,-77,-75,45431,1476563244
A4:77:33:F8:A2:00,-41,-57,46550,1476563244
E6:71:85:62:06:38,-61,-65,81315,1476563307
E6:71:85:62:06:70,-62,-68,81559,1476563307
A4:77:33:F8:A1:B8,-61,-70,1790,1476563307
54:60:09:2B:81:08,-68,-75,48455,1476563307
54:60:09:F4:21:4A,-76,-74,45495,1476563307
A4:77:33:F8:A2:00,-41,-57,46614,1476563307
E6:71:85:62:06:38,-63,-67,81375,1476563367
E6:71:85:62:06:70,-58,-67,81619,1476563367
A4:77:33:F8:A1:B8,-65,-73,1850,1476563367
54:60:09:2B:81:08,-69,-77,48515,1476563367
54:60:09:F4:21:4A,-78,-79,45555,1476563367
A4:77:33:F8:A2:00,-41,-57,46674,1476563367
E6:71:85:62:06:38,-63,-68,81435,1476563427
E6:71:85:62:06:70,-60,-69,81679,1476563427
A4:77:33:F8:A1:B8,-62,-70,1910,1476563427
54:60:09:2B:81:08,-69,-77,48575,1476563427
54:60:09:F4:21:4A,-78,-79,45615,1476563427
A4:77:33:F8:A2:00,-41,-57,46734,1476563427
E6:71:85:62:06:38,-63,-68,81495,1476563487
E6:71:85:62:06:70,-61,-69,81739,1476563487
A4:77:33:F8:A1:B8,-62,-72,1970,1476563487
54:60:09:2B:81:08,-69,-78,48635,1476563487
54:60:09:F4:21:4A,-78,-80,45675,1476563487
A4:77:33:F8:A2:00,-41,-57,46794,1476563487
E6:71:85:62:06:38,-60,-65,81555,1476563547
E6:71:85:62:06:70,-59,-67,81799,1476563547
A4:77:33:F8:A1:B8,-62,-72,2030,1476563547
54:60:09:2B:81:08,-67,-75,48695,1476563547
54:60:09:F4:21:4A,-78,-79,45735,1476563547
A4:77:33:F8:A2:00,-41,-57,46854,1476563547
E6:71:85:62:06:38,-60,-65,81618,1476563610
E6:71:85:62:06:70,-60,-67,81862,1476563610
A4:77:33:F8:A1:B8,-62,-72,2093,1476563610
54:60:09:2B:81:08,-65,-72,48758,1476563610
54:60:09:F4:21:4A,-78,-78,45798,1476563610
A4:77:33:F8:A2:00,-41,-57,46917,1476563610
E6:71:85:62:06:38,-62,-68,81678,1476563670
E6:71:85:62:06:70,-59,-65,81922,1476563670
A4:77:33:F8:A1:B8,-68,-75,2153,1476563670
54:60:09:2B:81:08,-68,-75,48818,1476563670
54:60:09:F4:21:4A,-78,-80,45858,1476563670
A4:77:33:F8:A2:00,-40,-57,46977,1476563670
E6:71:85:62:06:38,-60,-65,81738,1476563730
E6:71:85:62:06:70,-64,-69,81982,1476563730
A4:77:33:F8:A1:B8,-67,-75,2213,1476563730
54:60:09:2B:81:08,-68,-75,48878,1476563730
54:60:09:F4:21:4A,-75,-71,45918,1476563730
A4:77:33:F8:A2:00,-41,-57,47037,1476563730
E6:71:85:62:06:38,-61,-66,81798,1476563790
E6:71:85:62:06:70,-60,-66,82042,1476563790
A4:77:33:F8:A1:B8,-66,-74,2273,1476563790
54:60:09:2B:81:08,-67,-74,48938,1476563790
54:60:09:F4:21:4A,-75,-69,45978,1476563790
A4:77:33:F8:A2:00,-40,-57,47097,1476563790
E6:71:85:62:06:38,-63,-68,81858,1476563850
E6:71:85:62:06:70,-64,-69,82102,1476563850
A4:77:33:F8:A1:B8,-66,-74,2333,1476563850
54:60:09:2B:81:08,-68,-75,48998,1476563850
54:60:09:F4:21:4A,-75,-70,46038,1476563850
A4:77:33:F8:A2:00,-40,-57,47157,1476563850
E6:71:85:62:06:38,-63,-68,81921,1476563914
E6:71:85:62:06:70,-64,-68,82165,1476563914
A4:77:33:F8:A1:B8,-68,-76,2396,1476563914
54:60:09:2B:81:08,-67,-76,49061,1476563914
54:60:09:F4:21:4A,-76,-72,46101,1476563914
A4:77:33:F8:A2:00,-41,-57,47220,1476563914
E6:71:85:62:06:38,-62,-67,81981,1476563974
E6:71:85:62:06:70,-65,-67,82225,1476563974
A4:77:33:F8:A1:B8,-66,-74,2456,1476563974
54:60:09:2B:81:08,-68,-77,49121,1476563974
54:60:09:F4:21:4A,-76,-72,46161,1476563974
A4:77:33:F8:A2:00,-41,-57,47280,1476563974
E6:71:85:62:06:38,-61,-66,82041,1476564034
E6:71:85:62:06:70,-64,-70,82285,1476564034
A4:77:33:F8:A1:B8,-66,-75,2516,1476564034
54:60:09:2B:81:08,-68,-78,49181,1476564034
54:60:09:F4:21:4A,-75,-69,46221,1476564034
A4:77:33:F8:A2:00,-41,-57,47340,1476564034
E6:71:85:62:06:38,-62,-67,82101,1476564094
E6:71:85:62:06:70,-64,-70,82345,1476564094
A4:77:33:F8:A1:B8,-62,-71,2576,1476564094
54:60:09:2B:81:08,-67,-76,49241,1476564094
54:60:09:F4:21:4A,-75,-69,46281,1476564094
A4:77:33:F8:A2:00,-41,-57,47400,1476564094
E6:71:85:62:06:38,-62,-67,82161,1476564154
E6:71:85:62:06:70,-63,-70,82405,1476564154
A4:77:33:F8:A1:B8,-64,-72,2636,1476564154
54:60:09:2B:81:08,-68,-76,49301,1476564154
54:60:09:F4:21:4A,-78,-78,46341,1476564154
A4:77:33:F8:A2:00,-41,-57,47460,1476564154
E6:71:85:62:06:38,-60,-64,82224,1476564217
E6:71:85:62:06:70,-63,-70,82468,1476564217
A4:77:33:F8:A1:B8,-67,-75,2699,1476564217
54:60:09:2B:81:08,-67,-70,49364,1476564217
54:60:09:F4:21:4A,-76,-76,46404,1476564217
A4:77:33:F8:A2:00,-41,-57,47523,1476564217
E6:71:85:62:06:38,-64,-68,82284,1476564277
E6:71:85:62:06:70,-62,-69,82528,1476564277
A4:77:33:F8:A1:B8,-62,-70,2759,1476564277
54:60:09:2B:81:08,-69,-73,49424,1476564277
54:60:09:F4:21:4A,-76,-73,46464,1476564277
A4:77:33:F8:A2:00,-41,-57,47583,1476564277
E6:71:85:62:06:38,-64,-68,82344,1476564337
E6:71:85:62:06:70,-62,-68,82588,1476564337
A4:77:33:F8:A1:B8,-63,-71,2819,1476564337
54:60:09:2B:81:08,-66,-70,49484,1476564337
54:60:09:F4:21:4A,-74,-75,46524,1476564337
A4:77:33:F8:A2:00,-41,-57,47643,1476564337
E6:71:85:62:06:38,-62,-67,82404,1476564397
E6:71:85:62:06:70,-64,-70,82648,1476564397
A4:77:33:F8:A1:B8,-60,-68,2879,1476564397
54:60:09:2B:81:08,-69,-73,49544,1476564397
54:60:09:F4:21:4A,-77,-78,46584,1476564397
A4:77:33:F8:A2:00,-41,-57,47703,1476564397
E6:71:85:62:06:38,-62,-67,82464,1476564457
E6:71:85:62:06:70,-64,-69,82708,1476564457
A4:77:33:F8:A1:B8,-61,-69,2939,1476564457
54:60:09:2B:81:08,-65,-69,49604,1476564457
54:60:09:F4:21:4A,-76,-73,46644,1476564457
A4:77:33:F8:A2:00,-41,-57,47763,1476564457
E6:71:85:62:06:38,-63,-67,82527,1476564520
E6:71:85:62:06:70,-64,-70,82771,1476564520
A4:77:33:F8:A1:B8,-61,-70,3002,1476564520
54:60:09:2B:81:08,-70,-73,49667,1476564520
54:60:09:F4:21:4A,-76,-75,46707,1476564520
A4:77:33:F8:A2:00,-40,-56,47826,1476564520
E6:71:85:62:06:38,-61,-65,82587,1476564580
E6:71:85:62:06:70,-62,-68,82831,1476564580
A4:77:33:F8:A1:B8,-62,-69,3062,1476564580
54:60:09:2B:81:08,-64,-66,49727,1476564580
54:60:09:F4:21:4A,-74,-71,46767,1476564580
A4:77:33:F8:A2:00,-41,-56,47886,1476564580
E6:71:85:62:06:38,-61,-65,82647,1476564640
E6:71:85:62:06:70,-64,-69,82891,1476564640
A4:77:33:F8:A1:B8,-63,-70,3122,1476564640
54:60:09:2B:81:08,-68,-71,49787,1476564640
54:60:09:F4:21:4A,-75,-77,46827,1476564640
A4:77:33:F8:A2:00,-41,-56,47946,1476564640
E6:71:85:62:06:38,-61,-65,82707,1476564700
E6:71:85:62:06:70,-64,-69,82951,1476564700
A4:77:33:F8:A1:B8,-60,-68,3182,1476564700
54:60:09:2B:81:08,-65,-67,49847,1476564700
54:60:09:F4:21:4A,-76,-72,46887,1476564700
A4:77:33:F8:A2:00,-41,-56,48006,1476564700
E6:71:85:62:06:38,-61,-66,82767,1476564760
E6:71:85:62:06:70,-63,-69,83011,1476564760
A4:77:33:F8:A1:B8,-60,-67,3242,1476564760
54:60:09:2B:81:08,-64,-66,49907,1476564760
54:60:09:F4:21:4A,-76,-72,46947,1476564760
A4:77:33:F8:A2:00,-41,-56,48066,1476564760
E6:71:85:62:06:38,-63,-68,82827,1476564820
E6:71:85:62:06:70,-63,-68,83071,1476564820
A4:77:33:F8:A1:B8,-61,-68,3302,1476564820
54:60:09:2B:81:08,-66,-68,49967,1476564820
54:60:09:F4:21:4A,-77,-76,47007,1476564820
A4:77:33:F8:A2:00,-41,-57,48126,1476564820
E6:71:85:62:06:38,-65,-67,82887,1476564880
E6:71:85:62:06:70,-63,-68,83131,1476564880
A4:77:33:F8:A1:B8,-62,-69,3362,1476564880
54:60:09:2B:81:08,-62,-64,50027,1476564880
54:60:09:F4:21:4A,-77,-72,47067,1476564880
A4:77:33:F8:A2:00,-42,-57,48186,1476564880
E6:71:85:62:06:38,-64,-67,82947,1476564940
E6:71:85:62:06:70,-64,-68,83191,1476564940
A4:77:33:F8:A1:B8,-60,-67,3422,1476564940
54:60:09:2B:81:08,-64,-65,50087,1476564940
54:60:09:F4:21:4A,-74,-68,47127,1476564940
A4:77:33:F8:A2:00,-42,-57,48246,1476564940
E6:71:85:62:06:38,-64,-66,83007,1476565000
E6:71:85:62:06:70,-63,-68,83251,1476565000
A4:77:33:F8:A1:B8,-64,-71,3482,1476565000
54:60:09:2B:81:08,-65,-67,50147,1476565000
54:60:09:F4:21:4A,-77,-73,47187,1476565000
A4:77:33:F8:A2:00,-41,-57,48306,1476565000
