Client_MAC,Rssi0,Rssi1,Connection_Time,EpocTime
E6:71:85:62:06:38,-66,-67,83101,1476565094
E6:71:85:62:06:70,-63,-67,83345,1476565094
A4:77:33:F8:A1:B8,-67,-75,3576,1476565094
54:60:09:2B:81:08,-66,-68,50241,1476565094
54:60:09:F4:21:4A,-77,-78,47281,1476565094
A4:77:33:F8:A2:00,-41,-57,48400,1476565094
E6:71:85:62:06:38,-65,-68,83161,1476565154
E6:71:85:62:06:70,-64,-68,83405,1476565154
A4:77:33:F8:A1:B8,-63,-70,3636,1476565154
54:60:09:2B:81:08,-63,-65,50301,1476565154
54:60:09:F4:21:4A,-76,-74,47341,1476565154
A4:77:33:F8:A2:00,-41,-57,48460,1476565154
E6:71:85:62:06:38,-63,-65,83221,1476565214
E6:71:85:62:06:70,-63,-67,83465,1476565214
A4:77:33:F8:A1:B8,-62,-69,3696,1476565214
54:60:09:2B:81:08,-63,-65,50361,1476565214
54:60:09:F4:21:4A,-76,-74,47401,1476565214
A4:77:33:F8:A2:00,-41,-57,48520,1476565214
E6:71:85:62:06:38,-66,-68,83281,1476565274
E6:71:85:62:06:70,-63,-68,83525,1476565274
A4:77:33:F8:A1:B8,-63,-71,3756,1476565274
54:60:09:2B:81:08,-63,-65,50421,1476565274
54:60:09:F4:21:4A,-77,-78,47461,1476565274
A4:77:33:F8:A2:00,-41,-57,48580,1476565274
E6:71:85:62:06:38,-65,-67,83341,1476565334
E6:71:85:62:06:70,-64,-69,83585,1476565334
A4:77:33:F8:A1:B8,-63,-70,3816,1476565334
54:60:09:2B:81:08,-65,-68,50481,1476565334
54:60:09:F4:21:4A,-77,-77,47521,1476565334
A4:77:33:F8:A2:00,-41,-57,48640,1476565334
E6:71:85:62:06:38,-63,-65,83405,1476565397
E6:71:85:62:06:70,-63,-68,83649,1476565397
A4:77:33:F8:A1:B8,-68,-76,3880,1476565397
54:60:09:2B:81:08,-65,-66,50545,1476565397
54:60:09:F4:21:4A,-76,-75,47585,1476565397
A4:77:33:F8:A2:00,-41,-57,48704,1476565397
E6:71:85:62:06:38,-63,-65,83465,1476565457
E6:71:85:62:06:70,-64,-68,83709,1476565457
A4:77:33:F8:A1:B8,-63,-69,3940,1476565457
54:60:09:2B:81:08,-65,-68,50605,1476565457
54:60:09:F4:21:4A,-77,-79,47645,1476565457
A4:77:33:F8:A2:00,-41,-57,48764,1476565457
E6:71:85:62:06:38,-65,-66,83525,1476565517
E6:71:85:62:06:70,-63,-69,83769,1476565517
A4:77:33:F8:A1:B8,-63,-70,4000,1476565517
54:60:09:2B:81:08,-64,-66,50665,1476565517
54:60:09:F4:21:4A,-77,-74,47705,1476565517
A4:77:33:F8:A2:00,-41,-57,48824,1476565517
E6:71:85:62:06:38,-65,-66,83585,1476565577
E6:71:85:62:06:70,-63,-69,83829,1476565577
A4:77:33:F8:A1:B8,-64,-71,4060,1476565577
54:60:09:2B:81:08,-64,-66,50725,1476565577
54:60:09:F4:21:4A,-77,-78,47765,1476565577
A4:77:33:F8:A2:00,-41,-57,48884,1476565577
E6:71:85:62:06:38,-64,-67,83645,1476565637
E6:71:85:62:06:70,-62,-69,83889,1476565637
A4:77:33:F8:A1:B8,-63,-69,4120,1476565637
54:60:09:2B:81:08,-64,-66,50785,1476565637
54:60:09:F4:21:4A,-76,-75,47825,1476565637
A4:77:33:F8:A2:00,-41,-57,48944,1476565637
E6:71:85:62:06:38,-64,-65,83708,1476565700
E6:71:85:62:06:70,-63,-69,83952,1476565700
A4:77:33:F8:A1:B8,-61,-67,4183,1476565700
54:60:09:2B:81:08,-65,-67,50848,1476565700
54:60:09:F4:21:4A,-75,-73,47888,1476565700
A4:77:33:F8:A2:00,-41,-57,49007,1476565700
E6:71:85:62:06:38,-64,-65,83768,1476565760
E6:71:85:62:06:70,-63,-68,84012,1476565760
A4:77:33:F8:A1:B8,-63,-69,4243,1476565760
54:60:09:2B:81:08,-63,-65,50908,1476565760
54:60:09:F4:21:4A,-78,-79,47948,1476565760
A4:77:33:F8:A2:00,-41,-57,49067,1476565760
E6:71:85:62:06:38,-64,-65,83828,1476565820
E6:71:85:62:06:70,-63,-69,84072,1476565820
A4:77:33:F8:A1:B8,-61,-67,4303,1476565820
54:60:09:2B:81:08,-63,-65,50968,1476565820
54:60:09:F4:21:4A,-75,-72,48008,1476565820
A4:77:33:F8:A2:00,-41,-57,49127,1476565820
E6:71:85:62:06:38,-63,-64,83888,1476565880
E6:71:85:62:06:70,-62,-67,84132,1476565880
A4:77:33:F8:A1:B8,-67,-75,4363,1476565880
54:60:09:2B:81:08,-63,-65,51028,1476565880
54:60:09:F4:21:4A,-77,-78,48068,1476565880
A4:77:33:F8:A2:00,-41,-57,49187,1476565880
E6:71:85:62:06:38,-64,-65,83948,1476565940
E6:71:85:62:06:70,-63,-68,84192,1476565940
A4:77:33:F8:A1:B8,-66,-73,4423,1476565940
54:60:09:2B:81:08,-63,-65,51088,1476565940
54:60:09:F4:21:4A,-74,-71,48128,1476565940
A4:77:33:F8:A2:00,-41,-57,49247,1476565940
E6:71:85:62:06:38,-62,-65,84011,1476566003
E6:71:85:62:06:70,-63,-68,84255,1476566003
A4:77:33:F8:A1:B8,-67,-75,4486,1476566003
54:60:09:2B:81:08,-65,-67,51151,1476566003
54:60:09:F4:21:4A,-76,-73,48191,1476566003
A4:77:33:F8:A2:00,-41,-57,49310,1476566003
E6:71:85:62:06:38,-63,-64,84071,1476566063
E6:71:85:62:06:70,-63,-69,84315,1476566063
A4:77:33:F8:A1:B8,-68,-75,4546,1476566063
54:60:09:2B:81:08,-64,-65,51211,1476566063
54:60:09:F4:21:4A,-77,-77,48251,1476566063
A4:77:33:F8:A2:00,-41,-57,49370,1476566063
E6:71:85:62:06:38,-66,-68,84131,1476566124
E6:71:85:62:06:70,-63,-69,84375,1476566124
A4:77:33:F8:A1:B8,-64,-71,4606,1476566124
54:60:09:2B:81:08,-64,-66,51271,1476566124
54:60:09:F4:21:4A,-75,-70,48311,1476566124
A4:77:33:F8:A2:00,-41,-57,49430,1476566124
E6:71:85:62:06:38,-63,-64,84191,1476566184
E6:71:85:62:06:70,-63,-68,84435,1476566184
A4:77:33:F8:A1:B8,-65,-72,4666,1476566184
54:60:09:2B:81:08,-65,-66,51331,1476566184
54:60:09:F4:21:4A,-76,-71,48371,1476566184
A4:77:33:F8:A2:00,-41,-57,49490,1476566184
E6:71:85:62:06:38,-64,-65,84251,1476566244
E6:71:85:62:06:70,-63,-69,84495,1476566244
A4:77:33:F8:A1:B8,-66,-73,4726,1476566244
54:60:09:2B:81:08,-65,-67,51391,1476566244
54:60:09:F4:21:4A,-75,-71,48431,1476566244
A4:77:33:F8:A2:00,-41,-57,49550,1476566244
E6:71:85:62:06:38,-61,-65,84314,1476566307
E6:71:85:62:06:70,-63,-68,84558,1476566307
A4:77:33:F8:A1:B8,-68,-76,4789,1476566307
54:60:09:2B:81:08,-65,-66,51454,1476566307
54:60:09:F4:21:4A,-76,-72,48494,1476566307
A4:77:33:F8:A2:00,-42,-57,49613,1476566307
E6:71:85:62:06:38,-64,-68,84374,1476566367
E6:71:85:62:06:70,-62,-69,84618,1476566367
A4:77:33:F8:A1:B8,-68,-75,4849,1476566367
54:60:09:2B:81:08,-67,-69,51514,1476566367
54:60:09:F4:21:4A,-78,-77,48554,1476566367
A4:77:33:F8:A2:00,-41,-57,49673,1476566367
E6:71:85:62:06:38,-63,-68,84434,1476566427
E6:71:85:62:06:70,-63,-69,84678,1476566427
A4:77:33:F8:A1:B8,-64,-72,4909,1476566427
54:60:09:2B:81:08,-67,-69,51574,1476566427
54:60:09:F4:21:4A,-74,-69,48614,1476566427
A4:77:33:F8:A2:00,-41,-57,49733,1476566427
E6:71:85:62:06:38,-63,-68,84494,1476566487
E6:71:85:62:06:70,-59,-66,84738,1476566487
A4:77:33:F8:A1:B8,-68,-75,4969,1476566487
54:60:09:2B:81:08,-64,-66,51634,1476566487
54:60:09:F4:21:4A,-75,-69,48674,1476566487
A4:77:33:F8:A2:00,-41,-57,49793,1476566487
E6:71:85:62:06:38,-60,-65,84554,1476566547
E6:71:85:62:06:70,-60,-69,84798,1476566547
A4:77:33:F8:A1:B8,-65,-72,5029,1476566547
54:60:09:2B:81:08,-65,-67,51694,1476566547
54:60:09:F4:21:4A,-75,-68,48734,1476566547
A4:77:33:F8:A2:00,-41,-57,49853,1476566547
E6:71:85:62:06:38,-60,-66,84614,1476566607
E6:71:85:62:06:70,-61,-69,84858,1476566607
A4:77:33:F8:A1:B8,-71,-75,5089,1476566607
54:60:09:2B:81:08,-68,-65,51754,1476566607
54:60:09:F4:21:4A,-78,-76,48794,1476566607
A4:77:33:F8:A2:00,-40,-54,49913,1476566607
E6:71:85:62:06:38,-59,-66,84674,1476566667
E6:71:85:62:06:70,-62,-70,84918,1476566667
A4:77:33:F8:A1:B8,-65,-68,5149,1476566667
54:60:09:2B:81:08,-68,-67,51814,1476566667
54:60:09:F4:21:4A,-76,-73,48854,1476566667
A4:77:33:F8:A2:00,-40,-54,49973,1476566667
E6:71:85:62:06:38,-60,-66,84734,1476566727
E6:71:85:62:06:70,-62,-70,84978,1476566727
A4:77:33:F8:A1:B8,-66,-68,5209,1476566727
54:60:09:2B:81:08,-68,-66,51874,1476566727
54:60:09:F4:21:4A,-79,-77,48914,1476566727
A4:77:33:F8:A2:00,-40,-54,50033,1476566727
E6:71:85:62:06:38,-60,-64,84794,1476566787
E6:71:85:62:06:70,-61,-69,85038,1476566787
A4:77:33:F8:A1:B8,-72,-76,5269,1476566787
54:60:09:2B:81:08,-66,-65,51934,1476566787
54:60:09:F4:21:4A,-80,-78,48974,1476566787
A4:77:33:F8:A2:00,-40,-54,50093,1476566787
E6:71:85:62:06:38,-62,-68,84857,1476566850
E6:71:85:62:06:70,-61,-70,85101,1476566850
A4:77:33:F8:A1:B8,-67,-69,5332,1476566850
54:60:09:2B:81:08,-67,-66,51997,1476566850
54:60:09:F4:21:4A,-73,-70,49037,1476566850
A4:77:33:F8:A2:00,-40,-54,50156,1476566850
E6:71:85:62:06:38,-60,-66,84917,1476566910
E6:71:85:62:06:70,-61,-69,85161,1476566910
A4:77:33:F8:A1:B8,-71,-75,5392,1476566910
54:60:09:2B:81:08,-68,-67,52057,1476566910
54:60:09:F4:21:4A,-77,-74,49097,1476566910
A4:77:33:F8:A2:00,-40,-54,50216,1476566910
E6:71:85:62:06:38,-62,-67,84977,1476566970
E6:71:85:62:06:70,-61,-70,85221,1476566970
A4:77:33:F8:A1:B8,-66,-69,5452,1476566970
54:60:09:2B:81:08,-67,-64,52117,1476566970
54:60:09:F4:21:4A,-74,-70,49157,1476566970
A4:77:33:F8:A2:00,-40,-54,50276,1476566970
E6:71:85:62:06:38,-60,-66,85037,1476567030
E6:71:85:62:06:70,-62,-71,85281,1476567030
A4:77:33:F8:A1:B8,-65,-68,5512,1476567030
54:60:09:2B:81:08,-68,-67,52177,1476567030
54:60:09:F4:21:4A,-76,-73,49217,1476567030
A4:77:33:F8:A2:00,-40,-54,50336,1476567030
E6:71:85:62:06:38,-60,-66,85097,1476567090
E6:71:85:62:06:70,-62,-71,85341,1476567090
A4:77:33:F8:A1:B8,-63,-66,5572,1476567090
54:60:09:2B:81:08,-67,-65,52237,1476567090
54:60:09:F4:21:4A,-79,-76,49277,1476567090
A4:77:33:F8:A2:00,-40,-54,50396,1476567090
E6:71:85:62:06:38,-62,-68,85160,1476567153
E6:71:85:62:06:70,-61,-68,85404,1476567153
A4:77:33:F8:A1:B8,-65,-69,5635,1476567153
54:60:09:2B:81:08,-68,-67,52300,1476567153
54:60:09:F4:21:4A,-74,-70,49340,1476567153
A4:77:33:F8:A2:00,-40,-54,50459,1476567153
E6:71:85:62:06:38,-59,-65,85220,1476567213
E6:71:85:62:06:70,-62,-72,85464,1476567213
A4:77:33:F8:A1:B8,-64,-67,5695,1476567213
54:60:09:2B:81:08,-68,-65,52360,1476567213
54:60:09:F4:21:4A,-74,-71,49400,1476567213
A4:77:33:F8:A2:00,-40,-54,50519,1476567213
E6:71:85:62:06:38,-62,-68,85280,1476567273
E6:71:85:62:06:70,-63,-71,85524,1476567273
A4:77:33:F8:A1:B8,-64,-67,5755,1476567273
54:60:09:2B:81:08,-68,-66,52420,1476567273
54:60:09:F4:21:4A,-74,-70,49460,1476567273
A4:77:33:F8:A2:00,-40,-54,50579,1476567273
E6:71:85:62:06:38,-63,-65,85340,1476567333
E6:71:85:62:06:70,-62,-69,85584,1476567333
A4:77:33:F8:A1:B8,-66,-70,5815,1476567333
54:60:09:2B:81:08,-67,-65,52480,1476567333
54:60:09:F4:21:4A,-79,-78,49520,1476567333
A4:77:33:F8:A2:00,-40,-54,50639,1476567333
E6:71:85:62:06:38,-63,-65,85400,1476567393
E6:71:85:62:06:70,-60,-68,85644,1476567393
A4:77:33:F8:A1:B8,-64,-68,5875,1476567393
54:60:09:2B:81:08,-68,-67,52540,1476567393
54:60:09:F4:21:4A,-80,-78,49580,1476567393
A4:77:33:F8:A2:00,-40,-54,50699,1476567393
