Client_MAC,Rssi0,Rssi1,Connection_Time,EpocTime
E6:71:85:62:0D:A8,-66,-74,2382,1476471289
E6:71:85:62:0D:A8,-67,-74,2442,1476471349
E6:71:85:62:0D:A8,-66,-74,2502,1476471409
E6:71:85:62:0D:A8,-67,-74,2562,1476471469
E6:71:85:62:0D:A8,-66,-73,2622,1476471529
E6:71:85:62:0D:A8,-67,-74,2685,1476471592
E6:71:85:62:0D:A8,-67,-74,2745,1476471652
E6:71:85:62:0D:A8,-67,-74,2805,1476471712
E6:71:85:62:0D:A8,-66,-73,2865,1476471772
E6:71:85:62:0D:A8,-66,-73,2925,1476471832
E6:71:85:62:0D:A8,-65,-72,2988,1476471895
E6:71:85:62:0D:A8,-66,-73,3048,1476471955
E6:71:85:62:0D:A8,-66,-73,3108,1476472015
E6:71:85:62:0D:A8,-66,-73,3168,1476472075
E6:71:85:62:0D:A8,-66,-73,3228,1476472135
E6:71:85:62:0D:A8,-66,-73,3312,1476472219
E6:71:85:62:0D:A8,-67,-74,3372,1476472279
E6:71:85:62:0D:A8,-66,-73,3432,1476472339
E6:71:85:62:0D:A8,-66,-74,3492,1476472399
E6:71:85:62:0D:A8,-66,-73,3559,1476472466
E6:71:85:62:0D:A8,-66,-74,3619,1476472526
E6:71:85:62:0D:A8,-66,-73,3679,1476472586
E6:71:85:62:0D:A8,-66,-73,3739,1476472646
E6:71:85:62:0D:A8,-66,-73,3799,1476472706
E6:71:85:62:0D:A8,-66,-73,3884,1476472791
E6:71:85:62:0D:A8,-66,-73,3945,1476472851
E6:71:85:62:0D:A8,-66,-73,4005,1476472911
E6:71:85:62:0D:A8,-66,-73,4065,1476472971
E6:71:85:62:0D:A8,-66,-73,4125,1476473031
E6:71:85:62:0D:A8,-66,-73,4188,1476473095
E6:71:85:62:0D:A8,-66,-73,4248,1476473155
E6:71:85:62:0D:A8,-66,-73,4308,1476473215
E6:71:85:62:0D:A8,-66,-73,4368,1476473275
E6:71:85:62:0D:A8,-66,-73,4428,1476473335
E6:71:85:62:0D:A8,-67,-74,4491,1476473398
E6:71:85:62:0D:A8,-67,-74,4551,1476473458
E6:71:85:62:0D:A8,-67,-74,4611,1476473518
E6:71:85:62:0D:A8,-67,-74,4671,1476473578
E6:71:85:62:0D:A8,-66,-74,4731,1476473638
E6:71:85:62:0D:A8,-67,-75,4794,1476473701
E6:71:85:62:0D:A8,-67,-74,4854,1476473761
E6:71:85:62:0D:A8,-67,-74,4914,1476473821
E6:71:85:62:0D:A8,-67,-74,4974,1476473881
E6:71:85:62:0D:A8,-67,-74,5034,1476473941
E6:71:85:62:0D:A8,-66,-73,5097,1476474004
E6:71:85:62:0D:A8,-67,-74,5157,1476474064
E6:71:85:62:0D:A8,-67,-74,5217,1476474124
E6:71:85:62:0D:A8,-67,-73,5277,1476474184
E6:71:85:62:0D:A8,-66,-73,5337,1476474244
E6:71:85:62:0D:A8,-66,-73,5397,1476474304
E6:71:85:62:0D:A8,-66,-74,5457,1476474364
E6:71:85:62:0D:A8,-66,-73,5517,1476474424
E6:71:85:62:0D:A8,-66,-73,5577,1476474484
E6:71:85:62:0D:A8,-65,-72,5640,1476474547
E6:71:85:62:0D:A8,-66,-73,5700,1476474607
E6:71:85:62:0D:A8,-66,-73,5760,1476474667
E6:71:85:62:0D:A8,-66,-73,5820,1476474727
E6:71:85:62:0D:A8,-66,-73,5880,1476474787
E6:71:85:62:0D:A8,-66,-74,5943,1476474850
E6:71:85:62:0D:A8,-67,-74,6003,1476474910
E6:71:85:62:0D:A8,-67,-74,6063,1476474970
E6:71:85:62:0D:A8,-67,-74,6123,1476475030
E6:71:85:62:0D:A8,-67,-74,6183,1476475090
E6:71:85:62:0D:A8,-67,-74,6246,1476475153
E6:71:85:62:0D:A8,-67,-74,6306,1476475213
E6:71:85:62:0D:A8,-67,-74,6366,1476475273
E6:71:85:62:0D:A8,-67,-74,6426,1476475333
E6:71:85:62:0D:A8,-67,-74,6486,1476475393
E6:71:85:62:0D:A8,-67,-74,6571,1476475477
E6:71:85:62:0D:A8,-66,-73,6631,1476475537
E6:71:85:62:0D:A8,-66,-73,6691,1476475597
E6:71:85:62:0D:A8,-66,-73,6751,1476475657
E6:71:85:62:0D:A8,-67,-74,6811,1476475717
E6:71:85:62:0D:A8,-66,-73,6874,1476475781
E6:71:85:62:0D:A8,-66,-73,6934,1476475841
E6:71:85:62:0D:A8,-66,-73,6994,1476475901
E6:71:85:62:0D:A8,-65,-73,7054,1476475961
E6:71:85:62:0D:A8,-66,-73,7114,1476476021
E6:71:85:62:0D:A8,-66,-73,7174,1476476081
E6:71:85:62:0D:A8,-66,-73,7234,1476476141
E6:71:85:62:0D:A8,-65,-72,7294,1476476201
E6:71:85:62:0D:A8,-66,-73,7354,1476476261
E6:71:85:62:0D:A8,-66,-73,7417,1476476324
E6:71:85:62:0D:A8,-66,-73,7477,1476476384
E6:71:85:62:0D:A8,-66,-73,7537,1476476444
E6:71:85:62:0D:A8,-66,-74,7597,1476476504
E6:71:85:62:0D:A8,-66,-73,7657,1476476564
E6:71:85:62:0D:A8,-66,-73,7742,1476476649
E6:71:85:62:0D:A8,-66,-74,7802,1476476709
E6:71:85:62:0D:A8,-67,-74,7862,1476476769
E6:71:85:62:0D:A8,-67,-74,7922,1476476829
E6:71:85:62:0D:A8,-67,-74,7982,1476476889
E6:71:85:62:0D:A8,-66,-73,8045,1476476952
E6:71:85:62:0D:A8,-66,-73,8105,1476477012
E6:71:85:62:0D:A8,-66,-73,8165,1476477072
E6:71:85:62:0D:A8,-66,-73,8225,1476477132
E6:71:85:62:0D:A8,-67,-74,8285,1476477192
E6:71:85:62:0D:A8,-66,-73,8348,1476477255
E6:71:85:62:0D:A8,-66,-73,8408,1476477315
E6:71:85:62:0D:A8,-66,-73,8468,1476477375
E6:71:85:62:0D:A8,-66,-73,8528,1476477435
E6:71:85:62:0D:A8,-66,-73,8588,1476477495
E6:71:85:62:0D:A8,-66,-73,8651,1476477558
E6:71:85:62:0D:A8,-67,-74,8711,1476477618
E6:71:85:62:0D:A8,-66,-73,8771,1476477678
E6:71:85:62:0D:A8,-66,-73,8831,1476477738
E6:71:85:62:0D:A8,-66,-73,8891,1476477798
E6:71:85:62:0D:A8,-66,-73,8951,1476477858
E6:71:85:62:0D:A8,-66,-73,9011,1476477918
E6:71:85:62:0D:A8,-66,-73,9071,1476477978
E6:71:85:62:0D:A8,-66,-73,9131,1476478038
E6:71:85:62:0D:A8,-67,-74,9194,1476478101
E6:71:85:62:0D:A8,-67,-73,9255,1476478161
E6:71:85:62:0D:A8,-67,-74,9315,1476478221
E6:71:85:62:0D:A8,-66,-73,9375,1476478281
E6:71:85:62:0D:A8,-67,-74,9435,1476478341
E6:71:85:62:0D:A8,-66,-73,9498,1476478404
E6:71:85:62:0D:A8,-66,-73,9558,1476478464
E6:71:85:62:0D:A8,-66,-73,9618,1476478524
E6:71:85:62:0D:A8,-66,-73,9678,1476478584
E6:71:85:62:0D:A8,-66,-73,9738,1476478644
E6:71:85:62:0D:A8,-66,-73,9823,1476478730
E6:71:85:62:0D:A8,-66,-73,9883,1476478790
E6:71:85:62:0D:A8,-67,-73,9943,1476478850
E6:71:85:62:0D:A8,-66,-73,10003,1476478910
E6:71:85:62:0D:A8,-66,-73,10063,1476478970
E6:71:85:62:0D:A8,-66,-73,10126,1476479033
E6:71:85:62:0D:A8,-66,-73,10186,1476479093
E6:71:85:62:0D:A8,-66,-73,10246,1476479153
E6:71:85:62:0D:A8,-66,-73,10306,1476479213
E6:71:85:62:0D:A8,-66,-73,10367,1476479273
E6:71:85:62:0D:A8,-66,-73,10430,1476479336
E6:71:85:62:0D:A8,-66,-73,10490,1476479396
E6:71:85:62:0D:A8,-66,-73,10550,1476479456
E6:71:85:62:0D:A8,-66,-73,10610,1476479516
E6:71:85:62:0D:A8,-66,-73,10670,1476479576
E6:71:85:62:0D:A8,-67,-74,10730,1476479636
E6:71:85:62:0D:A8,-66,-74,10790,1476479696
E6:71:85:62:0D:A8,-66,-74,10850,1476479756
E6:71:85:62:0D:A8,-66,-74,10910,1476479816
E6:71:85:62:0D:A8,-66,-74,10973,1476479880
E6:71:85:62:0D:A8,-67,-74,11033,1476479940
E6:71:85:62:0D:A8,-66,-74,11093,1476480000
E6:71:85:62:0D:A8,-66,-74,11153,1476480060
E6:71:85:62:0D:A8,-66,-73,11213,1476480120
E6:71:85:62:0D:A8,-66,-73,11300,1476480207
E6:71:85:62:0D:A8,-66,-73,11360,1476480267
E6:71:85:62:0D:A8,-68,-74,11420,1476480327
E6:71:85:62:0D:A8,-67,-74,11480,1476480387
E6:71:85:62:0D:A8,-66,-74,11540,1476480447
E6:71:85:62:0D:A8,-67,-74,11603,1476480510
E6:71:85:62:0D:A8,-66,-73,11663,1476480570
E6:71:85:62:0D:A8,-66,-74,11723,1476480630
E6:71:85:62:0D:A8,-66,-74,11783,1476480690
E6:71:85:62:0D:A8,-66,-73,11843,1476480750
E6:71:85:62:0D:A8,-66,-73,11906,1476480813
E6:71:85:62:0D:A8,-66,-73,11966,1476480873
E6:71:85:62:0D:A8,-67,-74,12026,1476480933
E6:71:85:62:0D:A8,-66,-74,12086,1476480993
E6:71:85:62:0D:A8,-66,-74,12146,1476481053
E6:71:85:62:0D:A8,-67,-75,12209,1476481116
E6:71:85:62:0D:A8,-66,-73,12269,1476481176
E6:71:85:62:0D:A8,-66,-73,12329,1476481236
E6:71:85:62:0D:A8,-66,-73,12390,1476481296
E6:71:85:62:0D:A8,-66,-73,12450,1476481356
E6:71:85:62:0D:A8,-66,-73,12510,1476481416
E6:71:85:62:0D:A8,-66,-73,12570,1476481476
E6:71:85:62:0D:A8,-66,-73,12630,1476481536
E6:71:85:62:0D:A8,-66,-73,12690,1476481596
E6:71:85:62:0D:A8,-66,-73,12753,1476481659
E6:71:85:62:0D:A8,-66,-73,12813,1476481719
E6:71:85:62:0D:A8,-66,-73,12873,1476481779
E6:71:85:62:0D:A8,-66,-74,12933,1476481839
E6:71:85:62:0D:A8,-66,-73,12993,1476481899
E6:71:85:62:0D:A8,-67,-75,13056,1476481963
E6:71:85:62:0D:A8,-67,-74,13116,1476482023
E6:71:85:62:0D:A8,-67,-74,13176,1476482083
E6:71:85:62:0D:A8,-67,-74,13236,1476482143
E6:71:85:62:0D:A8,-67,-74,13296,1476482203
E6:71:85:62:0D:A8,-66,-73,13382,1476482289
E6:71:85:62:0D:A8,-66,-74,13442,1476482349
E6:71:85:62:0D:A8,-66,-73,13502,1476482409
E6:71:85:62:0D:A8,-66,-73,13562,1476482469
E6:71:85:62:0D:A8,-65,-72,13622,1476482529
E6:71:85:62:0D:A8,-66,-73,13685,1476482592
E6:71:85:62:0D:A8,-66,-73,13745,1476482652
E6:71:85:62:0D:A8,-66,-73,13805,1476482712
E6:71:85:62:0D:A8,-66,-73,13865,1476482772
E6:71:85:62:0D:A8,-66,-73,13925,1476482832
E6:71:85:62:0D:A8,-67,-74,13988,1476482895
E6:71:85:62:0D:A8,-67,-74,14048,1476482955
E6:71:85:62:0D:A8,-67,-74,14108,1476483015
E6:71:85:62:0D:A8,-67,-74,14168,1476483075
E6:71:85:62:0D:A8,-67,-74,14228,1476483135
E6:71:85:62:0D:A8,-67,-74,14288,1476483195
E6:71:85:62:0D:A8,-67,-74,14348,1476483255
E6:71:85:62:0D:A8,-67,-74,14408,1476483315
E6:71:85:62:0D:A8,-67,-74,14468,1476483375
E6:71:85:62:0D:A8,-67,-74,14531,1476483438
E6:71:85:62:0D:A8,-67,-74,14591,1476483498
E6:71:85:62:0D:A8,-67,-75,14651,1476483558
E6:71:85:62:0D:A8,-67,-74,14711,1476483618
E6:71:85:62:0D:A8,-67,-74,14771,1476483678
E6:71:85:62:0D:A8,-66,-73,14856,1476483763
E6:71:85:62:0D:A8,-66,-74,14916,1476483823
E6:71:85:62:0D:A8,-68,-74,14976,1476483883
E6:71:85:62:0D:A8,-66,-74,15036,1476483943
E6:71:85:62:0D:A8,-66,-73,15096,1476484003
E6:71:85:62:0D:A8,-67,-74,15159,1476484066
E6:71:85:62:0D:A8,-67,-74,15219,1476484126
E6:71:85:62:0D:A8,-67,-74,15279,1476484186
E6:71:85:62:0D:A8,-66,-74,15339,1476484246
E6:71:85:62:0D:A8,-66,-74,15399,1476484306
E6:71:85:62:0D:A8,-66,-74,15462,1476484369
E6:71:85:62:0D:A8,-66,-74,15522,1476484429
E6:71:85:62:0D:A8,-66,-74,15582,1476484489
E6:71:85:62:0D:A8,-66,-74,15642,1476484549
E6:71:85:62:0D:A8,-67,-73,15702,1476484609
E6:71:85:62:0D:A8,-66,-73,15765,1476484672
E6:71:85:62:0D:A8,-66,-73,15825,1476484732
E6:71:85:62:0D:A8,-67,-74,15885,1476484792
E6:71:85:62:0D:A8,-67,-74,15945,1476484852
E6:71:85:62:0D:A8,-67,-74,16005,1476484912
E6:71:85:62:0D:A8,-67,-74,16065,1476484972
E6:71:85:62:0D:A8,-67,-74,16125,1476485032
E6:71:85:62:0D:A8,-67,-74,16185,1476485092
E6:71:85:62:0D:A8,-67,-74,16245,1476485152
E6:71:85:62:0D:A8,-66,-74,16308,1476485215
E6:71:85:62:0D:A8,-67,-74,16368,1476485275
E6:71:85:62:0D:A8,-66,-73,16428,1476485335
E6:71:85:62:0D:A8,-67,-74,16488,1476485395
E6:71:85:62:0D:A8,-66,-74,16548,1476485455
E6:71:85:62:0D:A8,-67,-74,16611,1476485518
E6:71:85:62:0D:A8,-67,-74,16671,1476485578
E6:71:85:62:0D:A8,-67,-74,16731,1476485638
E6:71:85:62:0D:A8,-67,-74,16791,1476485698
E6:71:85:62:0D:A8,-67,-74,16851,1476485758
