Client_MAC,Rssi0,Rssi1,Connection_Time,EpocTIME
30:75:12:BF:95:3C,-43,-39,18,1476288352
30:75:12:BF:95:3C,-65,-62,78,1476288412
30:75:12:BF:95:3C,-48,-48,141,1476288475
30:75:12:BF:95:3C,-74,-78,201,1476288535
30:75:12:BF:95:3C,-63,-63,261,1476288595
30:75:12:BF:95:3C,-85,-87,321,1476288655
E6:71:85:62:0D:A8,-68,-74,44,1476288715
30:75:12:BF:95:3C,-49,-46,32,1476288778
E6:71:85:62:0D:A8,-67,-74,107,1476288778
30:75:12:BF:95:3C,-48,-45,92,1476288838
E6:71:85:62:0D:A8,-67,-74,167,1476288838
30:75:12:BF:95:3C,-50,-54,152,1476288898
E6:71:85:62:0D:A8,-70,-74,227,1476288898
30:75:12:BF:95:3C,-50,-52,212,1476288958
E6:71:85:62:0D:A8,-67,-72,287,1476288958
30:75:12:BF:95:3C,-53,-47,272,1476289018
E6:71:85:62:0D:A8,-66,-73,347,1476289018
5C:E0:C5:C8:D3:D1,-64,-63,59,1476289141
30:75:12:BF:95:3C,-55,-57,57,1476289141
E6:71:85:62:0D:A8,-67,-74,30,1476289141
5C:E0:C5:C8:D3:D1,-70,-73,119,1476289201
E6:71:85:62:0D:A8,-66,-74,90,1476289201
5C:E0:C5:C8:D3:D1,-70,-73,179,1476289261
E6:71:85:62:0D:A8,-67,-74,150,1476289261
5C:E0:C5:C8:D3:D1,-70,-73,239,1476289321
E6:71:85:62:0D:A8,-67,-74,210,1476289321
5C:E0:C5:C8:D3:D1,-70,-73,303,1476289384
E6:71:85:62:0D:A8,-68,-74,274,1476289384
5C:E0:C5:C8:D3:D1,-71,-71,21,1476289444
E6:71:85:62:0D:A8,-67,-75,334,1476289444
5C:E0:C5:C8:D3:D1,-73,-71,81,1476289504
E6:71:85:62:0D:A8,-68,-74,394,1476289504
E6:71:85:62:0D:A8,-68,-74,454,1476289564
5C:E0:C5:C8:D3:D1,-75,-73,26,1476289624
E6:71:85:62:0D:A8,-68,-75,514,1476289624
5C:E0:C5:C8:D3:D1,-67,-70,89,1476289687
E6:71:85:62:0D:A8,-67,-74,577,1476289687
E6:71:85:62:0D:A8,-67,-73,637,1476289747
E6:71:85:62:0D:A8,-68,-74,697,1476289807
E6:71:85:62:0D:A8,-67,-74,757,1476289867
E6:71:85:62:0D:A8,-68,-74,817,1476289927
E6:71:85:62:0D:A8,-68,-75,880,1476289990
E6:71:85:62:0D:A8,-67,-75,940,1476290050
E6:71:85:62:0D:A8,-68,-74,1000,1476290110
E6:71:85:62:0D:A8,-69,-76,1060,1476290170
E6:71:85:62:00:80,-57,-61,33,1476290230
E6:71:85:62:0D:A8,-72,-75,1120,1476290230
E6:71:85:62:00:80,-57,-62,41,1476290293
E6:71:85:62:0D:A8,-69,-73,1183,1476290293
E6:71:85:62:00:80,-67,-70,100,1476290353
E6:71:85:62:0D:A8,-68,-74,1242,1476290353
E6:71:85:62:00:80,-60,-66,6,1476290413
E6:71:85:62:0D:A8,-68,-75,1302,1476290413
E6:71:85:62:00:80,-59,-67,67,1476290473
E6:71:85:62:0D:A8,-68,-75,1363,1476290473
E6:71:85:62:00:80,-59,-66,127,1476290533
E6:71:85:62:0D:A8,-69,-75,1423,1476290533
E6:71:85:62:00:80,-59,-67,190,1476290596
E6:71:85:62:0D:A8,-68,-75,1486,1476290596
E6:71:85:62:00:80,-59,-66,250,1476290656
E6:71:85:62:0D:A8,-68,-75,1546,1476290656
E6:71:85:62:00:80,-59,-67,310,1476290716
E6:71:85:62:0D:A8,-68,-75,1606,1476290716
E6:71:85:62:00:80,-59,-67,370,1476290776
E6:71:85:62:0D:A8,-67,-74,1666,1476290776
E6:71:85:62:00:80,-59,-67,430,1476290836
E6:71:85:62:0D:A8,-68,-74,1726,1476290836
E6:71:85:62:00:80,-59,-67,493,1476290899
E6:71:85:62:0D:A8,-66,-73,1789,1476290899
E6:71:85:62:00:80,-59,-67,553,1476290959
E6:71:85:62:0D:A8,-69,-76,1849,1476290959
E6:71:85:62:00:80,-59,-67,613,1476291019
E6:71:85:62:0D:A8,-66,-74,1909,1476291019
E6:71:85:62:00:80,-60,-67,673,1476291079
E6:71:85:62:0D:A8,-67,-75,1969,1476291079
E6:71:85:62:00:80,-59,-67,733,1476291139
E6:71:85:62:0D:A8,-67,-74,2029,1476291139
E6:71:85:62:00:80,-59,-67,796,1476291202
E6:71:85:62:0D:A8,-67,-74,2092,1476291202
E6:71:85:62:00:80,-59,-67,856,1476291262
E6:71:85:62:0D:A8,-67,-75,2152,1476291262
E6:71:85:62:00:80,-59,-66,916,1476291322
E6:71:85:62:0D:A8,-67,-75,2212,1476291322
E6:71:85:62:00:80,-59,-67,976,1476291382
E6:71:85:62:0D:A8,-67,-75,2272,1476291382
E6:71:85:62:00:80,-59,-67,1036,1476291442
E6:71:85:62:0D:A8,-68,-75,2332,1476291442
E6:71:85:62:00:80,-59,-67,1099,1476291505
E6:71:85:62:0D:A8,-68,-74,2395,1476291505
E6:71:85:62:00:80,-59,-67,1159,1476291565
E6:71:85:62:0D:A8,-68,-75,2455,1476291565
E6:71:85:62:00:80,-59,-67,1219,1476291625
E6:71:85:62:0D:A8,-69,-75,2515,1476291625
E6:71:85:62:00:80,-59,-67,1279,1476291685
E6:71:85:62:0D:A8,-68,-75,2575,1476291685
E6:71:85:62:00:80,-59,-67,1339,1476291745
E6:71:85:62:0D:A8,-68,-74,2635,1476291745
E6:71:85:62:00:80,-59,-66,1402,1476291808
E6:71:85:62:0D:A8,-68,-75,2698,1476291808
E6:71:85:62:00:80,-59,-67,1462,1476291868
E6:71:85:62:0D:A8,-66,-74,2758,1476291868
E6:71:85:62:00:80,-59,-67,1522,1476291928
E6:71:85:62:0D:A8,-66,-74,2818,1476291928
E6:71:85:62:00:80,-59,-67,1582,1476291988
E6:71:85:62:0D:A8,-68,-74,2878,1476291988
E6:71:85:62:00:80,-60,-67,1642,1476292048
E6:71:85:62:0D:A8,-69,-75,2938,1476292048
E6:71:85:62:00:80,-59,-67,1705,1476292111
E6:71:85:62:0D:A8,-68,-75,3001,1476292111
E6:71:85:62:00:80,-59,-67,1765,1476292171
E6:71:85:62:0D:A8,-68,-75,3061,1476292171
E6:71:85:62:00:80,-59,-67,1825,1476292231
E6:71:85:62:0D:A8,-68,-75,3121,1476292231
E6:71:85:62:00:80,-59,-68,1885,1476292291
E6:71:85:62:0D:A8,-68,-75,3181,1476292291
E6:71:85:62:00:80,-59,-67,1945,1476292351
E6:71:85:62:0D:A8,-69,-75,3241,1476292351
E6:71:85:62:00:80,-59,-67,2008,1476292414
E6:71:85:62:0D:A8,-67,-74,3304,1476292414
E6:71:85:62:00:80,-58,-66,2068,1476292474
E6:71:85:62:0D:A8,-68,-74,3364,1476292474
E6:71:85:62:00:80,-59,-67,2128,1476292535
E6:71:85:62:0D:A8,-67,-74,3424,1476292535
E6:71:85:62:00:80,-58,-66,2188,1476292595
E6:71:85:62:0D:A8,-68,-74,3484,1476292595
E6:71:85:62:00:80,-59,-67,2248,1476292655
E6:71:85:62:0D:A8,-68,-75,3544,1476292655
E6:71:85:62:00:80,-59,-67,2311,1476292718
E6:71:85:62:0D:A8,-68,-74,3607,1476292718
E6:71:85:62:00:80,-59,-67,2371,1476292778
E6:71:85:62:0D:A8,-68,-75,3667,1476292778
E6:71:85:62:00:80,-60,-67,2431,1476292838
E6:71:85:62:0D:A8,-67,-74,3727,1476292838
E6:71:85:62:00:80,-59,-67,2491,1476292898
E6:71:85:62:0D:A8,-68,-75,3787,1476292898
E6:71:85:62:00:80,-59,-68,2551,1476292958
E6:71:85:62:0D:A8,-67,-74,3847,1476292958
E6:71:85:62:00:80,-59,-68,2614,1476293021
E6:71:85:62:0D:A8,-68,-75,3910,1476293021
E6:71:85:62:00:80,-59,-67,2674,1476293081
E6:71:85:62:0D:A8,-69,-75,3970,1476293081
E6:71:85:62:00:80,-59,-67,2734,1476293141
E6:71:85:62:0D:A8,-68,-75,4030,1476293141
E6:71:85:62:00:80,-60,-68,2794,1476293201
E6:71:85:62:0D:A8,-68,-75,4090,1476293201
E6:71:85:62:00:80,-59,-67,2854,1476293261
E6:71:85:62:0D:A8,-68,-75,4150,1476293261
E6:71:85:62:00:80,-59,-67,2917,1476293324
E6:71:85:62:0D:A8,-68,-75,4213,1476293324
E6:71:85:62:00:80,-59,-67,2977,1476293384
E6:71:85:62:0D:A8,-68,-75,4273,1476293384
E6:71:85:62:00:80,-59,-67,3037,1476293444
E6:71:85:62:0D:A8,-68,-75,4333,1476293444
E6:71:85:62:00:80,-59,-67,3097,1476293504
E6:71:85:62:0D:A8,-68,-75,4393,1476293504
E6:71:85:62:00:80,-59,-67,3157,1476293564
E6:71:85:62:0D:A8,-68,-75,4453,1476293564
E6:71:85:62:00:80,-59,-68,3220,1476293627
E6:71:85:62:0D:A8,-67,-74,4516,1476293627
E6:71:85:62:00:80,-59,-67,3280,1476293687
E6:71:85:62:0D:A8,-67,-74,4576,1476293687
E6:71:85:62:00:80,-59,-67,3340,1476293747
E6:71:85:62:0D:A8,-67,-74,4636,1476293747
E6:71:85:62:00:80,-60,-67,3400,1476293807
E6:71:85:62:0D:A8,-67,-74,4696,1476293807
E6:71:85:62:00:80,-60,-67,3460,1476293867
E6:71:85:62:0D:A8,-67,-74,4756,1476293867
E6:71:85:62:00:80,-59,-67,3523,1476293930
E6:71:85:62:0D:A8,-67,-75,4819,1476293930
E6:71:85:62:00:80,-60,-67,3583,1476293990
E6:71:85:62:0D:A8,-67,-75,4879,1476293990
E6:71:85:62:00:80,-60,-68,3643,1476294050
E6:71:85:62:0D:A8,-67,-75,4939,1476294050
E6:71:85:62:00:80,-59,-67,3703,1476294110
E6:71:85:62:0D:A8,-67,-75,4999,1476294110
E6:71:85:62:00:80,-59,-67,3763,1476294170
E6:71:85:62:0D:A8,-68,-75,5059,1476294170
E6:71:85:62:00:80,-59,-67,3826,1476294233
E6:71:85:62:0D:A8,-68,-75,5122,1476294233
E6:71:85:62:00:80,-59,-67,3886,1476294293
E6:71:85:62:0D:A8,-68,-75,5182,1476294293
E6:71:85:62:00:80,-59,-67,3946,1476294353
E6:71:85:62:0D:A8,-68,-75,5242,1476294353
E6:71:85:62:00:80,-59,-67,4006,1476294413
E6:71:85:62:0D:A8,-68,-75,5302,1476294413
E6:71:85:62:00:80,-59,-67,4066,1476294473
E6:71:85:62:0D:A8,-67,-75,5362,1476294473
E6:71:85:62:00:80,-59,-67,4129,1476294536
E6:71:85:62:0D:A8,-68,-74,5425,1476294536
E6:71:85:62:00:80,-59,-67,4189,1476294596
E6:71:85:62:0D:A8,-68,-75,5485,1476294596
E6:71:85:62:00:80,-60,-67,4249,1476294656
E6:71:85:62:0D:A8,-68,-75,5545,1476294656
E6:71:85:62:00:80,-59,-67,4309,1476294716
E6:71:85:62:0D:A8,-69,-75,5605,1476294716
E6:71:85:62:00:80,-59,-67,4369,1476294776
E6:71:85:62:0D:A8,-68,-75,5665,1476294776
E6:71:85:62:00:80,-60,-68,4432,1476294839
E6:71:85:62:0D:A8,-67,-74,5728,1476294839
E6:71:85:62:00:80,-59,-67,4492,1476294899
E6:71:85:62:0D:A8,-67,-74,5788,1476294899
E6:71:85:62:00:80,-60,-67,4552,1476294959
E6:71:85:62:0D:A8,-68,-75,5848,1476294959
E6:71:85:62:00:80,-59,-67,4612,1476295019
E6:71:85:62:0D:A8,-68,-75,5908,1476295019
E6:71:85:62:00:80,-59,-66,4672,1476295079
E6:71:85:62:0D:A8,-68,-75,5968,1476295079
E6:71:85:62:00:80,-59,-67,4736,1476295142
E6:71:85:62:0D:A8,-68,-75,6032,1476295142
E6:71:85:62:00:80,-59,-66,4796,1476295202
E6:71:85:62:0D:A8,-68,-75,6092,1476295202
E6:71:85:62:00:80,-59,-66,4856,1476295262
E6:71:85:62:0D:A8,-69,-75,6152,1476295262
E6:71:85:62:00:80,-59,-66,4916,1476295322
E6:71:85:62:0D:A8,-68,-75,6212,1476295322
E6:71:85:62:00:80,-59,-67,4976,1476295382
E6:71:85:62:0D:A8,-68,-75,6272,1476295382
E6:71:85:62:00:80,-59,-66,5039,1476295445
E6:71:85:62:0D:A8,-68,-75,6335,1476295445
E6:71:85:62:00:80,-59,-66,5099,1476295505
E6:71:85:62:0D:A8,-68,-75,6395,1476295505
E6:71:85:62:00:80,-59,-67,5159,1476295565
E6:71:85:62:0D:A8,-69,-75,6455,1476295565
E6:71:85:62:00:80,-59,-66,5219,1476295625
E6:71:85:62:0D:A8,-68,-75,6515,1476295625
E6:71:85:62:00:80,-59,-66,5279,1476295685
E6:71:85:62:0D:A8,-68,-75,6575,1476295685
E6:71:85:62:00:80,-60,-67,5342,1476295748
E6:71:85:62:0D:A8,-67,-75,6638,1476295748
E6:71:85:62:00:80,-59,-67,5402,1476295808
E6:71:85:62:0D:A8,-68,-75,6698,1476295808
E6:71:85:62:00:80,-59,-67,5462,1476295868
E6:71:85:62:0D:A8,-68,-74,6758,1476295868
E6:71:85:62:00:80,-59,-66,5522,1476295928
E6:71:85:62:0D:A8,-68,-74,6818,1476295928
E6:71:85:62:00:80,-59,-66,5582,1476295988
E6:71:85:62:0D:A8,-67,-74,6878,1476295988
E6:71:85:62:00:80,-59,-67,5645,1476296051
E6:71:85:62:0D:A8,-67,-75,6941,1476296051
E6:71:85:62:00:80,-59,-67,5705,1476296111
E6:71:85:62:0D:A8,-68,-75,7001,1476296111
E6:71:85:62:00:80,-59,-67,5765,1476296171
E6:71:85:62:0D:A8,-69,-75,7061,1476296171
E6:71:85:62:00:80,-59,-67,5825,1476296231
E6:71:85:62:0D:A8,-68,-75,7121,1476296231
E6:71:85:62:00:80,-59,-67,5885,1476296291
E6:71:85:62:0D:A8,-68,-75,7181,1476296291
