Client_MAC,Rssi0,Rssi1,Connection_Time,EpocTime
E6:71:85:62:0D:A8,-68,-65,26050,1476661598
E6:71:85:62:0D:A8,-69,-65,26110,1476661658
E6:71:85:62:0D:A8,-69,-66,26170,1476661718
E6:71:85:62:0D:A8,-69,-66,26230,1476661778
E6:71:85:62:0D:A8,-69,-66,26290,1476661838
E6:71:85:62:0D:A8,-68,-65,26353,1476661901
E6:71:85:62:0D:A8,-68,-64,26413,1476661961
E6:71:85:62:0D:A8,-68,-65,26473,1476662021
E6:71:85:62:0D:A8,-68,-65,26533,1476662081
E6:71:85:62:0D:A8,-69,-66,26593,1476662141
E6:71:85:62:0D:A8,-69,-65,26679,1476662227
E6:71:85:62:0D:A8,-69,-66,26739,1476662287
E6:71:85:62:0D:A8,-69,-66,26799,1476662347
E6:71:85:62:0D:A8,-69,-65,26859,1476662407
E6:71:85:62:0D:A8,-69,-66,26919,1476662467
E6:71:85:62:0D:A8,-69,-66,26979,1476662527
E6:71:85:62:0D:A8,-69,-66,27039,1476662587
E6:71:85:62:0D:A8,-69,-66,27099,1476662647
E6:71:85:62:0D:A8,-69,-65,27159,1476662707
E6:71:85:62:0D:A8,-68,-64,27245,1476662793
E6:71:85:62:0D:A8,-68,-65,27305,1476662853
E6:71:85:62:0D:A8,-68,-65,27365,1476662913
E6:71:85:62:0D:A8,-68,-65,27425,1476662973
E6:71:85:62:0D:A8,-68,-65,27485,1476663033
E6:71:85:62:0D:A8,-68,-65,27548,1476663096
E6:71:85:62:0D:A8,-68,-65,27608,1476663156
E6:71:85:62:0D:A8,-68,-65,27668,1476663216
E6:71:85:62:0D:A8,-69,-65,27728,1476663276
E6:71:85:62:0D:A8,-68,-65,27788,1476663336
E6:71:85:62:0D:A8,-68,-64,27851,1476663399
E6:71:85:62:0D:A8,-69,-66,27911,1476663459
E6:71:85:62:0D:A8,-69,-66,27971,1476663519
E6:71:85:62:0D:A8,-69,-65,28031,1476663579
E6:71:85:62:0D:A8,-68,-65,28091,1476663639
E6:71:85:62:0D:A8,-69,-66,28154,1476663702
E6:71:85:62:0D:A8,-69,-66,28214,1476663762
E6:71:85:62:0D:A8,-69,-66,28274,1476663822
E6:71:85:62:0D:A8,-69,-65,28334,1476663882
E6:71:85:62:0D:A8,-68,-64,28394,1476663942
E6:71:85:62:0D:A8,-69,-65,28457,1476664005
E6:71:85:62:0D:A8,-68,-65,28517,1476664065
E6:71:85:62:0D:A8,-68,-65,28577,1476664125
E6:71:85:62:0D:A8,-68,-65,28637,1476664185
E6:71:85:62:0D:A8,-68,-65,28697,1476664245
E6:71:85:62:0D:A8,-70,-66,28757,1476664305
E6:71:85:62:0D:A8,-68,-65,28817,1476664365
E6:71:85:62:0D:A8,-68,-65,28877,1476664425
E6:71:85:62:0D:A8,-69,-65,28937,1476664485
E6:71:85:62:0D:A8,-69,-66,29024,1476664572
E6:71:85:62:0D:A8,-68,-64,29084,1476664632
E6:71:85:62:0D:A8,-69,-66,29144,1476664692
E6:71:85:62:0D:A8,-69,-66,29204,1476664752
E6:71:85:62:0D:A8,-69,-66,29264,1476664812
E6:71:85:62:0D:A8,-69,-66,29328,1476664875
E6:71:85:62:0D:A8,-69,-66,29388,1476664935
E6:71:85:62:0D:A8,-69,-65,29448,1476664995
E6:71:85:62:0D:A8,-69,-65,29508,1476665055
E6:71:85:62:0D:A8,-69,-65,29568,1476665115
E6:71:85:62:0D:A8,-69,-66,29631,1476665178
E6:71:85:62:0D:A8,-70,-66,29691,1476665238
E6:71:85:62:0D:A8,-69,-66,29751,1476665298
E6:71:85:62:0D:A8,-68,-65,29811,1476665358
E6:71:85:62:0D:A8,-68,-65,29871,1476665418
E6:71:85:62:0D:A8,-68,-64,29934,1476665482
E6:71:85:62:0D:A8,-68,-66,29994,1476665542
E6:71:85:62:0D:A8,-68,-64,30054,1476665602
E6:71:85:62:0D:A8,-68,-65,30114,1476665662
30:75:12:BF:95:3C,-83,-78,53,1476665722
E6:71:85:62:0D:A8,-68,-64,30174,1476665722
30:75:12:BF:95:3C,-72,-80,116,1476665785
E6:71:85:62:0D:A8,-69,-66,30237,1476665785
30:75:12:BF:95:3C,-74,-82,176,1476665845
E6:71:85:62:0D:A8,-69,-66,30297,1476665845
30:75:12:BF:95:3C,-74,-81,236,1476665905
E6:71:85:62:0D:A8,-70,-67,30357,1476665905
30:75:12:BF:95:3C,-82,-76,296,1476665965
E6:71:85:62:0D:A8,-69,-66,30417,1476665965
30:75:12:BF:95:3C,-70,-77,356,1476666025
E6:71:85:62:0D:A8,-69,-65,30477,1476666025
30:75:12:BF:95:3C,-86,-82,416,1476666085
E6:71:85:62:0D:A8,-69,-65,30537,1476666085
30:75:12:BF:95:3C,-72,-74,476,1476666145
E6:71:85:62:0D:A8,-69,-66,30597,1476666145
30:75:12:BF:95:3C,-79,-74,536,1476666205
E6:71:85:62:0D:A8,-69,-66,30657,1476666205
30:75:12:BF:95:3C,-83,-79,596,1476666265
E6:71:85:62:0D:A8,-69,-66,30717,1476666265
30:75:12:BF:95:3C,-84,-82,659,1476666328
E6:71:85:62:0D:A8,-69,-65,30780,1476666328
E6:71:85:62:0D:A8,-71,-70,30840,1476666388
E6:71:85:62:0D:A8,-70,-69,30900,1476666448
E6:71:85:62:0D:A8,-71,-71,30960,1476666508
E6:71:85:62:0D:A8,-70,-68,31020,1476666568
E6:71:85:62:0D:A8,-69,-68,31083,1476666631
E6:71:85:62:0D:A8,-70,-71,31143,1476666691
E6:71:85:62:0D:A8,-73,-75,31203,1476666751
E6:71:85:62:0D:A8,-74,-77,31263,1476666811
E6:71:85:62:0D:A8,-74,-76,31323,1476666871
E6:71:85:62:0D:A8,-75,-76,31386,1476666934
E6:71:85:62:0D:A8,-78,-76,31446,1476666994
E6:71:85:62:0D:A8,-77,-75,31506,1476667054
E6:71:85:62:0D:A8,-79,-78,31566,1476667114
E6:71:85:62:0D:A8,-72,-68,31626,1476667174
E6:71:85:62:0D:A8,-73,-70,31689,1476667237
E6:71:85:62:0D:A8,-72,-68,31749,1476667297
E6:71:85:62:0D:A8,-74,-71,31809,1476667357
E6:71:85:62:0D:A8,-74,-70,31869,1476667417
E6:71:85:62:0D:A8,-67,-64,31929,1476667477
E6:71:85:62:0D:A8,-75,-71,32015,1476667562
E6:71:85:62:0D:A8,-72,-69,32075,1476667622
E6:71:85:62:0D:A8,-67,-64,32135,1476667682
E6:71:85:62:0D:A8,-71,-67,32195,1476667742
E6:71:85:62:0D:A8,-69,-65,32255,1476667802
E6:71:85:62:0D:A8,-69,-65,32315,1476667862
E6:71:85:62:0D:A8,-68,-65,32375,1476667923
E6:71:85:62:0D:A8,-68,-64,32435,1476667983
E6:71:85:62:0D:A8,-67,-67,32495,1476668043
E6:71:85:62:0D:A8,-70,-66,32558,1476668106
E6:71:85:62:0D:A8,-69,-65,32618,1476668166
E6:71:85:62:0D:A8,-73,-71,32678,1476668226
E6:71:85:62:0D:A8,-67,-66,32738,1476668286
E6:71:85:62:0D:A8,-68,-65,32798,1476668346
E6:71:85:62:0D:A8,-68,-64,32861,1476668409
E6:71:85:62:0D:A8,-69,-66,32921,1476668469
E6:71:85:62:0D:A8,-68,-64,32981,1476668529
E6:71:85:62:0D:A8,-68,-65,33041,1476668589
E6:71:85:62:0D:A8,-67,-64,33101,1476668649
E6:71:85:62:0D:A8,-75,-71,33164,1476668712
E6:71:85:62:0D:A8,-75,-70,33224,1476668772
E6:71:85:62:0D:A8,-74,-70,33284,1476668832
E6:71:85:62:0D:A8,-69,-67,33344,1476668892
E6:71:85:62:0D:A8,-76,-71,33404,1476668952
E6:71:85:62:0D:A8,-70,-67,33467,1476669015
E6:71:85:62:0D:A8,-70,-68,33527,1476669075
E6:71:85:62:0D:A8,-70,-67,33587,1476669135
E6:71:85:62:0D:A8,-74,-71,33647,1476669195
E6:71:85:62:0D:A8,-72,-68,33707,1476669255
E6:71:85:62:0D:A8,-71,-68,33794,1476669341
E6:71:85:62:0D:A8,-70,-69,33854,1476669401
E6:71:85:62:0D:A8,-70,-68,33914,1476669461
E6:71:85:62:0D:A8,-71,-68,33974,1476669521
E6:71:85:62:0D:A8,-69,-64,34034,1476669581
E6:71:85:62:0D:A8,-70,-65,34094,1476669641
E6:71:85:62:0D:A8,-69,-64,34154,1476669702
E6:71:85:62:0D:A8,-67,-67,34214,1476669762
E6:71:85:62:0D:A8,-69,-68,34274,1476669822
E6:71:85:62:0D:A8,-72,-72,34337,1476669885
E6:71:85:62:0D:A8,-67,-68,34397,1476669945
E6:71:85:62:0D:A8,-77,-74,34457,1476670005
E6:71:85:62:0D:A8,-67,-68,34517,1476670065
E6:71:85:62:0D:A8,-73,-74,34577,1476670125
E6:71:85:62:0D:A8,-71,-73,34640,1476670188
E6:71:85:62:0D:A8,-71,-74,34700,1476670248
E6:71:85:62:0D:A8,-68,-70,34760,1476670308
E6:71:85:62:0D:A8,-68,-69,34820,1476670368
E6:71:85:62:0D:A8,-71,-75,34880,1476670428
E6:71:85:62:0D:A8,-72,-75,34943,1476670491
E6:71:85:62:0D:A8,-72,-75,35003,1476670551
E6:71:85:62:0D:A8,-71,-74,35063,1476670611
E6:71:85:62:0D:A8,-65,-66,35123,1476670671
E6:71:85:62:0D:A8,-66,-67,35183,1476670731
E6:71:85:62:0D:A8,-64,-69,35246,1476670794
E6:71:85:62:0D:A8,-68,-68,35306,1476670854
E6:71:85:62:0D:A8,-71,-70,35366,1476670914
E6:71:85:62:0D:A8,-74,-71,35426,1476670974
E6:71:85:62:0D:A8,-62,-63,35486,1476671034
E6:71:85:62:0D:A8,-73,-75,35549,1476671097
E6:71:85:62:0D:A8,-70,-72,35609,1476671157
E6:71:85:62:0D:A8,-71,-76,35669,1476671217
E6:71:85:62:0D:A8,-71,-74,35729,1476671277
E6:71:85:62:0D:A8,-68,-69,35789,1476671337
E6:71:85:62:0D:A8,-70,-72,35849,1476671397
E6:71:85:62:0D:A8,-66,-66,35909,1476671457
E6:71:85:62:0D:A8,-64,-64,35969,1476671517
E6:71:85:62:0D:A8,-65,-65,36029,1476671577
E6:71:85:62:0D:A8,-63,-64,36092,1476671640
E6:71:85:62:0D:A8,-64,-65,36152,1476671700
E6:71:85:62:0D:A8,-64,-65,36212,1476671760
E6:71:85:62:0D:A8,-64,-65,36272,1476671820
E6:71:85:62:0D:A8,-65,-66,36332,1476671880
E6:71:85:62:0D:A8,-64,-64,36395,1476671943
E6:71:85:62:0D:A8,-65,-65,36455,1476672003
E6:71:85:62:0D:A8,-65,-66,36515,1476672063
E6:71:85:62:0D:A8,-65,-65,36575,1476672123
E6:71:85:62:0D:A8,-64,-64,36635,1476672183
E6:71:85:62:0D:A8,-73,-75,36720,1476672267
E6:71:85:62:0D:A8,-66,-70,36780,1476672327
E6:71:85:62:0D:A8,-67,-68,36840,1476672387
E6:71:85:62:0D:A8,-68,-66,36900,1476672447
E6:71:85:62:0D:A8,-67,-67,36960,1476672507
E6:71:85:62:0D:A8,-69,-72,37023,1476672570
E6:71:85:62:0D:A8,-65,-66,37083,1476672630
E6:71:85:62:0D:A8,-64,-65,37143,1476672690
E6:71:85:62:0D:A8,-65,-66,37203,1476672750
E6:71:85:62:0D:A8,-65,-66,37263,1476672810
E6:71:85:62:0D:A8,-64,-65,37326,1476672874
E6:71:85:62:0D:A8,-66,-67,37386,1476672934
E6:71:85:62:0D:A8,-64,-65,37446,1476672994
E6:71:85:62:0D:A8,-70,-71,37506,1476673054
E6:71:85:62:0D:A8,-69,-69,37566,1476673114
E6:71:85:62:0D:A8,-69,-69,37626,1476673174
E6:71:85:62:0D:A8,-66,-67,37686,1476673234
E6:71:85:62:0D:A8,-66,-67,37746,1476673294
E6:71:85:62:0D:A8,-66,-66,37806,1476673354
E6:71:85:62:0D:A8,-64,-66,37869,1476673417
E6:71:85:62:0D:A8,-71,-72,37929,1476673477
E6:71:85:62:0D:A8,-66,-68,37989,1476673537
E6:71:85:62:0D:A8,-67,-68,38049,1476673597
E6:71:85:62:0D:A8,-67,-68,38109,1476673657
E6:71:85:62:0D:A8,-66,-67,38172,1476673720
E6:71:85:62:0D:A8,-66,-68,38232,1476673780
E6:71:85:62:0D:A8,-67,-67,38292,1476673840
E6:71:85:62:0D:A8,-66,-67,38352,1476673900
E6:71:85:62:0D:A8,-64,-64,38412,1476673960
E6:71:85:62:0D:A8,-64,-64,38475,1476674023
E6:71:85:62:0D:A8,-65,-66,38535,1476674083
E6:71:85:62:0D:A8,-66,-66,38595,1476674143
E6:71:85:62:0D:A8,-65,-65,38655,1476674203
E6:71:85:62:0D:A8,-67,-68,38715,1476674263
E6:71:85:62:0D:A8,-66,-66,38801,1476674349
E6:71:85:62:0D:A8,-64,-64,38861,1476674409
E6:71:85:62:0D:A8,-66,-66,38921,1476674469
E6:71:85:62:0D:A8,-66,-66,38981,1476674529
E6:71:85:62:0D:A8,-66,-66,39041,1476674589
E6:71:85:62:0D:A8,-67,-67,39104,1476674652
E6:71:85:62:0D:A8,-65,-65,39164,1476674712
E6:71:85:62:0D:A8,-66,-66,39224,1476674772
E6:71:85:62:0D:A8,-68,-68,39284,1476674832
E6:71:85:62:0D:A8,-65,-65,39344,1476674892
E6:71:85:62:0D:A8,-64,-64,39404,1476674952
E6:71:85:62:0D:A8,-66,-67,39464,1476675012
E6:71:85:62:0D:A8,-64,-65,39524,1476675072
E6:71:85:62:0D:A8,-66,-66,39584,1476675132
