Client_MAC,Rssi0,Rssi1,Connection_Time,EpocTime
E6:71:85:62:0D:A8,-69,-65,11870,1476647418
E6:71:85:62:0D:A8,-69,-66,11930,1476647478
E6:71:85:62:0D:A8,-69,-65,11990,1476647538
E6:71:85:62:0D:A8,-69,-66,12050,1476647598
E6:71:85:62:0D:A8,-69,-66,12110,1476647658
E6:71:85:62:0D:A8,-69,-66,12173,1476647721
E6:71:85:62:0D:A8,-69,-66,12233,1476647781
E6:71:85:62:0D:A8,-69,-66,12293,1476647841
E6:71:85:62:0D:A8,-69,-66,12353,1476647901
E6:71:85:62:0D:A8,-70,-67,12413,1476647961
E6:71:85:62:0D:A8,-69,-65,12476,1476648024
E6:71:85:62:0D:A8,-68,-65,12536,1476648084
E6:71:85:62:0D:A8,-68,-65,12596,1476648144
E6:71:85:62:0D:A8,-68,-65,12656,1476648204
E6:71:85:62:0D:A8,-68,-65,12716,1476648264
E6:71:85:62:0D:A8,-69,-65,12776,1476648324
E6:71:85:62:0D:A8,-68,-65,12836,1476648384
E6:71:85:62:0D:A8,-68,-65,12896,1476648444
E6:71:85:62:0D:A8,-68,-65,12956,1476648504
E6:71:85:62:0D:A8,-69,-66,13020,1476648567
E6:71:85:62:0D:A8,-69,-66,13080,1476648627
E6:71:85:62:0D:A8,-69,-66,13140,1476648687
E6:71:85:62:0D:A8,-69,-66,13200,1476648747
E6:71:85:62:0D:A8,-69,-65,13260,1476648807
E6:71:85:62:0D:A8,-69,-65,13323,1476648871
E6:71:85:62:0D:A8,-70,-67,13383,1476648931
E6:71:85:62:0D:A8,-69,-66,13443,1476648991
E6:71:85:62:0D:A8,-68,-65,13503,1476649051
E6:71:85:62:0D:A8,-68,-65,13563,1476649111
E6:71:85:62:0D:A8,-68,-64,13626,1476649174
E6:71:85:62:0D:A8,-68,-64,13686,1476649234
E6:71:85:62:0D:A8,-68,-65,13746,1476649294
E6:71:85:62:0D:A8,-68,-65,13806,1476649354
E6:71:85:62:0D:A8,-68,-64,13866,1476649414
E6:71:85:62:0D:A8,-69,-66,13952,1476649500
E6:71:85:62:0D:A8,-69,-65,14012,1476649560
E6:71:85:62:0D:A8,-69,-66,14072,1476649620
E6:71:85:62:0D:A8,-69,-66,14132,1476649680
E6:71:85:62:0D:A8,-68,-65,14192,1476649740
E6:71:85:62:0D:A8,-68,-64,14255,1476649803
E6:71:85:62:0D:A8,-68,-65,14315,1476649863
E6:71:85:62:0D:A8,-68,-65,14375,1476649923
E6:71:85:62:0D:A8,-68,-65,14435,1476649983
E6:71:85:62:0D:A8,-68,-64,14495,1476650043
E6:71:85:62:0D:A8,-68,-65,14555,1476650103
E6:71:85:62:0D:A8,-69,-65,14615,1476650163
E6:71:85:62:0D:A8,-68,-64,14675,1476650223
E6:71:85:62:0D:A8,-68,-65,14735,1476650283
E6:71:85:62:0D:A8,-68,-65,14798,1476650346
E6:71:85:62:0D:A8,-68,-65,14858,1476650406
E6:71:85:62:0D:A8,-68,-65,14918,1476650466
E6:71:85:62:0D:A8,-69,-65,14978,1476650526
E6:71:85:62:0D:A8,-69,-65,15038,1476650586
E6:71:85:62:0D:A8,-69,-66,15123,1476650671
E6:71:85:62:0D:A8,-69,-66,15183,1476650731
E6:71:85:62:0D:A8,-69,-66,15243,1476650791
E6:71:85:62:0D:A8,-69,-66,15303,1476650851
E6:71:85:62:0D:A8,-69,-66,15363,1476650911
E6:71:85:62:0D:A8,-68,-65,15426,1476650974
E6:71:85:62:0D:A8,-68,-65,15486,1476651034
E6:71:85:62:0D:A8,-68,-65,15546,1476651094
E6:71:85:62:0D:A8,-68,-65,15606,1476651154
E6:71:85:62:0D:A8,-68,-65,15666,1476651214
E6:71:85:62:0D:A8,-68,-65,15729,1476651277
E6:71:85:62:0D:A8,-69,-65,15789,1476651337
E6:71:85:62:0D:A8,-69,-65,15849,1476651397
E6:71:85:62:0D:A8,-69,-65,15909,1476651457
E6:71:85:62:0D:A8,-69,-65,15969,1476651517
E6:71:85:62:0D:A8,-69,-66,16032,1476651580
E6:71:85:62:0D:A8,-69,-66,16092,1476651640
E6:71:85:62:0D:A8,-69,-65,16152,1476651700
E6:71:85:62:0D:A8,-69,-66,16212,1476651760
E6:71:85:62:0D:A8,-70,-67,16272,1476651820
E6:71:85:62:0D:A8,-68,-65,16332,1476651880
E6:71:85:62:0D:A8,-69,-65,16392,1476651940
E6:71:85:62:0D:A8,-69,-66,16452,1476652000
E6:71:85:62:0D:A8,-69,-66,16512,1476652060
E6:71:85:62:0D:A8,-69,-66,16575,1476652123
E6:71:85:62:0D:A8,-69,-66,16635,1476652183
E6:71:85:62:0D:A8,-69,-66,16695,1476652243
E6:71:85:62:0D:A8,-69,-65,16755,1476652303
E6:71:85:62:0D:A8,-69,-66,16815,1476652363
E6:71:85:62:0D:A8,-68,-65,16878,1476652426
E6:71:85:62:0D:A8,-68,-65,16938,1476652486
E6:71:85:62:0D:A8,-68,-65,16998,1476652546
E6:71:85:62:0D:A8,-68,-65,17058,1476652606
E6:71:85:62:0D:A8,-68,-66,17118,1476652666
E6:71:85:62:0D:A8,-68,-65,17205,1476652753
E6:71:85:62:0D:A8,-69,-65,17265,1476652813
E6:71:85:62:0D:A8,-68,-65,17325,1476652873
E6:71:85:62:0D:A8,-69,-66,17385,1476652933
E6:71:85:62:0D:A8,-69,-66,17445,1476652993
E6:71:85:62:0D:A8,-68,-65,17508,1476653056
E6:71:85:62:0D:A8,-68,-65,17568,1476653116
E6:71:85:62:0D:A8,-68,-65,17628,1476653176
E6:71:85:62:0D:A8,-68,-65,17688,1476653236
E6:71:85:62:0D:A8,-68,-65,17748,1476653296
E6:71:85:62:0D:A8,-68,-64,17811,1476653359
E6:71:85:62:0D:A8,-68,-65,17871,1476653419
E6:71:85:62:0D:A8,-69,-66,17931,1476653479
E6:71:85:62:0D:A8,-68,-65,17991,1476653539
E6:71:85:62:0D:A8,-68,-64,18051,1476653599
E6:71:85:62:0D:A8,-68,-64,18111,1476653659
E6:71:85:62:0D:A8,-69,-66,18171,1476653719
E6:71:85:62:0D:A8,-68,-65,18231,1476653779
E6:71:85:62:0D:A8,-68,-65,18291,1476653839
E6:71:85:62:0D:A8,-68,-65,18354,1476653902
E6:71:85:62:0D:A8,-69,-66,18414,1476653962
E6:71:85:62:0D:A8,-68,-65,18474,1476654022
E6:71:85:62:0D:A8,-68,-65,18534,1476654082
E6:71:85:62:0D:A8,-68,-65,18594,1476654142
E6:71:85:62:0D:A8,-68,-65,18679,1476654227
E6:71:85:62:0D:A8,-69,-65,18739,1476654287
E6:71:85:62:0D:A8,-69,-66,18799,1476654347
E6:71:85:62:0D:A8,-69,-65,18859,1476654407
E6:71:85:62:0D:A8,-69,-66,18919,1476654467
E6:71:85:62:0D:A8,-68,-64,18982,1476654530
E6:71:85:62:0D:A8,-68,-65,19042,1476654590
E6:71:85:62:0D:A8,-68,-64,19102,1476654650
E6:71:85:62:0D:A8,-68,-65,19162,1476654710
E6:71:85:62:0D:A8,-68,-64,19222,1476654770
E6:71:85:62:0D:A8,-69,-66,19285,1476654833
E6:71:85:62:0D:A8,-68,-65,19345,1476654893
E6:71:85:62:0D:A8,-68,-64,19405,1476654953
E6:71:85:62:0D:A8,-68,-64,19465,1476655013
E6:71:85:62:0D:A8,-68,-65,19525,1476655073
E6:71:85:62:0D:A8,-68,-65,19588,1476655136
E6:71:85:62:0D:A8,-69,-66,19648,1476655196
E6:71:85:62:0D:A8,-69,-66,19708,1476655256
E6:71:85:62:0D:A8,-69,-66,19768,1476655316
E6:71:85:62:0D:A8,-70,-67,19828,1476655376
E6:71:85:62:0D:A8,-69,-66,19888,1476655436
E6:71:85:62:0D:A8,-69,-65,19948,1476655496
E6:71:85:62:0D:A8,-69,-66,20008,1476655556
E6:71:85:62:0D:A8,-69,-66,20068,1476655616
E6:71:85:62:0D:A8,-69,-66,20131,1476655679
E6:71:85:62:0D:A8,-69,-65,20191,1476655739
E6:71:85:62:0D:A8,-68,-65,20251,1476655799
E6:71:85:62:0D:A8,-69,-66,20311,1476655859
E6:71:85:62:0D:A8,-69,-66,20371,1476655919
E6:71:85:62:0D:A8,-68,-65,20435,1476655982
E6:71:85:62:0D:A8,-68,-65,20495,1476656042
E6:71:85:62:0D:A8,-68,-65,20555,1476656102
E6:71:85:62:0D:A8,-68,-65,20615,1476656162
E6:71:85:62:0D:A8,-68,-65,20675,1476656222
E6:71:85:62:0D:A8,-69,-65,20759,1476656307
E6:71:85:62:0D:A8,-69,-66,20819,1476656367
E6:71:85:62:0D:A8,-69,-66,20879,1476656427
E6:71:85:62:0D:A8,-69,-66,20939,1476656487
E6:71:85:62:0D:A8,-69,-66,20999,1476656547
E6:71:85:62:0D:A8,-69,-66,21062,1476656610
E6:71:85:62:0D:A8,-69,-65,21122,1476656670
E6:71:85:62:0D:A8,-69,-66,21182,1476656730
E6:71:85:62:0D:A8,-69,-66,21242,1476656790
E6:71:85:62:0D:A8,-69,-66,21302,1476656850
E6:71:85:62:0D:A8,-69,-67,21365,1476656913
E6:71:85:62:0D:A8,-68,-65,21425,1476656973
E6:71:85:62:0D:A8,-68,-65,21485,1476657033
E6:71:85:62:0D:A8,-68,-65,21545,1476657093
E6:71:85:62:0D:A8,-68,-65,21605,1476657153
E6:71:85:62:0D:A8,-68,-65,21665,1476657213
E6:71:85:62:0D:A8,-68,-65,21725,1476657273
E6:71:85:62:0D:A8,-68,-65,21785,1476657333
E6:71:85:62:0D:A8,-68,-65,21845,1476657393
E6:71:85:62:0D:A8,-68,-64,21909,1476657456
E6:71:85:62:0D:A8,-70,-66,21969,1476657516
E6:71:85:62:0D:A8,-69,-65,22029,1476657576
E6:71:85:62:0D:A8,-69,-65,22089,1476657636
E6:71:85:62:0D:A8,-69,-65,22149,1476657696
E6:71:85:62:0D:A8,-69,-65,22234,1476657782
E6:71:85:62:0D:A8,-69,-66,22294,1476657842
E6:71:85:62:0D:A8,-69,-66,22354,1476657902
E6:71:85:62:0D:A8,-69,-66,22414,1476657962
E6:71:85:62:0D:A8,-68,-65,22474,1476658022
E6:71:85:62:0D:A8,-68,-65,22537,1476658085
E6:71:85:62:0D:A8,-69,-65,22597,1476658145
E6:71:85:62:0D:A8,-68,-65,22657,1476658205
E6:71:85:62:0D:A8,-68,-65,22717,1476658265
E6:71:85:62:0D:A8,-68,-65,22777,1476658325
E6:71:85:62:0D:A8,-69,-65,22841,1476658388
E6:71:85:62:0D:A8,-69,-65,22901,1476658448
E6:71:85:62:0D:A8,-68,-65,22961,1476658508
E6:71:85:62:0D:A8,-68,-65,23021,1476658568
E6:71:85:62:0D:A8,-68,-65,23081,1476658628
E6:71:85:62:0D:A8,-69,-66,23144,1476658691
E6:71:85:62:0D:A8,-69,-66,23204,1476658751
E6:71:85:62:0D:A8,-69,-66,23264,1476658811
E6:71:85:62:0D:A8,-69,-66,23324,1476658871
E6:71:85:62:0D:A8,-70,-67,23384,1476658931
E6:71:85:62:0D:A8,-70,-66,23444,1476658991
E6:71:85:62:0D:A8,-68,-65,23504,1476659052
E6:71:85:62:0D:A8,-69,-66,23564,1476659112
E6:71:85:62:0D:A8,-69,-65,23624,1476659172
E6:71:85:62:0D:A8,-69,-66,23687,1476659235
E6:71:85:62:0D:A8,-68,-65,23747,1476659295
E6:71:85:62:0D:A8,-68,-65,23807,1476659355
E6:71:85:62:0D:A8,-69,-66,23867,1476659415
E6:71:85:62:0D:A8,-69,-65,23927,1476659475
E6:71:85:62:0D:A8,-68,-65,23990,1476659538
E6:71:85:62:0D:A8,-68,-65,24050,1476659598
E6:71:85:62:0D:A8,-68,-65,24110,1476659658
E6:71:85:62:0D:A8,-69,-65,24170,1476659718
E6:71:85:62:0D:A8,-69,-65,24230,1476659778
E6:71:85:62:0D:A8,-68,-64,24293,1476659841
E6:71:85:62:0D:A8,-68,-65,24353,1476659901
E6:71:85:62:0D:A8,-68,-64,24413,1476659961
E6:71:85:62:0D:A8,-68,-65,24473,1476660021
E6:71:85:62:0D:A8,-68,-65,24533,1476660081
E6:71:85:62:0D:A8,-68,-65,24596,1476660144
E6:71:85:62:0D:A8,-68,-65,24656,1476660204
E6:71:85:62:0D:A8,-69,-65,24716,1476660264
E6:71:85:62:0D:A8,-69,-66,24776,1476660324
E6:71:85:62:0D:A8,-69,-66,24836,1476660384
E6:71:85:62:0D:A8,-69,-65,24899,1476660447
E6:71:85:62:0D:A8,-69,-66,24959,1476660507
E6:71:85:62:0D:A8,-69,-66,25019,1476660567
E6:71:85:62:0D:A8,-68,-66,25079,1476660627
E6:71:85:62:0D:A8,-69,-65,25139,1476660687
E6:71:85:62:0D:A8,-69,-65,25199,1476660747
E6:71:85:62:0D:A8,-69,-65,25259,1476660807
E6:71:85:62:0D:A8,-69,-66,25319,1476660867
E6:71:85:62:0D:A8,-69,-66,25379,1476660927
E6:71:85:62:0D:A8,-68,-65,25442,1476660990
E6:71:85:62:0D:A8,-68,-65,25502,1476661050
E6:71:85:62:0D:A8,-68,-65,25562,1476661110
E6:71:85:62:0D:A8,-68,-65,25622,1476661170
E6:71:85:62:0D:A8,-68,-65,25682,1476661230
E6:71:85:62:0D:A8,-68,-65,25745,1476661293
E6:71:85:62:0D:A8,-68,-64,25805,1476661353
E6:71:85:62:0D:A8,-68,-65,25865,1476661413
E6:71:85:62:0D:A8,-68,-65,25925,1476661473
E6:71:85:62:0D:A8,-68,-65,25985,1476661533
