Client_MAC,Rssi0,Rssi1,Connection_Time,EpocTime
E6:71:85:62:0D:A8,-62,-71,21194,1476349594
60:03:08:69:46:C4,-85,-84,1643,1476349594
E6:71:85:62:0D:A8,-62,-71,21254,1476349654
60:03:08:69:46:C4,-85,-84,1703,1476349654
E6:71:85:62:0D:A8,-62,-71,21314,1476349714
60:03:08:69:46:C4,-85,-84,1763,1476349714
E6:71:85:62:0D:A8,-62,-71,21374,1476349774
60:03:08:69:46:C4,-85,-84,1823,1476349774
E6:71:85:62:0D:A8,-62,-71,21434,1476349834
60:03:08:69:46:C4,-85,-84,1883,1476349834
E6:71:85:62:0D:A8,-62,-71,21497,1476349897
60:03:08:69:46:C4,-85,-84,1946,1476349897
E6:71:85:62:0D:A8,-61,-71,21557,1476349957
60:03:08:69:46:C4,-85,-84,2006,1476349957
E6:71:85:62:0D:A8,-62,-71,21617,1476350017
60:03:08:69:46:C4,-85,-84,2066,1476350017
E6:71:85:62:0D:A8,-62,-71,21677,1476350077
60:03:08:69:46:C4,-85,-84,2126,1476350077
E6:71:85:62:0D:A8,-62,-71,21737,1476350137
60:03:08:69:46:C4,-85,-84,2186,1476350137
E6:71:85:62:0D:A8,-62,-71,21800,1476350200
60:03:08:69:46:C4,-85,-84,2249,1476350200
E6:71:85:62:0D:A8,-62,-71,21860,1476350260
60:03:08:69:46:C4,-83,-83,2309,1476350260
E6:71:85:62:0D:A8,-62,-71,21920,1476350320
60:03:08:69:46:C4,-81,-84,2369,1476350320
E6:71:85:62:0D:A8,-62,-71,21980,1476350380
60:03:08:69:46:C4,-82,-84,2429,1476350380
E6:71:85:62:0D:A8,-62,-71,22040,1476350440
60:03:08:69:46:C4,-81,-85,2489,1476350440
E6:71:85:62:0D:A8,-62,-71,22103,1476350503
60:03:08:69:46:C4,-83,-85,2552,1476350503
E6:71:85:62:0D:A8,-62,-71,22163,1476350563
60:03:08:69:46:C4,-84,-84,2612,1476350563
E6:71:85:62:0D:A8,-62,-71,22223,1476350623
60:03:08:69:46:C4,-82,-84,2672,1476350623
E6:71:85:62:0D:A8,-62,-71,22283,1476350683
60:03:08:69:46:C4,-86,-88,2732,1476350683
E6:71:85:62:0D:A8,-61,-70,22343,1476350743
60:03:08:69:46:C4,-86,-87,2792,1476350743
E6:71:85:62:0D:A8,-62,-71,22406,1476350806
60:03:08:69:46:C4,-86,-87,2855,1476350806
E6:71:85:62:0D:A8,-62,-71,22466,1476350866
60:03:08:69:46:C4,-86,-87,2915,1476350866
E6:71:85:62:0D:A8,-62,-71,22526,1476350926
60:03:08:69:46:C4,-86,-87,2975,1476350926
E6:71:85:62:0D:A8,-62,-71,22586,1476350986
60:03:08:69:46:C4,-86,-87,3035,1476350986
E6:71:85:62:0D:A8,-62,-71,22646,1476351046
60:03:08:69:46:C4,-86,-87,3095,1476351046
E6:71:85:62:0D:A8,-62,-71,22709,1476351110
60:03:08:69:46:C4,-86,-87,3158,1476351110
E6:71:85:62:0D:A8,-61,-71,22769,1476351170
60:03:08:69:46:C4,-86,-87,3218,1476351170
E6:71:85:62:0D:A8,-62,-71,22829,1476351230
60:03:08:69:46:C4,-86,-87,3278,1476351230
E6:71:85:62:0D:A8,-62,-71,22889,1476351290
60:03:08:69:46:C4,-86,-87,3338,1476351290
E6:71:85:62:0D:A8,-61,-71,22949,1476351350
60:03:08:69:46:C4,-86,-87,3398,1476351350
E6:71:85:62:0D:A8,-62,-71,23012,1476351413
60:03:08:69:46:C4,-86,-87,3461,1476351413
E6:71:85:62:0D:A8,-62,-71,23072,1476351473
60:03:08:69:46:C4,-86,-87,3521,1476351473
E6:71:85:62:0D:A8,-61,-71,23132,1476351533
60:03:08:69:46:C4,-86,-87,3581,1476351533
E6:71:85:62:0D:A8,-62,-71,23192,1476351593
60:03:08:69:46:C4,-86,-87,3641,1476351593
E6:71:85:62:0D:A8,-61,-70,23252,1476351653
60:03:08:69:46:C4,-87,-87,3701,1476351653
E6:71:85:62:0D:A8,-62,-71,23316,1476351716
60:03:08:69:46:C4,-87,-87,3765,1476351716
E6:71:85:62:0D:A8,-62,-70,23376,1476351776
60:03:08:69:46:C4,-87,-87,3825,1476351776
E6:71:85:62:0D:A8,-61,-71,23436,1476351836
60:03:08:69:46:C4,-86,-87,3885,1476351836
E6:71:85:62:0D:A8,-62,-71,23496,1476351896
60:03:08:69:46:C4,-86,-87,3945,1476351896
E6:71:85:62:0D:A8,-61,-71,23556,1476351956
60:03:08:69:46:C4,-85,-87,4005,1476351956
E6:71:85:62:0D:A8,-62,-71,23619,1476352019
60:03:08:69:46:C4,-86,-87,4068,1476352019
E6:71:85:62:0D:A8,-61,-70,23679,1476352079
60:03:08:69:46:C4,-84,-87,4128,1476352079
E6:71:85:62:0D:A8,-61,-70,23739,1476352139
60:03:08:69:46:C4,-86,-88,4188,1476352139
E6:71:85:62:0D:A8,-61,-71,23799,1476352199
60:03:08:69:46:C4,-85,-88,4248,1476352199
E6:71:85:62:0D:A8,-62,-71,23859,1476352259
60:03:08:69:46:C4,-85,-88,4308,1476352259
E6:71:85:62:0D:A8,-62,-71,23922,1476352322
60:03:08:69:46:C4,-85,-87,4371,1476352322
E6:71:85:62:0D:A8,-62,-71,23982,1476352382
60:03:08:69:46:C4,-86,-87,4431,1476352382
E6:71:85:62:0D:A8,-62,-71,24042,1476352442
60:03:08:69:46:C4,-87,-87,4491,1476352442
E6:71:85:62:0D:A8,-62,-71,24102,1476352502
60:03:08:69:46:C4,-87,-87,4551,1476352502
E6:71:85:62:0D:A8,-61,-71,24162,1476352562
60:03:08:69:46:C4,-87,-87,4611,1476352562
E6:71:85:62:0D:A8,-62,-71,24225,1476352625
60:03:08:69:46:C4,-87,-87,4674,1476352625
E6:71:85:62:0D:A8,-62,-70,24285,1476352685
60:03:08:69:46:C4,-87,-87,4734,1476352685
E6:71:85:62:0D:A8,-62,-71,24345,1476352745
60:03:08:69:46:C4,-87,-87,4794,1476352745
E6:71:85:62:0D:A8,-62,-71,24405,1476352805
60:03:08:69:46:C4,-86,-87,4854,1476352805
E6:71:85:62:0D:A8,-62,-70,24465,1476352865
60:03:08:69:46:C4,-87,-87,4914,1476352865
E6:71:85:62:0D:A8,-62,-71,24528,1476352928
60:03:08:69:46:C4,-87,-88,4977,1476352928
E6:71:85:62:0D:A8,-62,-71,24588,1476352988
60:03:08:69:46:C4,-87,-88,5037,1476352988
E6:71:85:62:0D:A8,-62,-70,24648,1476353048
60:03:08:69:46:C4,-86,-87,5097,1476353048
E6:71:85:62:0D:A8,-62,-71,24708,1476353108
60:03:08:69:46:C4,-86,-87,5157,1476353108
E6:71:85:62:0D:A8,-62,-71,24768,1476353168
60:03:08:69:46:C4,-85,-84,5217,1476353168
E6:71:85:62:0D:A8,-62,-71,24831,1476353231
60:03:08:69:46:C4,-89,-86,5280,1476353231
E6:71:85:62:0D:A8,-62,-71,24891,1476353291
60:03:08:69:46:C4,-89,-86,5340,1476353291
E6:71:85:62:0D:A8,-62,-71,24951,1476353351
60:03:08:69:46:C4,-89,-86,5400,1476353351
E6:71:85:62:0D:A8,-61,-71,25011,1476353411
60:03:08:69:46:C4,-89,-86,5460,1476353411
E6:71:85:62:0D:A8,-62,-71,25071,1476353471
60:03:08:69:46:C4,-89,-86,5520,1476353471
E6:71:85:62:0D:A8,-62,-71,25134,1476353534
E6:71:85:62:0D:A8,-63,-71,25194,1476353594
E6:71:85:62:0D:A8,-62,-71,25254,1476353654
E6:71:85:62:0D:A8,-62,-71,25314,1476353714
E6:71:85:62:0D:A8,-62,-71,25374,1476353774
E6:71:85:62:0D:A8,-62,-71,25437,1476353837
E6:71:85:62:0D:A8,-62,-71,25497,1476353897
E6:71:85:62:0D:A8,-62,-71,25557,1476353957
E6:71:85:62:0D:A8,-62,-71,25617,1476354017
E6:71:85:62:0D:A8,-61,-71,25677,1476354077
E6:71:85:62:0D:A8,-63,-71,25740,1476354140
E6:71:85:62:0D:A8,-62,-71,25800,1476354200
E6:71:85:62:0D:A8,-62,-71,25860,1476354260
E6:71:85:62:0D:A8,-62,-72,25920,1476354320
E6:71:85:62:0D:A8,-62,-71,25980,1476354380
E6:71:85:62:0D:A8,-62,-71,26043,1476354443
E6:71:85:62:0D:A8,-61,-70,26103,1476354503
E6:71:85:62:0D:A8,-62,-71,26163,1476354563
E6:71:85:62:0D:A8,-61,-70,26223,1476354623
E6:71:85:62:0D:A8,-61,-71,26283,1476354683
E6:71:85:62:0D:A8,-62,-71,26346,1476354746
E6:71:85:62:0D:A8,-62,-71,26406,1476354806
E6:71:85:62:0D:A8,-61,-71,26466,1476354866
E6:71:85:62:0D:A8,-62,-71,26526,1476354926
E6:71:85:62:0D:A8,-61,-71,26586,1476354986
E6:71:85:62:0D:A8,-62,-71,26649,1476355049
E6:71:85:62:0D:A8,-62,-71,26709,1476355109
E6:71:85:62:0D:A8,-62,-71,26769,1476355169
E6:71:85:62:0D:A8,-62,-71,26829,1476355229
E6:71:85:62:0D:A8,-62,-71,26889,1476355289
E6:71:85:62:0D:A8,-62,-71,26952,1476355352
E6:71:85:62:0D:A8,-62,-71,27012,1476355412
E6:71:85:62:0D:A8,-62,-71,27072,1476355473
E6:71:85:62:0D:A8,-62,-71,27132,1476355533
E6:71:85:62:0D:A8,-62,-71,27192,1476355593
E6:71:85:62:0D:A8,-62,-71,27255,1476355656
E6:71:85:62:0D:A8,-61,-71,27315,1476355716
E6:71:85:62:0D:A8,-61,-71,27375,1476355776
E6:71:85:62:0D:A8,-62,-72,27435,1476355836
E6:71:85:62:0D:A8,-61,-71,27495,1476355896
E6:71:85:62:0D:A8,-61,-71,27558,1476355959
E6:71:85:62:0D:A8,-61,-71,27618,1476356019
E6:71:85:62:0D:A8,-61,-71,27678,1476356079
E6:71:85:62:0D:A8,-61,-70,27738,1476356139
E6:71:85:62:0D:A8,-61,-71,27798,1476356199
E6:71:85:62:0D:A8,-61,-71,27862,1476356262
E6:71:85:62:0D:A8,-61,-71,27922,1476356322
E6:71:85:62:0D:A8,-61,-71,27982,1476356382
E6:71:85:62:0D:A8,-62,-71,28042,1476356442
E6:71:85:62:0D:A8,-62,-71,28102,1476356502
E6:71:85:62:0D:A8,-62,-71,28165,1476356565
60:03:08:69:46:C4,-82,-85,61,1476356565
E6:71:85:62:0D:A8,-62,-71,28225,1476356625
60:03:08:69:46:C4,-82,-85,121,1476356625
E6:71:85:62:0D:A8,-62,-71,28285,1476356685
60:03:08:69:46:C4,-82,-85,181,1476356685
E6:71:85:62:0D:A8,-62,-71,28345,1476356745
60:03:08:69:46:C4,-82,-84,241,1476356745
E6:71:85:62:0D:A8,-62,-71,56,1476356805
60:03:08:69:46:C4,-82,-85,301,1476356805
E6:71:85:62:0D:A8,-62,-71,119,1476356868
60:03:08:69:46:C4,-82,-84,364,1476356868
E6:71:85:62:0D:A8,-63,-71,179,1476356928
60:03:08:69:46:C4,-82,-85,424,1476356928
E6:71:85:62:0D:A8,-63,-72,239,1476356988
60:03:08:69:46:C4,-81,-84,484,1476356988
E6:71:85:62:0D:A8,-62,-71,299,1476357048
60:03:08:69:46:C4,-81,-84,544,1476357048
E6:71:85:62:0D:A8,-62,-71,359,1476357108
60:03:08:69:46:C4,-81,-84,604,1476357108
E6:71:85:62:0D:A8,-62,-71,423,1476357173
60:03:08:69:46:C4,-81,-84,668,1476357173
E6:71:85:62:0D:A8,-62,-71,483,1476357233
60:03:08:69:46:C4,-81,-84,728,1476357233
E6:71:85:62:0D:A8,-62,-71,543,1476357293
60:03:08:69:46:C4,-82,-84,788,1476357293
E6:71:85:62:0D:A8,-62,-71,603,1476357353
60:03:08:69:46:C4,-81,-84,848,1476357353
E6:71:85:62:0D:A8,-62,-71,663,1476357413
60:03:08:69:46:C4,-81,-84,908,1476357413
E6:71:85:62:0D:A8,-63,-71,727,1476357476
60:03:08:69:46:C4,-81,-84,972,1476357476
E6:71:85:62:0D:A8,-63,-72,787,1476357536
60:03:08:69:46:C4,-81,-84,1032,1476357536
E6:71:85:62:0D:A8,-63,-71,847,1476357596
60:03:08:69:46:C4,-82,-85,1092,1476357596
E6:71:85:62:0D:A8,-63,-71,907,1476357656
60:03:08:69:46:C4,-82,-85,1152,1476357656
E6:71:85:62:0D:A8,-62,-71,967,1476357716
60:03:08:69:46:C4,-82,-84,1212,1476357716
E6:71:85:62:0D:A8,-63,-72,1030,1476357779
60:03:08:69:46:C4,-81,-84,1275,1476357779
E6:71:85:62:0D:A8,-63,-72,1090,1476357839
60:03:08:69:46:C4,-81,-84,1335,1476357839
E6:71:85:62:0D:A8,-63,-72,1150,1476357899
60:03:08:69:46:C4,-82,-84,1395,1476357899
E6:71:85:62:0D:A8,-62,-71,1210,1476357959
60:03:08:69:46:C4,-81,-85,1455,1476357959
E6:71:85:62:0D:A8,-65,-72,1270,1476358019
60:03:08:69:46:C4,-81,-85,1515,1476358019
E6:71:85:62:0D:A8,-62,-70,1333,1476358082
60:03:08:69:46:C4,-83,-85,1578,1476358082
E6:71:85:62:0D:A8,-62,-70,1393,1476358142
60:03:08:69:46:C4,-84,-84,1638,1476358142
E6:71:85:62:0D:A8,-62,-70,1453,1476358202
60:03:08:69:46:C4,-84,-84,1698,1476358202
E6:71:85:62:0D:A8,-62,-70,1513,1476358262
60:03:08:69:46:C4,-83,-82,1758,1476358262
E6:71:85:62:0D:A8,-62,-70,1573,1476358322
60:03:08:69:46:C4,-83,-81,1818,1476358322
