Client_MAC,Rssi0,Rssi1,Connection_Time,EpocTIME
30:75:12:BF:95:3C,-51,-51,5,1476370187
30:75:12:BF:95:3C,-47,-42,24,1476370307
30:75:12:BF:95:3C,-54,-45,84,1476370367
30:75:12:BF:95:3C,-88,-89,144,1476370427
30:75:12:BF:95:3C,-91,-88,207,1476370490
5C:E0:C5:C8:D3:D1,-90,-88,34,1476370490
30:75:12:BF:95:3C,-91,-88,267,1476370550
5C:E0:C5:C8:D3:D1,-76,-82,94,1476370550
E6:71:85:62:0D:A8,-65,-70,37,1476370550
E6:71:85:62:0D:A8,-64,-69,3,1476370610
5C:E0:C5:C8:D3:D1,-78,-85,154,1476370610
E6:71:85:62:0D:A8,-65,-70,41,1476370670
5C:E0:C5:C8:D3:D1,-80,-87,214,1476370670
E6:71:85:62:0D:A8,-63,-68,101,1476370730
5C:E0:C5:C8:D3:D1,-80,-87,274,1476370730
E6:71:85:62:0D:A8,-61,-66,188,1476370816
5C:E0:C5:C8:D3:D1,-80,-87,361,1476370816
E6:71:85:62:0D:A8,-64,-67,248,1476370877
5C:E0:C5:C8:D3:D1,-80,-87,421,1476370877
5C:E0:C5:C8:D3:D1,-87,-88,45,1476370936
E6:71:85:62:0D:A8,-64,-69,4,1476370936
5C:E0:C5:C8:D3:D1,-81,-86,105,1476370997
E6:71:85:62:0D:A8,-70,-73,40,1476370997
5C:E0:C5:C8:D3:D1,-74,-81,165,1476371057
E6:71:85:62:0D:A8,-65,-71,100,1476371057
5C:E0:C5:C8:D3:D1,-76,-78,228,1476371120
E6:71:85:62:0D:A8,-66,-71,163,1476371120
5C:E0:C5:C8:D3:D1,-74,-81,288,1476371180
E6:71:85:62:0D:A8,-66,-73,223,1476371180
5C:E0:C5:C8:D3:D1,-75,-81,348,1476371240
E6:71:85:62:0D:A8,-63,-70,283,1476371240
5C:E0:C5:C8:D3:D1,-77,-81,408,1476371300
E6:71:85:62:0D:A8,-65,-71,343,1476371300
5C:E0:C5:C8:D3:D1,-75,-82,468,1476371360
E6:71:85:62:0D:A8,-67,-71,403,1476371360
5C:E0:C5:C8:D3:D1,-74,-83,531,1476371423
E6:71:85:62:0D:A8,-67,-70,466,1476371423
5C:E0:C5:C8:D3:D1,-74,-80,591,1476371483
E6:71:85:62:0D:A8,-65,-71,526,1476371483
E6:71:85:62:00:80,-70,-73,39,1476371483
5C:E0:C5:C8:D3:D1,-73,-79,50,1476371543
E6:71:85:62:0D:A8,-66,-71,586,1476371543
E6:71:85:62:00:80,-70,-75,99,1476371543
5C:E0:C5:C8:D3:D1,-74,-82,110,1476371603
E6:71:85:62:0D:A8,-68,-73,646,1476371603
5C:E0:C5:C8:D3:D1,-74,-80,170,1476371663
E6:71:85:62:0D:A8,-65,-69,706,1476371663
5C:E0:C5:C8:D3:D1,-75,-81,233,1476371726
E6:71:85:62:0D:A8,-63,-68,769,1476371726
5C:E0:C5:C8:D3:D1,-75,-81,293,1476371786
E6:71:85:62:0D:A8,-66,-70,829,1476371786
30:75:12:BF:95:3C,-89,-88,31,1476371786
30:75:12:BF:95:3C,-57,-59,37,1476371846
E6:71:85:62:0D:A8,-66,-70,889,1476371846
30:75:12:BF:95:3C,-49,-53,97,1476371906
E6:71:85:62:0D:A8,-65,-68,46,1476371906
30:75:12:BF:95:3C,-57,-64,157,1476371966
E6:71:85:62:0D:A8,-65,-69,106,1476371966
30:75:12:BF:95:3C,-37,-46,217,1476372026
E6:71:85:62:0D:A8,-66,-69,166,1476372026
30:75:12:BF:95:3C,-42,-43,277,1476372086
E6:71:85:62:0D:A8,-69,-71,226,1476372086
30:75:12:BF:95:3C,-37,-48,337,1476372146
E6:71:85:62:0D:A8,-66,-70,286,1476372146
30:75:12:BF:95:3C,-41,-48,397,1476372206
E6:71:85:62:0D:A8,-65,-69,346,1476372206
30:75:12:BF:95:3C,-44,-49,460,1476372269
E6:71:85:62:0D:A8,-65,-70,409,1476372269
30:75:12:BF:95:3C,-88,-89,520,1476372329
E6:71:85:62:0D:A8,-67,-70,469,1476372329
30:75:12:BF:95:3C,-87,-89,580,1476372389
E6:71:85:62:0D:A8,-67,-71,529,1476372389
30:75:12:BF:95:3C,-91,-89,640,1476372449
E6:71:85:62:0D:A8,-68,-72,589,1476372449
30:75:12:BF:95:3C,-90,-89,700,1476372509
E6:71:85:62:0D:A8,-66,-71,649,1476372509
30:75:12:BF:95:3C,-90,-88,763,1476372572
E6:71:85:62:0D:A8,-67,-71,712,1476372572
30:75:12:BF:95:3C,-90,-89,823,1476372632
E6:71:85:62:0D:A8,-70,-72,772,1476372632
30:75:12:BF:95:3C,-90,-89,883,1476372692
E6:71:85:62:0D:A8,-67,-71,832,1476372692
30:75:12:BF:95:3C,-90,-89,943,1476372752
E6:71:85:62:0D:A8,-67,-70,892,1476372752
30:75:12:BF:95:3C,-90,-88,1003,1476372812
E6:71:85:62:0D:A8,-66,-70,952,1476372812
5C:E0:C5:C8:D3:D1,-81,-85,48,1476372812
30:75:12:BF:95:3C,-89,-88,1066,1476372875
E6:71:85:62:0D:A8,-66,-70,1015,1476372875
5C:E0:C5:C8:D3:D1,-87,-86,111,1476372875
30:75:12:BF:95:3C,-89,-88,1126,1476372935
E6:71:85:62:0D:A8,-66,-70,1075,1476372935
5C:E0:C5:C8:D3:D1,-81,-85,171,1476372935
30:75:12:BF:95:3C,-89,-88,1186,1476372995
E6:71:85:62:0D:A8,-69,-73,1135,1476372995
5C:E0:C5:C8:D3:D1,-83,-86,231,1476372995
30:75:12:BF:95:3C,-91,-88,1246,1476373055
E6:71:85:62:0D:A8,-69,-73,1195,1476373055
5C:E0:C5:C8:D3:D1,-85,-86,291,1476373055
E6:71:85:62:00:80,-78,-80,11,1476373055
30:75:12:BF:95:3C,-90,-89,1306,1476373115
E6:71:85:62:0D:A8,-69,-73,1255,1476373115
5C:E0:C5:C8:D3:D1,-88,-84,351,1476373115
E6:71:85:62:00:80,-76,-79,55,1476373115
30:75:12:BF:95:3C,-90,-88,1369,1476373178
E6:71:85:62:0D:A8,-69,-73,1318,1476373178
5C:E0:C5:C8:D3:D1,-86,-85,414,1476373178
E6:71:85:62:00:80,-82,-82,118,1476373178
30:75:12:BF:95:3C,-90,-88,1429,1476373238
5C:E0:C5:C8:D3:D1,-86,-85,474,1476373238
30:75:12:BF:95:3C,-90,-88,1489,1476373298
E6:71:85:62:0D:A8,-63,-68,14,1476373298
5C:E0:C5:C8:D3:D1,-85,-85,534,1476373298
30:75:12:BF:95:3C,-90,-89,1549,1476373358
E6:71:85:62:0D:A8,-69,-72,32,1476373358
5C:E0:C5:C8:D3:D1,-85,-85,594,1476373358
30:75:12:BF:95:3C,-90,-88,1609,1476373418
E6:71:85:62:0D:A8,-63,-66,14,1476373418
5C:E0:C5:C8:D3:D1,-89,-84,654,1476373418
30:75:12:BF:95:3C,-89,-87,1,1476373502
E6:71:85:62:0D:A8,-66,-71,99,1476373502
5C:E0:C5:C8:D3:D1,-87,-85,739,1476373502
E6:71:85:62:00:80,-68,-74,16,1476373502
E6:71:85:62:0D:A8,-65,-69,159,1476373562
5C:E0:C5:C8:D3:D1,-87,-85,799,1476373562
E6:71:85:62:0D:A8,-65,-65,219,1476373622
5C:E0:C5:C8:D3:D1,-87,-85,859,1476373622
E6:71:85:62:0D:A8,-69,-73,5,1476373682
E6:71:85:62:0D:A8,-68,-72,53,1476373742
E6:71:85:62:0D:A8,-65,-70,113,1476373802
E6:71:85:62:0D:A8,-64,-68,173,1476373862
E6:71:85:62:0D:A8,-66,-70,233,1476373922
E6:71:85:62:0D:A8,-68,-71,293,1476373982
E6:71:85:62:0D:A8,-65,-69,356,1476374045
E6:71:85:62:0D:A8,-66,-70,416,1476374105
E6:71:85:62:0D:A8,-69,-74,476,1476374165
E6:71:85:62:0D:A8,-66,-70,536,1476374225
E6:71:85:62:0D:A8,-67,-71,596,1476374285
E6:71:85:62:0D:A8,-68,-71,659,1476374348
E6:71:85:62:0D:A8,-67,-71,719,1476374408
E6:71:85:62:0D:A8,-68,-71,779,1476374468
E6:71:85:62:0D:A8,-68,-72,839,1476374528
E6:71:85:62:00:80,-77,-78,11,1476374528
E6:71:85:62:0D:A8,-68,-71,899,1476374589
E6:71:85:62:0D:A8,-68,-74,962,1476374652
5C:E0:C5:C8:D3:D1,-89,-88,31,1476374712
E6:71:85:62:0D:A8,-70,-73,28,1476374712
E6:71:85:62:00:80,-67,-73,18,1476374712
5C:E0:C5:C8:D3:D1,-78,-82,91,1476374772
E6:71:85:62:0D:A8,-70,-73,88,1476374772
E6:71:85:62:00:80,-67,-73,78,1476374772
5C:E0:C5:C8:D3:D1,-79,-82,151,1476374832
E6:71:85:62:0D:A8,-70,-73,148,1476374832
E6:71:85:62:00:80,-67,-73,138,1476374832
5C:E0:C5:C8:D3:D1,-78,-82,211,1476374892
E6:71:85:62:0D:A8,-70,-73,208,1476374892
E6:71:85:62:00:80,-67,-73,198,1476374892
5C:E0:C5:C8:D3:D1,-79,-81,297,1476374977
E6:71:85:62:0D:A8,-70,-73,294,1476374977
E6:71:85:62:00:80,-67,-73,284,1476374977
5C:E0:C5:C8:D3:D1,-84,-87,356,1476375037
5C:E0:C5:C8:D3:D1,-81,-82,416,1476375097
5C:E0:C5:C8:D3:D1,-82,-82,476,1476375157
5C:E0:C5:C8:D3:D1,-82,-84,536,1476375217
5C:E0:C5:C8:D3:D1,-91,-87,600,1476375280
E6:71:85:62:0D:A8,-64,-69,27,1476375280
5C:E0:C5:C8:D3:D1,-82,-85,660,1476375340
E6:71:85:62:0D:A8,-67,-71,87,1476375340
5C:E0:C5:C8:D3:D1,-79,-84,720,1476375400
E6:71:85:62:0D:A8,-66,-72,147,1476375400
5C:E0:C5:C8:D3:D1,-81,-84,780,1476375460
E6:71:85:62:0D:A8,-63,-70,207,1476375460
5C:E0:C5:C8:D3:D1,-77,-83,17,1476375520
E6:71:85:62:0D:A8,-66,-73,11,1476375520
E6:71:85:62:00:80,-57,-66,1,1476375520
5C:E0:C5:C8:D3:D1,-77,-85,77,1476375580
E6:71:85:62:0D:A8,-66,-73,71,1476375580
5C:E0:C5:C8:D3:D1,-77,-85,137,1476375640
E6:71:85:62:0D:A8,-66,-73,131,1476375640
E6:71:85:62:00:80,-60,-66,35,1476375640
5C:E0:C5:C8:D3:D1,-76,-82,197,1476375700
E6:71:85:62:0D:A8,-66,-73,191,1476375700
E6:71:85:62:00:80,-60,-66,95,1476375700
5C:E0:C5:C8:D3:D1,-76,-84,257,1476375760
E6:71:85:62:0D:A8,-66,-73,251,1476375760
E6:71:85:62:00:80,-59,-66,155,1476375760
5C:E0:C5:C8:D3:D1,-82,-86,320,1476375823
E6:71:85:62:00:80,-59,-66,218,1476375823
5C:E0:C5:C8:D3:D1,-80,-83,380,1476375883
30:75:12:BF:95:3C,-90,-88,34,1476375883
E6:71:85:62:00:80,-58,-66,278,1476375883
5C:E0:C5:C8:D3:D1,-87,-88,440,1476375943
30:75:12:BF:95:3C,-89,-88,44,1476375943
E6:71:85:62:00:80,-58,-65,338,1476375943
5C:E0:C5:C8:D3:D1,-80,-87,500,1476376003
30:75:12:BF:95:3C,-89,-87,18,1476376003
E6:71:85:62:00:80,-59,-66,398,1476376003
5C:E0:C5:C8:D3:D1,-81,-85,560,1476376063
E6:71:85:62:00:80,-58,-66,458,1476376063
5C:E0:C5:C8:D3:D1,-82,-86,640,1476376142
30:75:12:BF:95:3C,-86,-87,1,1476376142
E6:71:85:62:00:80,-58,-66,538,1476376142
5C:E0:C5:C8:D3:D1,-79,-86,700,1476376202
30:75:12:BF:95:3C,-90,-88,20,1476376202
E6:71:85:62:00:80,-58,-65,598,1476376202
5C:E0:C5:C8:D3:D1,-79,-84,760,1476376262
30:75:12:BF:95:3C,-91,-88,59,1476376262
E6:71:85:62:00:80,-58,-66,658,1476376262
5C:E0:C5:C8:D3:D1,-79,-84,820,1476376322
30:75:12:BF:95:3C,-85,-88,47,1476376322
E6:71:85:62:00:80,-59,-65,718,1476376322
5C:E0:C5:C8:D3:D1,-78,-86,880,1476376382
30:75:12:BF:95:3C,-85,-88,107,1476376382
E6:71:85:62:00:80,-58,-66,778,1476376382
5C:E0:C5:C8:D3:D1,-80,-84,943,1476376445
30:75:12:BF:95:3C,-85,-88,170,1476376445
E6:71:85:62:00:80,-58,-65,841,1476376445
5C:E0:C5:C8:D3:D1,-82,-86,1003,1476376505
30:75:12:BF:95:3C,-85,-88,230,1476376505
E6:71:85:62:00:80,-58,-65,901,1476376505
5C:E0:C5:C8:D3:D1,-85,-87,1063,1476376565
30:75:12:BF:95:3C,-85,-88,290,1476376565
E6:71:85:62:00:80,-65,-68,961,1476376565
5C:E0:C5:C8:D3:D1,-81,-87,1123,1476376625
30:75:12:BF:95:3C,-89,-88,45,1476376625
E6:71:85:62:00:80,-65,-68,1021,1476376625
5C:E0:C5:C8:D3:D1,-81,-86,1183,1476376685
30:75:12:BF:95:3C,-56,-57,105,1476376685
E6:71:85:62:00:80,-65,-68,1081,1476376685
5C:E0:C5:C8:D3:D1,-88,-88,1246,1476376748
30:75:12:BF:95:3C,-50,-51,168,1476376748
E6:71:85:62:00:80,-65,-68,1144,1476376748
5C:E0:C5:C8:D3:D1,-83,-85,1306,1476376808
30:75:12:BF:95:3C,-84,-86,228,1476376808
E6:71:85:62:00:80,-65,-68,1204,1476376808
5C:E0:C5:C8:D3:D1,-79,-83,1366,1476376868
30:75:12:BF:95:3C,-87,-88,288,1476376868
5C:E0:C5:C8:D3:D1,-84,-83,1426,1476376928
30:75:12:BF:95:3C,-85,-89,348,1476376928
E6:71:85:62:0D:A8,-68,-76,8,1476376928
5C:E0:C5:C8:D3:D1,-81,-83,1486,1476376988
30:75:12:BF:95:3C,-82,-87,408,1476376988
E6:71:85:62:0D:A8,-70,-74,3,1476376988
5C:E0:C5:C8:D3:D1,-81,-83,1549,1476377051
30:75:12:BF:95:3C,-85,-87,471,1476377051
E6:71:85:62:0D:A8,-72,-76,66,1476377051
5C:E0:C5:C8:D3:D1,-85,-85,1609,1476377111
30:75:12:BF:95:3C,-88,-88,531,1476377111
E6:71:85:62:0D:A8,-72,-76,126,1476377111
5C:E0:C5:C8:D3:D1,-82,-83,1669,1476377171
30:75:12:BF:95:3C,-88,-88,591,1476377171
5C:E0:C5:C8:D3:D1,-79,-82,1729,1476377231
30:75:12:BF:95:3C,-89,-89,651,1476377231
E6:71:85:62:0D:A8,-62,-69,30,1476377231
5C:E0:C5:C8:D3:D1,-82,-82,1789,1476377291
30:75:12:BF:95:3C,-89,-88,711,1476377291
E6:71:85:62:0D:A8,-66,-73,90,1476377291
5C:E0:C5:C8:D3:D1,-80,-83,1849,1476377351
30:75:12:BF:95:3C,-84,-88,771,1476377351
E6:71:85:62:0D:A8,-68,-75,150,1476377351
5C:E0:C5:C8:D3:D1,-79,-82,1909,1476377411
30:75:12:BF:95:3C,-88,-87,831,1476377411
E6:71:85:62:0D:A8,-67,-74,210,1476377411
5C:E0:C5:C8:D3:D1,-85,-86,1969,1476377471
30:75:12:BF:95:3C,-92,-88,891,1476377471
E6:71:85:62:0D:A8,-66,-73,270,1476377471
5C:E0:C5:C8:D3:D1,-82,-82,2029,1476377531
30:75:12:BF:95:3C,-87,-88,951,1476377531
E6:71:85:62:0D:A8,-65,-71,330,1476377531
