Client_MAC,Rssi0,Rssi1,Connection_Time,EpocTIME
5C:E0:C5:C8:D3:D1,-47,-43,62,1476460334
5C:E0:C5:C8:D3:D1,-56,-48,122,1476460394
30:75:12:BF:95:3C,-48,-52,22,1476460394
5C:E0:C5:C8:D3:D1,-56,-48,182,1476460454
30:75:12:BF:95:3C,-47,-52,82,1476460454
5C:E0:C5:C8:D3:D1,-56,-48,242,1476460514
30:75:12:BF:95:3C,-44,-50,142,1476460514
5C:E0:C5:C8:D3:D1,-56,-48,302,1476460574
30:75:12:BF:95:3C,-46,-51,202,1476460574
E6:71:85:62:0D:A8,-73,-79,3,1476460574
5C:E0:C5:C8:D3:D1,-56,-48,388,1476460660
30:75:12:BF:95:3C,-47,-51,288,1476460660
E6:71:85:62:0D:A8,-72,-75,76,1476460660
30:75:12:BF:95:3C,-45,-52,348,1476460720
E6:71:85:62:0D:A8,-67,-72,136,1476460720
30:75:12:BF:95:3C,-46,-54,408,1476460780
E6:71:85:62:0D:A8,-68,-72,196,1476460780
30:75:12:BF:95:3C,-47,-55,468,1476460840
E6:71:85:62:0D:A8,-69,-73,256,1476460840
30:75:12:BF:95:3C,-47,-53,528,1476460900
E6:71:85:62:0D:A8,-68,-73,316,1476460900
E6:71:85:62:0D:A8,0,0,0,1476460963
30:75:12:BF:95:3C,-48,-52,16,1476460963
E6:71:85:62:0D:A8,-69,-75,30,1476461023
30:75:12:BF:95:3C,-47,-53,76,1476461023
5C:E0:C5:C8:D3:D1,-40,-32,45,1476461023
E6:71:85:62:0D:A8,-70,-75,90,1476461083
30:75:12:BF:95:3C,-47,-52,136,1476461083
5C:E0:C5:C8:D3:D1,-40,-32,105,1476461083
E6:71:85:62:0D:A8,-72,-75,150,1476461143
30:75:12:BF:95:3C,-59,-60,196,1476461143
5C:E0:C5:C8:D3:D1,-40,-32,165,1476461143
E6:71:85:62:0D:A8,-67,-75,210,1476461203
30:75:12:BF:95:3C,-86,-87,256,1476461203
5C:E0:C5:C8:D3:D1,-40,-32,225,1476461203
E6:71:85:62:0D:A8,-72,-78,273,1476461266
30:75:12:BF:95:3C,-86,-87,319,1476461266
5C:E0:C5:C8:D3:D1,-40,-32,288,1476461266
E6:71:85:62:0D:A8,-75,-84,333,1476461326
30:75:12:BF:95:3C,-86,-87,379,1476461326
E6:71:85:62:0D:A8,-74,-75,393,1476461386
30:75:12:BF:95:3C,-86,-87,439,1476461386
E6:71:85:62:0D:A8,-74,-77,453,1476461446
30:75:12:BF:95:3C,-86,-87,499,1476461446
E6:71:85:62:0D:A8,-77,-80,513,1476461506
30:75:12:BF:95:3C,-83,-88,27,1476461689
E6:71:85:62:0D:A8,-74,-78,24,1476461689
30:75:12:BF:95:3C,-79,-88,87,1476461749
E6:71:85:62:0D:A8,-78,-79,19,1476461749
30:75:12:BF:95:3C,-88,-88,147,1476461809
E6:71:85:62:0D:A8,-77,-78,79,1476461809
30:75:12:BF:95:3C,-88,-88,207,1476461869
E6:71:85:62:0D:A8,-77,-77,139,1476461869
30:75:12:BF:95:3C,-88,-88,267,1476461929
E6:71:85:62:0D:A8,-80,-77,199,1476461929
30:75:12:BF:95:3C,-88,-88,327,1476461989
E6:71:85:62:0D:A8,-76,-77,259,1476461989
30:75:12:BF:95:3C,-88,-88,387,1476462049
E6:71:85:62:0D:A8,-71,-77,319,1476462049
E6:71:85:62:0D:A8,-74,-78,6,1476462112
E6:71:85:62:0D:A8,-66,-75,37,1476462172
E6:71:85:62:0D:A8,-74,-76,97,1476462232
E6:71:85:62:0D:A8,-76,-77,157,1476462292
E6:71:85:62:0D:A8,-78,-79,217,1476462352
E6:71:85:62:0D:A8,-74,-76,280,1476462415
E6:71:85:62:0D:A8,-80,-78,0,1476462475
E6:71:85:62:0D:A8,-79,-77,60,1476462535
E6:71:85:62:0D:A8,-79,-77,120,1476462595
E6:71:85:62:0D:A8,-77,-78,180,1476462655
E6:71:85:62:0D:A8,-70,-75,243,1476462718
E6:71:85:62:0D:A8,-73,-78,303,1476462778
E6:71:85:62:0D:A8,-69,-76,363,1476462838
E6:71:85:62:0D:A8,-67,-74,423,1476462898
E6:71:85:62:0D:A8,-77,-80,483,1476462958
E6:71:85:62:0D:A8,-75,-76,546,1476463021
E6:71:85:62:0D:A8,-77,-76,606,1476463081
E6:71:85:62:0D:A8,-79,-75,666,1476463141
E6:71:85:62:0D:A8,-73,-76,726,1476463201
E6:71:85:62:0D:A8,-80,-77,786,1476463261
E6:71:85:62:0D:A8,-76,-76,872,1476463347
E6:71:85:62:0D:A8,-79,-76,932,1476463407
E6:71:85:62:0D:A8,-71,-76,992,1476463467
E6:71:85:62:0D:A8,-73,-76,1052,1476463527
E6:71:85:62:0D:A8,-78,-77,1112,1476463587
E6:71:85:62:0D:A8,-78,-75,1172,1476463647
E6:71:85:62:0D:A8,-75,-78,1232,1476463707
E6:71:85:62:0D:A8,-74,-77,1292,1476463767
E6:71:85:62:0D:A8,-75,-79,1352,1476463827
E6:71:85:62:0D:A8,-79,-77,1415,1476463890
E6:71:85:62:0D:A8,-73,-75,1475,1476463950
E6:71:85:62:0D:A8,-76,-77,1535,1476464010
E6:71:85:62:0D:A8,-82,-77,1595,1476464070
E6:71:85:62:0D:A8,-75,-77,1655,1476464130
E6:71:85:62:0D:A8,-80,-78,1718,1476464193
E6:71:85:62:0D:A8,-76,-78,1778,1476464253
E6:71:85:62:0D:A8,-71,-76,1838,1476464313
E6:71:85:62:0D:A8,-77,-78,1898,1476464373
E6:71:85:62:0D:A8,-75,-77,1958,1476464433
E6:71:85:62:0D:A8,-76,-77,2021,1476464496
E6:71:85:62:0D:A8,-77,-76,2081,1476464556
E6:71:85:62:0D:A8,-75,-78,2141,1476464616
E6:71:85:62:0D:A8,-81,-78,2201,1476464676
E6:71:85:62:0D:A8,-78,-78,2261,1476464736
E6:71:85:62:0D:A8,-74,-77,2347,1476464822
E6:71:85:62:0D:A8,-78,-76,2407,1476464882
E6:71:85:62:0D:A8,-73,-78,2467,1476464942
E6:71:85:62:0D:A8,-79,-81,2527,1476465002
E6:71:85:62:0D:A8,-76,-80,2587,1476465062
E6:71:85:62:0D:A8,-76,-79,2650,1476465125
E6:71:85:62:0D:A8,-72,-78,2710,1476465185
E6:71:85:62:0D:A8,-71,-78,2770,1476465245
E6:71:85:62:0D:A8,-75,-82,2830,1476465305
E6:71:85:62:0D:A8,-73,-80,2890,1476465365
E6:71:85:62:0D:A8,-72,-81,2950,1476465425
E6:71:85:62:0D:A8,-70,-78,3010,1476465485
E6:71:85:62:0D:A8,-70,-78,3070,1476465545
E6:71:85:62:0D:A8,-70,-76,3130,1476465605
E6:71:85:62:0D:A8,-69,-77,3193,1476465668
E6:71:85:62:0D:A8,-75,-80,3253,1476465728
E6:71:85:62:0D:A8,-80,-80,3313,1476465788
E6:71:85:62:0D:A8,-75,-79,3373,1476465848
E6:71:85:62:0D:A8,-86,-80,3433,1476465908
E6:71:85:62:0D:A8,-76,-78,3517,1476465992
E6:71:85:62:0D:A8,-72,-78,3577,1476466052
E6:71:85:62:0D:A8,-66,-75,3637,1476466112
E6:71:85:62:0D:A8,-66,-73,3697,1476466172
E6:71:85:62:0D:A8,-65,-73,3757,1476466232
30:75:12:BF:95:3C,-81,-86,24,1476466232
E6:71:85:62:0D:A8,-65,-73,3820,1476466295
30:75:12:BF:95:3C,-74,-80,21,1476466295
E6:71:85:62:00:80,-61,-64,14,1476466295
E6:71:85:62:0D:A8,-64,-72,3880,1476466355
30:75:12:BF:95:3C,-86,-88,81,1476466355
E6:71:85:62:00:80,-62,-64,7,1476466355
E6:71:85:62:0D:A8,-66,-73,3940,1476466415
30:75:12:BF:95:3C,-73,-76,40,1476466415
E6:71:85:62:00:80,-62,-64,52,1476466415
E6:71:85:62:0D:A8,-76,-78,4000,1476466475
30:75:12:BF:95:3C,-88,-88,100,1476466475
E6:71:85:62:00:80,-62,-64,112,1476466475
E6:71:85:62:0D:A8,-74,-79,4060,1476466535
30:75:12:BF:95:3C,-88,-88,160,1476466535
E6:71:85:62:00:80,-62,-64,172,1476466535
E6:71:85:62:0D:A8,-72,-76,4123,1476466598
30:75:12:BF:95:3C,-88,-88,223,1476466598
E6:71:85:62:0D:A8,-69,-75,4183,1476466658
30:75:12:BF:95:3C,-88,-88,283,1476466658
E6:71:85:62:0D:A8,-68,-76,4243,1476466718
30:75:12:BF:95:3C,-88,-88,343,1476466718
E6:71:85:62:0D:A8,-68,-76,4303,1476466778
E6:71:85:62:0D:A8,-67,-75,4363,1476466838
E6:71:85:62:0D:A8,-67,-75,4426,1476466901
E6:71:85:62:0D:A8,-71,-78,4486,1476466961
E6:71:85:62:0D:A8,-66,-75,4546,1476467021
E6:71:85:62:0D:A8,-69,-77,4606,1476467081
E6:71:85:62:0D:A8,-70,-77,4666,1476467141
30:75:12:BF:95:3C,-77,-84,25,1476467141
E6:71:85:62:0D:A8,-67,-76,4727,1476467201
30:75:12:BF:95:3C,-77,-85,86,1476467201
E6:71:85:62:0D:A8,-66,-74,4787,1476467261
30:75:12:BF:95:3C,-77,-84,146,1476467261
E6:71:85:62:0D:A8,-68,-76,4847,1476467321
30:75:12:BF:95:3C,-76,-85,206,1476467321
E6:71:85:62:0D:A8,-67,-75,4907,1476467381
30:75:12:BF:95:3C,-76,-84,266,1476467381
E6:71:85:62:0D:A8,-69,-76,4970,1476467444
30:75:12:BF:95:3C,-80,-81,329,1476467444
E6:71:85:62:0D:A8,-71,-79,5030,1476467504
30:75:12:BF:95:3C,-80,-82,389,1476467504
E6:71:85:62:0D:A8,-72,-80,5090,1476467564
30:75:12:BF:95:3C,-80,-82,449,1476467564
E6:71:85:62:0D:A8,-71,-78,5150,1476467624
30:75:12:BF:95:3C,-81,-82,509,1476467624
E6:71:85:62:0D:A8,-71,-78,5210,1476467684
30:75:12:BF:95:3C,-80,-82,569,1476467684
E6:71:85:62:0D:A8,-72,-80,5273,1476467748
30:75:12:BF:95:3C,-80,-82,632,1476467748
E6:71:85:62:0D:A8,-70,-78,5333,1476467808
30:75:12:BF:95:3C,-80,-82,692,1476467808
E6:71:85:62:0D:A8,-74,-84,5393,1476467868
30:75:12:BF:95:3C,-81,-82,752,1476467868
E6:71:85:62:0D:A8,-70,-79,5453,1476467928
30:75:12:BF:95:3C,-80,-82,812,1476467928
E6:71:85:62:0D:A8,-64,-72,5513,1476467988
30:75:12:BF:95:3C,-88,-87,872,1476467988
E6:71:85:62:0D:A8,-67,-73,5576,1476468051
30:75:12:BF:95:3C,-88,-87,935,1476468051
E6:71:85:62:0D:A8,-65,-71,5636,1476468111
30:75:12:BF:95:3C,-88,-87,995,1476468111
E6:71:85:62:0D:A8,-65,-70,5696,1476468171
30:75:12:BF:95:3C,-88,-87,1055,1476468171
E6:71:85:62:0D:A8,-66,-71,5756,1476468231
30:75:12:BF:95:3C,-88,-87,1115,1476468231
E6:71:85:62:0D:A8,-64,-70,5816,1476468291
E6:71:85:62:0D:A8,-65,-72,5879,1476468354
E6:71:85:62:0D:A8,-65,-71,5939,1476468414
E6:71:85:62:0D:A8,-65,-71,5999,1476468474
E6:71:85:62:0D:A8,-67,-73,6059,1476468534
E6:71:85:62:0D:A8,-66,-72,6119,1476468594
E6:71:85:62:0D:A8,-68,-74,6182,1476468657
E6:71:85:62:0D:A8,-65,-70,6242,1476468717
E6:71:85:62:0D:A8,-64,-70,6302,1476468777
E6:71:85:62:0D:A8,-64,-70,6362,1476468837
E6:71:85:62:0D:A8,-64,-71,6422,1476468897
E6:71:85:62:0D:A8,-67,-73,50,1476468957
E6:71:85:62:0D:A8,-65,-72,110,1476469017
E6:71:85:62:0D:A8,-68,-79,170,1476469077
E6:71:85:62:0D:A8,-65,-72,230,1476469137
E6:71:85:62:0D:A8,-68,-73,293,1476469200
E6:71:85:62:0D:A8,-66,-72,353,1476469260
E6:71:85:62:0D:A8,-65,-71,413,1476469320
E6:71:85:62:0D:A8,-65,-71,473,1476469380
E6:71:85:62:0D:A8,-66,-72,533,1476469440
E6:71:85:62:0D:A8,-64,-70,618,1476469525
E6:71:85:62:0D:A8,-65,-70,678,1476469585
E6:71:85:62:0D:A8,-66,-72,738,1476469645
E6:71:85:62:0D:A8,-66,-73,798,1476469705
E6:71:85:62:0D:A8,-66,-73,858,1476469765
E6:71:85:62:0D:A8,-67,-75,921,1476469828
E6:71:85:62:0D:A8,-67,-75,981,1476469888
E6:71:85:62:0D:A8,-67,-75,1041,1476469948
E6:71:85:62:0D:A8,-67,-74,1101,1476470008
E6:71:85:62:0D:A8,-68,-75,1161,1476470068
E6:71:85:62:0D:A8,-66,-73,1225,1476470131
E6:71:85:62:0D:A8,-66,-74,1285,1476470191
E6:71:85:62:0D:A8,-66,-74,1345,1476470251
E6:71:85:62:0D:A8,-66,-73,1405,1476470311
E6:71:85:62:0D:A8,-67,-74,1465,1476470371
E6:71:85:62:0D:A8,-66,-73,1528,1476470434
E6:71:85:62:0D:A8,-66,-73,1588,1476470495
E6:71:85:62:0D:A8,-66,-73,1648,1476470555
E6:71:85:62:0D:A8,-66,-73,1708,1476470615
E6:71:85:62:0D:A8,-67,-74,1774,1476470681
E6:71:85:62:0D:A8,-66,-73,1834,1476470741
E6:71:85:62:0D:A8,-67,-74,1894,1476470801
E6:71:85:62:0D:A8,-67,-74,1954,1476470861
E6:71:85:62:0D:A8,-66,-73,2014,1476470921
E6:71:85:62:0D:A8,-66,-73,2077,1476470984
E6:71:85:62:0D:A8,-67,-74,2137,1476471044
E6:71:85:62:0D:A8,-66,-73,2197,1476471104
E6:71:85:62:0D:A8,-66,-73,2257,1476471164
E6:71:85:62:0D:A8,-66,-73,2317,1476471224
