Client_MAC,Rssi0,Rssi1,Connection_Time,EpocTime
E6:71:85:62:0D:A8,-66,-67,39648,1476675196
E6:71:85:62:0D:A8,-65,-66,39708,1476675256
E6:71:85:62:0D:A8,-64,-65,39768,1476675316
E6:71:85:62:0D:A8,-66,-67,39828,1476675376
E6:71:85:62:0D:A8,-64,-65,39888,1476675436
E6:71:85:62:0D:A8,-65,-66,39952,1476675499
E6:71:85:62:0D:A8,-66,-67,40012,1476675559
E6:71:85:62:0D:A8,-66,-66,40072,1476675619
E6:71:85:62:0D:A8,-67,-67,40132,1476675679
E6:71:85:62:0D:A8,-67,-67,40192,1476675739
E6:71:85:62:0D:A8,-64,-64,40255,1476675802
E6:71:85:62:0D:A8,-65,-65,40315,1476675862
E6:71:85:62:0D:A8,-65,-65,40375,1476675922
E6:71:85:62:0D:A8,-66,-66,40435,1476675982
E6:71:85:62:0D:A8,-64,-65,40495,1476676042
E6:71:85:62:0D:A8,-64,-65,40581,1476676129
E6:71:85:62:0D:A8,-66,-67,40641,1476676189
E6:71:85:62:0D:A8,-64,-65,40701,1476676249
E6:71:85:62:0D:A8,-64,-64,40761,1476676309
E6:71:85:62:0D:A8,-67,-67,40821,1476676369
E6:71:85:62:0D:A8,-63,-64,40884,1476676432
E6:71:85:62:0D:A8,-65,-65,40944,1476676492
E6:71:85:62:0D:A8,-64,-64,41004,1476676552
E6:71:85:62:0D:A8,-67,-67,41064,1476676612
E6:71:85:62:0D:A8,-67,-67,41130,1476676678
E6:71:85:62:0D:A8,-67,-67,41190,1476676738
E6:71:85:62:0D:A8,-67,-67,41250,1476676798
E6:71:85:62:0D:A8,-65,-65,41310,1476676858
E6:71:85:62:0D:A8,-66,-66,41370,1476676918
E6:71:85:62:0D:A8,-67,-67,41433,1476676981
E6:71:85:62:0D:A8,-65,-65,41493,1476677041
E6:71:85:62:0D:A8,-67,-67,41553,1476677101
E6:71:85:62:0D:A8,-66,-66,41613,1476677161
E6:71:85:62:0D:A8,-64,-64,41673,1476677221
E6:71:85:62:0D:A8,-65,-66,41736,1476677284
E6:71:85:62:0D:A8,-65,-66,41797,1476677344
E6:71:85:62:0D:A8,-64,-65,41857,1476677404
E6:71:85:62:0D:A8,-66,-67,41917,1476677464
E6:71:85:62:0D:A8,-66,-67,41977,1476677524
E6:71:85:62:0D:A8,-67,-68,42063,1476677610
E6:71:85:62:0D:A8,-67,-67,42123,1476677670
E6:71:85:62:0D:A8,-64,-65,42183,1476677731
E6:71:85:62:0D:A8,-66,-67,42243,1476677791
E6:71:85:62:0D:A8,-66,-67,42303,1476677851
E6:71:85:62:0D:A8,-65,-65,42366,1476677914
E6:71:85:62:0D:A8,-66,-67,42426,1476677974
E6:71:85:62:0D:A8,-64,-65,42486,1476678034
E6:71:85:62:0D:A8,-66,-67,42546,1476678094
E6:71:85:62:0D:A8,-67,-67,42606,1476678154
E6:71:85:62:0D:A8,-66,-66,42669,1476678217
E6:71:85:62:0D:A8,-65,-66,42729,1476678277
E6:71:85:62:0D:A8,-66,-67,42789,1476678337
E6:71:85:62:0D:A8,-67,-67,42849,1476678397
E6:71:85:62:0D:A8,-64,-64,42915,1476678463
E6:71:85:62:0D:A8,-65,-66,42975,1476678523
E6:71:85:62:0D:A8,-66,-66,43035,1476678583
E6:71:85:62:0D:A8,-66,-66,43095,1476678643
E6:71:85:62:0D:A8,-66,-66,43155,1476678703
E6:71:85:62:0D:A8,-65,-65,43220,1476678767
E6:71:85:62:0D:A8,-66,-67,43280,1476678827
E6:71:85:62:0D:A8,-64,-65,43340,1476678888
E6:71:85:62:0D:A8,-68,-68,43400,1476678948
E6:71:85:62:0D:A8,-66,-67,43460,1476679008
E6:71:85:62:0D:A8,-64,-64,43523,1476679071
E6:71:85:62:0D:A8,-64,-64,43583,1476679131
E6:71:85:62:0D:A8,-66,-67,43643,1476679191
E6:71:85:62:0D:A8,-66,-67,43703,1476679251
E6:71:85:62:0D:A8,-66,-66,43763,1476679311
E6:71:85:62:0D:A8,-67,-67,43848,1476679396
E6:71:85:62:0D:A8,-65,-66,43908,1476679456
E6:71:85:62:0D:A8,-65,-66,43968,1476679516
E6:71:85:62:0D:A8,-65,-66,44028,1476679576
E6:71:85:62:0D:A8,-66,-66,44088,1476679636
E6:71:85:62:0D:A8,-65,-65,44151,1476679699
E6:71:85:62:0D:A8,-66,-67,44211,1476679759
E6:71:85:62:0D:A8,-67,-67,44271,1476679819
E6:71:85:62:0D:A8,-69,-71,44331,1476679879
E6:71:85:62:0D:A8,-70,-77,44391,1476679939
E6:71:85:62:0D:A8,-66,-75,44454,1476680002
E6:71:85:62:0D:A8,-65,-68,44514,1476680062
E6:71:85:62:0D:A8,-65,-67,44574,1476680122
E6:71:85:62:0D:A8,-65,-67,44634,1476680182
E6:71:85:62:0D:A8,-65,-67,44694,1476680242
E6:71:85:62:0D:A8,-65,-67,44754,1476680302
E6:71:85:62:0D:A8,-64,-66,44814,1476680362
E6:71:85:62:0D:A8,-64,-67,44874,1476680422
E6:71:85:62:0D:A8,-65,-72,44934,1476680482
E6:71:85:62:0D:A8,-68,-76,44997,1476680545
E6:71:85:62:0D:A8,-63,-70,45057,1476680605
E6:71:85:62:0D:A8,-64,-70,45117,1476680665
E6:71:85:62:0D:A8,-64,-70,45177,1476680725
E6:71:85:62:0D:A8,-65,-71,45237,1476680785
E6:71:85:62:0D:A8,-64,-69,45300,1476680848
E6:71:85:62:0D:A8,-66,-68,45360,1476680908
E6:71:85:62:0D:A8,-66,-68,45420,1476680968
E6:71:85:62:0D:A8,-66,-68,45480,1476681028
E6:71:85:62:0D:A8,-66,-68,45540,1476681088
E6:71:85:62:0D:A8,-66,-68,45625,1476681173
E6:71:85:62:0D:A8,-76,-78,29,1476683368
E6:71:85:62:0D:A8,-75,-80,89,1476683428
E6:71:85:62:0D:A8,-75,-79,149,1476683488
E6:71:85:62:0D:A8,-76,-79,212,1476683551
E6:71:85:62:0D:A8,-75,-80,272,1476683611
E6:71:85:62:0D:A8,-76,-79,332,1476683671
E6:71:85:62:0D:A8,-72,-76,392,1476683731
E6:71:85:62:0D:A8,-74,-75,452,1476683791
E6:71:85:62:0D:A8,-76,-79,512,1476683851
E6:71:85:62:0D:A8,-74,-80,572,1476683911
E6:71:85:62:0D:A8,-74,-78,632,1476683971
E6:71:85:62:0D:A8,-74,-79,692,1476684031
E6:71:85:62:0D:A8,-74,-77,755,1476684094
E6:71:85:62:0D:A8,-74,-76,815,1476684154
E6:71:85:62:0D:A8,-75,-78,875,1476684214
E6:71:85:62:0D:A8,-74,-79,935,1476684274
E6:71:85:62:0D:A8,-76,-80,995,1476684334
E6:71:85:62:0D:A8,-78,-80,1080,1476684418
E6:71:85:62:0D:A8,-76,-80,1140,1476684478
E6:71:85:62:0D:A8,-77,-78,1200,1476684538
E6:71:85:62:0D:A8,-75,-79,1260,1476684598
E6:71:85:62:0D:A8,-75,-80,1320,1476684658
E6:71:85:62:0D:A8,-75,-80,1383,1476684722
E6:71:85:62:0D:A8,-75,-80,1443,1476684782
E6:71:85:62:0D:A8,-73,-78,1503,1476684842
E6:71:85:62:0D:A8,-73,-76,1563,1476684902
E6:71:85:62:0D:A8,-74,-77,1623,1476684962
E6:71:85:62:0D:A8,-72,-77,1686,1476685025
E6:71:85:62:0D:A8,-72,-77,1746,1476685085
E6:71:85:62:0D:A8,-72,-77,1806,1476685145
E6:71:85:62:0D:A8,-72,-76,1866,1476685205
E6:71:85:62:0D:A8,-71,-76,1926,1476685265
E6:71:85:62:0D:A8,-77,-80,1989,1476685328
E6:71:85:62:0D:A8,-74,-78,2049,1476685388
E6:71:85:62:0D:A8,-74,-78,2109,1476685448
E6:71:85:62:0D:A8,-74,-79,2169,1476685508
E6:71:85:62:0D:A8,-74,-79,2229,1476685568
E6:71:85:62:0D:A8,-73,-78,2289,1476685628
E6:71:85:62:0D:A8,-74,-78,2349,1476685688
E6:71:85:62:0D:A8,-74,-78,2409,1476685748
E6:71:85:62:0D:A8,-75,-78,2469,1476685808
E6:71:85:62:0D:A8,-80,-79,2532,1476685871
E6:71:85:62:0D:A8,-76,-78,2592,1476685931
E6:71:85:62:0D:A8,-76,-78,2652,1476685991
E6:71:85:62:0D:A8,-73,-75,2712,1476686051
E6:71:85:62:0D:A8,-72,-76,2772,1476686111
E6:71:85:62:0D:A8,-75,-78,2857,1476686196
E6:71:85:62:0D:A8,-76,-79,2917,1476686256
E6:71:85:62:0D:A8,-77,-78,2977,1476686316
E6:71:85:62:0D:A8,-77,-78,3037,1476686376
E6:71:85:62:0D:A8,-77,-79,3097,1476686436
E6:71:85:62:0D:A8,-77,-79,3160,1476686499
E6:71:85:62:0D:A8,-80,-79,3221,1476686559
E6:71:85:62:0D:A8,-77,-79,3281,1476686619
E6:71:85:62:0D:A8,-77,-77,3341,1476686679
E6:71:85:62:0D:A8,-78,-79,3401,1476686739
E6:71:85:62:0D:A8,-78,-79,3464,1476686802
E6:71:85:62:0D:A8,-77,-79,3524,1476686862
E6:71:85:62:0D:A8,-78,-79,3584,1476686922
E6:71:85:62:0D:A8,-79,-80,3644,1476686982
E6:71:85:62:0D:A8,-77,-79,3704,1476687042
E6:71:85:62:0D:A8,-78,-80,3767,1476687105
E6:71:85:62:0D:A8,-78,-79,3827,1476687165
E6:71:85:62:0D:A8,-78,-79,3887,1476687225
E6:71:85:62:0D:A8,-78,-79,3947,1476687285
E6:71:85:62:0D:A8,-78,-79,4007,1476687345
E6:71:85:62:0D:A8,-78,-79,4067,1476687405
E6:71:85:62:0D:A8,-78,-79,4127,1476687465
E6:71:85:62:0D:A8,-78,-79,4187,1476687525
E6:71:85:62:0D:A8,-78,-79,4247,1476687585
E6:71:85:62:0D:A8,-78,-79,4310,1476687648
E6:71:85:62:0D:A8,-78,-78,4370,1476687708
E6:71:85:62:0D:A8,-78,-79,4430,1476687768
E6:71:85:62:0D:A8,-78,-80,4490,1476687828
E6:71:85:62:0D:A8,-78,-79,4550,1476687888
E6:71:85:62:0D:A8,-78,-79,4613,1476687952
E6:71:85:62:0D:A8,-78,-79,4673,1476688012
E6:71:85:62:0D:A8,-77,-78,4733,1476688072
E6:71:85:62:0D:A8,-77,-78,4793,1476688132
E6:71:85:62:0D:A8,-78,-79,4853,1476688192
E6:71:85:62:0D:A8,-77,-79,4916,1476688255
E6:71:85:62:0D:A8,-78,-79,4976,1476688315
E6:71:85:62:0D:A8,-79,-79,5036,1476688375
E6:71:85:62:0D:A8,-78,-79,5096,1476688435
E6:71:85:62:0D:A8,-78,-79,5156,1476688495
E6:71:85:62:0D:A8,-78,-79,5219,1476688558
E6:71:85:62:0D:A8,-78,-79,5279,1476688618
E6:71:85:62:0D:A8,-78,-79,5339,1476688678
E6:71:85:62:0D:A8,-78,-79,5399,1476688738
E6:71:85:62:0D:A8,-78,-79,5459,1476688798
E6:71:85:62:0D:A8,-79,-79,5522,1476688861
E6:71:85:62:0D:A8,-78,-79,5582,1476688921
E6:71:85:62:0D:A8,-78,-79,5642,1476688981
E6:71:85:62:0D:A8,-79,-80,5702,1476689041
E6:71:85:62:0D:A8,-78,-79,5762,1476689101
E6:71:85:62:0D:A8,-78,-79,5822,1476689161
E6:71:85:62:0D:A8,-78,-78,5882,1476689221
E6:71:85:62:0D:A8,-79,-79,5942,1476689281
E6:71:85:62:0D:A8,-79,-79,6002,1476689341
E6:71:85:62:0D:A8,-79,-80,6088,1476689427
E6:71:85:62:0D:A8,-78,-79,6148,1476689487
E6:71:85:62:0D:A8,-79,-79,6208,1476689547
E6:71:85:62:0D:A8,-79,-80,6268,1476689607
E6:71:85:62:0D:A8,-79,-79,6328,1476689667
E6:71:85:62:0D:A8,-78,-80,6391,1476689730
E6:71:85:62:0D:A8,-78,-80,6451,1476689790
E6:71:85:62:0D:A8,-78,-79,6511,1476689850
E6:71:85:62:0D:A8,-79,-79,6571,1476689910
E6:71:85:62:0D:A8,-79,-80,6631,1476689970
E6:71:85:62:0D:A8,-78,-79,6694,1476690033
E6:71:85:62:0D:A8,-78,-79,6754,1476690093
E6:71:85:62:0D:A8,-79,-80,6814,1476690153
E6:71:85:62:0D:A8,-79,-79,6874,1476690213
E6:71:85:62:0D:A8,-79,-79,6934,1476690273
E6:71:85:62:0D:A8,-79,-80,6997,1476690336
E6:71:85:62:0D:A8,-78,-79,7057,1476690396
E6:71:85:62:0D:A8,-79,-79,7117,1476690456
E6:71:85:62:0D:A8,-78,-80,7177,1476690516
E6:71:85:62:0D:A8,-77,-79,7237,1476690576
E6:71:85:62:0D:A8,-78,-80,7300,1476690639
E6:71:85:62:0D:A8,-78,-80,7360,1476690699
E6:71:85:62:0D:A8,-77,-80,7420,1476690759
E6:71:85:62:0D:A8,-78,-79,7480,1476690819
E6:71:85:62:0D:A8,-77,-81,7540,1476690879
E6:71:85:62:0D:A8,-79,-79,7600,1476690939
E6:71:85:62:0D:A8,-78,-79,7660,1476690999
E6:71:85:62:0D:A8,-78,-79,7720,1476691059
E6:71:85:62:0D:A8,-78,-80,7780,1476691119
E6:71:85:62:0D:A8,-77,-79,7867,1476691205
E6:71:85:62:0D:A8,-77,-79,7927,1476691265
E6:71:85:62:0D:A8,-78,-79,7987,1476691325
E6:71:85:62:0D:A8,-77,-79,8047,1476691385
E6:71:85:62:0D:A8,-77,-79,8107,1476691445
E6:71:85:62:0D:A8,-78,-80,8170,1476691508
E6:71:85:62:0D:A8,-77,-79,8230,1476691568
E6:71:85:62:0D:A8,-77,-79,8290,1476691628
E6:71:85:62:0D:A8,-78,-79,8350,1476691688
E6:71:85:62:0D:A8,-77,-79,8410,1476691748
