Client_MAC,Rssi0,Rssi1,Connection_Time,EpocTIME
30:75:12:BF:95:3C,-84,-87,54,1476327028
30:75:12:BF:95:3C,-83,-88,114,1476327088
30:75:12:BF:95:3C,-83,-87,177,1476327151
E6:71:85:62:0D:A8,-64,-68,20,1476327151
30:75:12:BF:95:3C,-83,-88,237,1476327211
E6:71:85:62:0D:A8,-67,-70,9,1476327211
E6:71:85:62:0D:A8,-64,-68,52,1476327271
E6:71:85:62:0D:A8,-64,-69,112,1476327331
E6:71:85:62:0D:A8,-67,-71,172,1476327391
E6:71:85:62:0D:A8,-68,-72,235,1476327454
E6:71:85:62:0D:A8,-65,-70,295,1476327514
E6:71:85:62:0D:A8,-64,-70,355,1476327574
E6:71:85:62:0D:A8,-66,-71,415,1476327634
E6:71:85:62:0D:A8,-68,-75,475,1476327694
E6:71:85:62:0D:A8,-70,-74,538,1476327757
E6:71:85:62:0D:A8,-66,-70,598,1476327817
E6:71:85:62:0D:A8,-65,-69,658,1476327877
E6:71:85:62:0D:A8,-66,-70,718,1476327937
E6:71:85:62:0D:A8,-64,-68,778,1476327997
E6:71:85:62:0D:A8,-67,-69,841,1476328060
E6:71:85:62:0D:A8,-66,-70,901,1476328120
E6:71:85:62:0D:A8,-65,-70,961,1476328180
E6:71:85:62:0D:A8,-66,-70,1021,1476328240
E6:71:85:62:0D:A8,-66,-71,1081,1476328300
E6:71:85:62:0D:A8,-65,-70,1144,1476328363
E6:71:85:62:0D:A8,-66,-71,24,1476328423
E6:71:85:62:0D:A8,-67,-71,84,1476328483
E6:71:85:62:0D:A8,-67,-71,144,1476328543
E6:71:85:62:0D:A8,-66,-71,204,1476328603
E6:71:85:62:0D:A8,-67,-71,267,1476328666
E6:71:85:62:0D:A8,-66,-71,327,1476328726
E6:71:85:62:0D:A8,-66,-71,387,1476328786
E6:71:85:62:0D:A8,-70,-74,447,1476328846
E6:71:85:62:0D:A8,-66,-71,507,1476328906
E6:71:85:62:0D:A8,-69,-72,570,1476328970
E6:71:85:62:0D:A8,-68,-73,630,1476329030
E6:71:85:62:0D:A8,-67,-71,690,1476329090
E6:71:85:62:0D:A8,-70,-72,750,1476329150
E6:71:85:62:0D:A8,-65,-72,810,1476329210
E6:71:85:62:0D:A8,-69,-72,873,1476329273
E6:71:85:62:0D:A8,-66,-72,933,1476329333
E6:71:85:62:0D:A8,-66,-71,993,1476329393
E6:71:85:62:0D:A8,-65,-70,1053,1476329453
E6:71:85:62:0D:A8,-66,-72,1119,1476329519
E6:71:85:62:0D:A8,-65,-73,1189,1476329588
E6:71:85:62:0D:A8,-64,-72,1249,1476329648
E6:71:85:62:0D:A8,-65,-71,1309,1476329708
E6:71:85:62:0D:A8,-64,-70,1369,1476329768
E6:71:85:62:0D:A8,-66,-70,1429,1476329828
E6:71:85:62:0D:A8,-64,-71,1492,1476329891
E6:71:85:62:0D:A8,-65,-71,1552,1476329951
E6:71:85:62:0D:A8,-65,-71,1612,1476330011
E6:71:85:62:0D:A8,-64,-71,1672,1476330071
E6:71:85:62:0D:A8,-63,-69,1732,1476330131
E6:71:85:62:0D:A8,-67,-74,1795,1476330194
E6:71:85:62:0D:A8,-65,-71,1855,1476330254
E6:71:85:62:0D:A8,-64,-71,1915,1476330314
5C:E0:C5:C8:D3:D1,-69,-72,19,1476330314
E6:71:85:62:0D:A8,-69,-73,1975,1476330374
5C:E0:C5:C8:D3:D1,-74,-75,79,1476330374
E6:71:85:62:0D:A8,-68,-73,2035,1476330434
5C:E0:C5:C8:D3:D1,-69,-83,139,1476330434
E6:71:85:62:0D:A8,-65,-71,2098,1476330497
5C:E0:C5:C8:D3:D1,-44,-41,202,1476330497
E6:71:85:62:0D:A8,-69,-72,2158,1476330557
E6:71:85:62:0D:A8,-72,-74,2218,1476330617
E6:71:85:62:0D:A8,-71,-73,2278,1476330677
E6:71:85:62:0D:A8,-69,-74,2338,1476330737
E6:71:85:62:0D:A8,-65,-71,2401,1476330800
E6:71:85:62:0D:A8,-62,-70,2461,1476330860
E6:71:85:62:0D:A8,-66,-73,2521,1476330920
E6:71:85:62:0D:A8,-61,-71,2581,1476330980
E6:71:85:62:0D:A8,-61,-70,2641,1476331040
E6:71:85:62:0D:A8,-61,-71,2704,1476331104
E6:71:85:62:0D:A8,-61,-70,2764,1476331164
E6:71:85:62:0D:A8,-61,-71,2824,1476331224
E6:71:85:62:0D:A8,-61,-70,2884,1476331284
E6:71:85:62:0D:A8,-61,-70,2944,1476331344
E6:71:85:62:0D:A8,-61,-70,3007,1476331407
E6:71:85:62:0D:A8,-62,-71,3067,1476331467
E6:71:85:62:0D:A8,-61,-70,3127,1476331527
E6:71:85:62:0D:A8,-61,-70,3187,1476331587
E6:71:85:62:0D:A8,-61,-70,3247,1476331647
E6:71:85:62:0D:A8,-62,-71,3310,1476331710
E6:71:85:62:0D:A8,-61,-70,3370,1476331770
E6:71:85:62:0D:A8,-61,-70,3430,1476331830
E6:71:85:62:0D:A8,-61,-70,3490,1476331890
E6:71:85:62:0D:A8,-61,-71,3550,1476331950
E6:71:85:62:0D:A8,-61,-71,3613,1476332013
E6:71:85:62:0D:A8,-61,-71,3673,1476332073
E6:71:85:62:0D:A8,-62,-71,3733,1476332133
E6:71:85:62:0D:A8,-61,-71,3793,1476332193
E6:71:85:62:0D:A8,-61,-70,3853,1476332253
E6:71:85:62:0D:A8,-61,-71,3916,1476332316
E6:71:85:62:0D:A8,-61,-71,3976,1476332376
E6:71:85:62:0D:A8,-61,-71,4036,1476332436
E6:71:85:62:0D:A8,-61,-71,4096,1476332496
E6:71:85:62:0D:A8,-61,-70,4156,1476332556
E6:71:85:62:0D:A8,-61,-71,4219,1476332619
E6:71:85:62:0D:A8,-61,-71,4279,1476332679
E6:71:85:62:0D:A8,-61,-71,4339,1476332739
E6:71:85:62:0D:A8,-62,-71,4399,1476332799
E6:71:85:62:0D:A8,-61,-71,4459,1476332859
E6:71:85:62:0D:A8,-62,-71,4522,1476332922
E6:71:85:62:0D:A8,-62,-71,4582,1476332982
E6:71:85:62:0D:A8,-61,-71,4642,1476333042
E6:71:85:62:0D:A8,-61,-71,4702,1476333102
E6:71:85:62:0D:A8,-62,-71,4762,1476333162
E6:71:85:62:0D:A8,-61,-71,4825,1476333225
E6:71:85:62:0D:A8,-61,-71,4885,1476333285
E6:71:85:62:0D:A8,-61,-71,4945,1476333345
E6:71:85:62:0D:A8,-61,-71,5005,1476333405
E6:71:85:62:0D:A8,-61,-71,5065,1476333465
E6:71:85:62:0D:A8,-61,-71,5128,1476333528
E6:71:85:62:0D:A8,-61,-71,5188,1476333588
E6:71:85:62:0D:A8,-61,-70,5248,1476333648
E6:71:85:62:0D:A8,-62,-71,5308,1476333708
E6:71:85:62:0D:A8,-61,-71,5368,1476333768
E6:71:85:62:0D:A8,-61,-71,5431,1476333831
E6:71:85:62:0D:A8,-67,-70,5491,1476333891
E6:71:85:62:0D:A8,-63,-71,5551,1476333951
E6:71:85:62:0D:A8,-62,-72,5611,1476334011
E6:71:85:62:0D:A8,-63,-72,5671,1476334071
E6:71:85:62:0D:A8,-62,-72,5734,1476334134
E6:71:85:62:0D:A8,-62,-72,5794,1476334194
E6:71:85:62:0D:A8,-63,-73,5854,1476334254
E6:71:85:62:0D:A8,-63,-70,5914,1476334314
E6:71:85:62:0D:A8,-62,-70,5974,1476334374
E6:71:85:62:0D:A8,-62,-70,6037,1476334437
E6:71:85:62:0D:A8,-62,-70,6097,1476334497
E6:71:85:62:0D:A8,-62,-70,6157,1476334557
E6:71:85:62:0D:A8,-62,-69,6217,1476334617
E6:71:85:62:0D:A8,-62,-70,6277,1476334677
E6:71:85:62:0D:A8,-62,-72,6340,1476334740
E6:71:85:62:0D:A8,-61,-71,6400,1476334800
E6:71:85:62:0D:A8,-62,-73,6460,1476334860
E6:71:85:62:0D:A8,-62,-73,6520,1476334920
E6:71:85:62:0D:A8,-62,-73,6580,1476334980
E6:71:85:62:0D:A8,-61,-74,6644,1476335043
E6:71:85:62:0D:A8,-61,-74,6704,1476335103
E6:71:85:62:0D:A8,-62,-72,6764,1476335163
E6:71:85:62:0D:A8,-63,-72,6824,1476335223
E6:71:85:62:0D:A8,-62,-73,6884,1476335283
E6:71:85:62:0D:A8,-62,-73,6947,1476335346
E6:71:85:62:0D:A8,-62,-73,7007,1476335406
E6:71:85:62:0D:A8,-61,-72,7067,1476335466
E6:71:85:62:0D:A8,-62,-72,7127,1476335526
E6:71:85:62:0D:A8,-62,-73,7187,1476335586
E6:71:85:62:0D:A8,-61,-71,7250,1476335649
E6:71:85:62:0D:A8,-61,-70,7310,1476335709
E6:71:85:62:0D:A8,-62,-71,7370,1476335769
E6:71:85:62:0D:A8,-62,-70,7430,1476335829
E6:71:85:62:0D:A8,-62,-70,7490,1476335889
E6:71:85:62:0D:A8,-62,-71,7553,1476335953
E6:71:85:62:0D:A8,-62,-71,7613,1476336013
E6:71:85:62:0D:A8,-62,-71,7673,1476336073
E6:71:85:62:0D:A8,-62,-71,7733,1476336133
E6:71:85:62:0D:A8,-62,-71,7793,1476336193
E6:71:85:62:0D:A8,-62,-71,7856,1476336256
E6:71:85:62:0D:A8,-63,-72,7916,1476336316
E6:71:85:62:0D:A8,-62,-71,7976,1476336376
E6:71:85:62:0D:A8,-62,-71,8036,1476336436
E6:71:85:62:0D:A8,-62,-71,8096,1476336496
E6:71:85:62:0D:A8,-61,-70,8159,1476336559
E6:71:85:62:0D:A8,-61,-70,8219,1476336619
E6:71:85:62:0D:A8,-61,-70,8279,1476336679
E6:71:85:62:0D:A8,-61,-70,8339,1476336739
E6:71:85:62:0D:A8,-61,-70,8399,1476336799
E6:71:85:62:0D:A8,-61,-70,8462,1476336862
E6:71:85:62:0D:A8,-62,-70,8522,1476336922
E6:71:85:62:0D:A8,-62,-71,8582,1476336982
E6:71:85:62:0D:A8,-62,-70,8642,1476337042
E6:71:85:62:0D:A8,-62,-70,8702,1476337102
E6:71:85:62:0D:A8,-62,-71,8765,1476337165
E6:71:85:62:0D:A8,-62,-71,8825,1476337225
E6:71:85:62:0D:A8,-62,-70,8885,1476337285
E6:71:85:62:0D:A8,-62,-71,8945,1476337345
E6:71:85:62:0D:A8,-62,-71,9005,1476337405
E6:71:85:62:0D:A8,-61,-70,9068,1476337468
E6:71:85:62:0D:A8,-61,-70,9128,1476337528
E6:71:85:62:0D:A8,-62,-71,9188,1476337588
E6:71:85:62:0D:A8,-62,-71,9248,1476337648
E6:71:85:62:0D:A8,-62,-71,9308,1476337708
E6:71:85:62:0D:A8,-62,-71,9371,1476337771
E6:71:85:62:0D:A8,-62,-71,9431,1476337831
E6:71:85:62:0D:A8,-62,-71,9491,1476337891
E6:71:85:62:0D:A8,-62,-71,9551,1476337951
E6:71:85:62:0D:A8,-62,-71,9611,1476338011
E6:71:85:62:0D:A8,-62,-71,9674,1476338074
E6:71:85:62:0D:A8,-62,-71,9734,1476338134
E6:71:85:62:0D:A8,-62,-71,9794,1476338194
E6:71:85:62:0D:A8,-62,-71,9854,1476338254
E6:71:85:62:0D:A8,-62,-71,9914,1476338314
E6:71:85:62:0D:A8,-63,-71,9977,1476338377
E6:71:85:62:0D:A8,-62,-71,10037,1476338437
E6:71:85:62:0D:A8,-62,-70,10097,1476338497
E6:71:85:62:0D:A8,-62,-71,10157,1476338557
E6:71:85:62:0D:A8,-62,-71,10217,1476338617
E6:71:85:62:0D:A8,-62,-71,10280,1476338680
E6:71:85:62:0D:A8,-62,-71,10340,1476338740
E6:71:85:62:0D:A8,-62,-71,10400,1476338800
E6:71:85:62:0D:A8,-62,-71,10460,1476338860
E6:71:85:62:0D:A8,-62,-71,10520,1476338920
E6:71:85:62:0D:A8,-62,-71,10583,1476338983
E6:71:85:62:0D:A8,-62,-71,10643,1476339043
E6:71:85:62:0D:A8,-62,-71,10703,1476339103
E6:71:85:62:0D:A8,-62,-71,10763,1476339163
E6:71:85:62:0D:A8,-62,-71,10823,1476339223
E6:71:85:62:0D:A8,-63,-72,10886,1476339286
E6:71:85:62:0D:A8,-62,-71,10946,1476339346
E6:71:85:62:0D:A8,-62,-71,11006,1476339406
E6:71:85:62:0D:A8,-62,-71,11066,1476339466
E6:71:85:62:0D:A8,-62,-70,11126,1476339526
E6:71:85:62:0D:A8,-62,-71,11190,1476339589
E6:71:85:62:0D:A8,-62,-71,11250,1476339649
E6:71:85:62:0D:A8,-61,-70,11310,1476339709
E6:71:85:62:0D:A8,-62,-71,11370,1476339769
E6:71:85:62:0D:A8,-62,-71,11430,1476339829
E6:71:85:62:0D:A8,-62,-71,11493,1476339892
E6:71:85:62:0D:A8,-62,-71,11553,1476339952
E6:71:85:62:0D:A8,-62,-71,11613,1476340012
E6:71:85:62:0D:A8,-62,-71,11673,1476340072
E6:71:85:62:0D:A8,-62,-71,11733,1476340132
E6:71:85:62:0D:A8,-62,-71,11796,1476340196
E6:71:85:62:0D:A8,-63,-71,11856,1476340256
E6:71:85:62:0D:A8,-61,-70,11916,1476340316
E6:71:85:62:0D:A8,-62,-70,11976,1476340376
E6:71:85:62:0D:A8,-62,-70,12036,1476340436
E6:71:85:62:0D:A8,-62,-70,12099,1476340499
E6:71:85:62:0D:A8,-62,-70,12159,1476340559
E6:71:85:62:0D:A8,-62,-70,12219,1476340619
E6:71:85:62:0D:A8,-62,-70,12279,1476340679
E6:71:85:62:0D:A8,-62,-70,12339,1476340739
E6:71:85:62:0D:A8,-62,-70,12402,1476340802
E6:71:85:62:0D:A8,-62,-70,12462,1476340862
E6:71:85:62:0D:A8,-62,-70,12522,1476340922
E6:71:85:62:0D:A8,-63,-70,12582,1476340982
E6:71:85:62:0D:A8,-62,-70,12642,1476341042
