Client_MAC,Rssi0,Rssi1,Connection_Time,EpocTime
60:03:08:69:46:C4,-81,-85,269,1476439932
E6:71:85:62:0D:A8,-65,-67,25951,1476439932
E6:71:85:62:00:80,-61,-65,25485,1476439932
60:03:08:69:46:C4,-81,-85,329,1476439992
E6:71:85:62:0D:A8,-65,-67,26011,1476439992
E6:71:85:62:00:80,-61,-66,25545,1476439992
60:03:08:69:46:C4,-85,-76,42,1476440052
E6:71:85:62:0D:A8,-65,-67,26071,1476440052
E6:71:85:62:00:80,-62,-66,25605,1476440052
60:03:08:69:46:C4,-82,-76,102,1476440112
E6:71:85:62:0D:A8,-65,-67,26131,1476440112
E6:71:85:62:00:80,-62,-66,25665,1476440112
60:03:08:69:46:C4,-82,-76,162,1476440172
E6:71:85:62:0D:A8,-65,-67,26191,1476440172
E6:71:85:62:00:80,-61,-66,25725,1476440172
60:03:08:69:46:C4,-80,-77,222,1476440232
E6:71:85:62:0D:A8,-66,-68,26251,1476440232
E6:71:85:62:00:80,-62,-66,25785,1476440232
60:03:08:69:46:C4,-74,-78,282,1476440292
E6:71:85:62:0D:A8,-65,-67,26311,1476440292
E6:71:85:62:00:80,-62,-66,25845,1476440292
60:03:08:69:46:C4,-80,-82,342,1476440352
E6:71:85:62:0D:A8,-65,-67,26371,1476440352
E6:71:85:62:00:80,-61,-65,25905,1476440352
60:03:08:69:46:C4,-81,-82,402,1476440412
E6:71:85:62:0D:A8,-66,-68,26431,1476440412
E6:71:85:62:00:80,-62,-66,25965,1476440412
60:03:08:69:46:C4,-81,-82,466,1476440475
E6:71:85:62:0D:A8,-66,-68,26495,1476440475
E6:71:85:62:00:80,-61,-65,26029,1476440475
60:03:08:69:46:C4,-81,-82,526,1476440535
E6:71:85:62:0D:A8,-66,-68,26555,1476440535
E6:71:85:62:00:80,-61,-65,26089,1476440535
60:03:08:69:46:C4,-81,-82,586,1476440595
E6:71:85:62:0D:A8,-66,-68,26615,1476440595
E6:71:85:62:00:80,-61,-65,26149,1476440595
60:03:08:69:46:C4,-81,-82,646,1476440655
E6:71:85:62:0D:A8,-65,-67,26675,1476440655
E6:71:85:62:00:80,-61,-65,26209,1476440655
60:03:08:69:46:C4,-82,-82,706,1476440715
E6:71:85:62:0D:A8,-65,-67,26735,1476440715
E6:71:85:62:00:80,-61,-65,26269,1476440715
60:03:08:69:46:C4,-82,-82,769,1476440778
E6:71:85:62:0D:A8,-65,-68,26798,1476440778
E6:71:85:62:00:80,-61,-66,26332,1476440778
60:03:08:69:46:C4,-81,-82,829,1476440838
E6:71:85:62:0D:A8,-65,-67,26858,1476440838
E6:71:85:62:00:80,-62,-66,26392,1476440838
60:03:08:69:46:C4,-81,-82,889,1476440898
E6:71:85:62:0D:A8,-66,-68,26918,1476440898
E6:71:85:62:00:80,-62,-66,26452,1476440898
60:03:08:69:46:C4,-81,-82,949,1476440958
E6:71:85:62:0D:A8,-65,-67,26978,1476440958
E6:71:85:62:00:80,-62,-66,26512,1476440958
60:03:08:69:46:C4,-82,-82,1009,1476441018
E6:71:85:62:0D:A8,-66,-68,27038,1476441018
E6:71:85:62:00:80,-62,-66,26572,1476441018
60:03:08:69:46:C4,-82,-82,1072,1476441081
E6:71:85:62:0D:A8,-66,-68,27101,1476441081
E6:71:85:62:00:80,-61,-66,26635,1476441081
60:03:08:69:46:C4,-81,-82,1132,1476441141
E6:71:85:62:0D:A8,-65,-67,27161,1476441141
E6:71:85:62:00:80,-62,-66,26695,1476441141
60:03:08:69:46:C4,-81,-82,1192,1476441201
E6:71:85:62:0D:A8,-66,-68,27221,1476441201
E6:71:85:62:00:80,-62,-66,26755,1476441201
60:03:08:69:46:C4,-81,-82,1252,1476441261
E6:71:85:62:0D:A8,-66,-68,27281,1476441261
E6:71:85:62:00:80,-62,-66,26815,1476441261
60:03:08:69:46:C4,-82,-81,1312,1476441321
E6:71:85:62:0D:A8,-65,-67,27341,1476441321
E6:71:85:62:00:80,-61,-66,26875,1476441321
60:03:08:69:46:C4,-81,-82,1375,1476441384
E6:71:85:62:0D:A8,-65,-67,27404,1476441384
E6:71:85:62:00:80,-62,-66,26938,1476441384
60:03:08:69:46:C4,-81,-82,1435,1476441444
E6:71:85:62:0D:A8,-65,-68,27464,1476441444
E6:71:85:62:00:80,-61,-66,26998,1476441444
60:03:08:69:46:C4,-81,-82,1495,1476441504
E6:71:85:62:0D:A8,-65,-67,27524,1476441504
E6:71:85:62:00:80,-61,-66,27058,1476441504
60:03:08:69:46:C4,-81,-82,1555,1476441564
E6:71:85:62:0D:A8,-66,-68,27584,1476441564
E6:71:85:62:00:80,-62,-66,27118,1476441564
60:03:08:69:46:C4,-81,-82,1615,1476441624
E6:71:85:62:0D:A8,-66,-68,27644,1476441624
E6:71:85:62:00:80,-62,-66,27178,1476441624
60:03:08:69:46:C4,-82,-82,1701,1476441710
E6:71:85:62:0D:A8,-71,-74,27730,1476441710
E6:71:85:62:00:80,-61,-66,27264,1476441710
60:03:08:69:46:C4,-82,-82,1761,1476441770
E6:71:85:62:0D:A8,-68,-70,27790,1476441770
E6:71:85:62:00:80,-61,-66,27324,1476441770
60:03:08:69:46:C4,-82,-82,1821,1476441830
E6:71:85:62:0D:A8,-69,-71,27850,1476441830
E6:71:85:62:00:80,-61,-65,27384,1476441830
60:03:08:69:46:C4,-82,-82,1881,1476441890
E6:71:85:62:0D:A8,-69,-71,27910,1476441890
E6:71:85:62:00:80,-62,-66,27444,1476441890
60:03:08:69:46:C4,-82,-82,1941,1476441950
E6:71:85:62:0D:A8,-69,-71,27970,1476441950
E6:71:85:62:00:80,-61,-66,27504,1476441950
60:03:08:69:46:C4,-82,-82,2001,1476442010
E6:71:85:62:0D:A8,-69,-71,28030,1476442010
E6:71:85:62:00:80,-61,-66,27564,1476442010
60:03:08:69:46:C4,-82,-82,2061,1476442070
E6:71:85:62:0D:A8,-67,-69,28090,1476442070
E6:71:85:62:00:80,-62,-66,27624,1476442070
60:03:08:69:46:C4,-82,-82,2121,1476442130
E6:71:85:62:0D:A8,-69,-71,28150,1476442130
E6:71:85:62:00:80,-62,-66,27684,1476442130
60:03:08:69:46:C4,-82,-82,2181,1476442190
E6:71:85:62:0D:A8,-69,-71,28210,1476442190
E6:71:85:62:00:80,-62,-66,27744,1476442190
60:03:08:69:46:C4,-82,-82,2268,1476442277
E6:71:85:62:0D:A8,-68,-70,28297,1476442277
E6:71:85:62:00:80,-61,-65,27831,1476442277
60:03:08:69:46:C4,-82,-82,2328,1476442337
E6:71:85:62:0D:A8,-68,-71,28357,1476442337
E6:71:85:62:00:80,-61,-65,27891,1476442337
60:03:08:69:46:C4,-82,-82,2388,1476442397
E6:71:85:62:0D:A8,-69,-71,28417,1476442397
E6:71:85:62:00:80,-61,-65,27951,1476442397
60:03:08:69:46:C4,-82,-82,2448,1476442457
E6:71:85:62:0D:A8,-68,-70,28477,1476442457
E6:71:85:62:00:80,-61,-65,28011,1476442457
60:03:08:69:46:C4,-82,-82,2508,1476442517
E6:71:85:62:0D:A8,-68,-70,28537,1476442517
E6:71:85:62:00:80,-61,-65,28071,1476442517
60:03:08:69:46:C4,-82,-82,2571,1476442580
E6:71:85:62:0D:A8,-68,-70,28600,1476442580
E6:71:85:62:00:80,-62,-66,28134,1476442580
60:03:08:69:46:C4,-82,-82,2631,1476442640
E6:71:85:62:0D:A8,-68,-70,28660,1476442640
E6:71:85:62:00:80,-61,-66,28194,1476442640
60:03:08:69:46:C4,-82,-82,2691,1476442700
E6:71:85:62:0D:A8,-69,-71,28720,1476442700
E6:71:85:62:00:80,-61,-66,28254,1476442700
60:03:08:69:46:C4,-82,-82,2751,1476442760
E6:71:85:62:0D:A8,-69,-71,28780,1476442760
E6:71:85:62:00:80,-62,-66,28314,1476442760
60:03:08:69:46:C4,-81,-81,2811,1476442820
E6:71:85:62:0D:A8,-68,-70,28840,1476442820
E6:71:85:62:00:80,-61,-65,28374,1476442820
60:03:08:69:46:C4,-82,-82,2874,1476442883
E6:71:85:62:0D:A8,-69,-71,28903,1476442883
E6:71:85:62:00:80,-61,-66,28437,1476442883
60:03:08:69:46:C4,-82,-82,2934,1476442943
E6:71:85:62:0D:A8,-69,-71,28963,1476442943
E6:71:85:62:00:80,-62,-66,28497,1476442943
60:03:08:69:46:C4,-82,-82,2994,1476443003
E6:71:85:62:0D:A8,-69,-71,29023,1476443003
E6:71:85:62:00:80,-61,-65,28557,1476443003
60:03:08:69:46:C4,-82,-82,3054,1476443063
E6:71:85:62:0D:A8,-68,-70,29083,1476443063
E6:71:85:62:00:80,-61,-66,28617,1476443063
60:03:08:69:46:C4,-82,-82,3114,1476443123
E6:71:85:62:0D:A8,-68,-70,29143,1476443123
E6:71:85:62:00:80,-61,-65,28677,1476443123
60:03:08:69:46:C4,-81,-82,3177,1476443186
E6:71:85:62:0D:A8,-69,-71,29206,1476443186
E6:71:85:62:00:80,-61,-66,28740,1476443186
60:03:08:69:46:C4,-82,-82,3237,1476443246
E6:71:85:62:0D:A8,-68,-71,29266,1476443246
E6:71:85:62:00:80,-61,-66,28800,1476443246
60:03:08:69:46:C4,-82,-82,3297,1476443306
E6:71:85:62:0D:A8,-68,-70,29326,1476443306
E6:71:85:62:00:80,-61,-65,28860,1476443306
60:03:08:69:46:C4,-81,-82,3357,1476443366
E6:71:85:62:0D:A8,-68,-70,29386,1476443366
E6:71:85:62:00:80,-61,-66,28920,1476443366
60:03:08:69:46:C4,-81,-82,3417,1476443426
E6:71:85:62:0D:A8,-68,-70,29446,1476443426
E6:71:85:62:00:80,-61,-65,28980,1476443426
60:03:08:69:46:C4,-81,-81,3480,1476443489
E6:71:85:62:0D:A8,-68,-70,29509,1476443489
E6:71:85:62:00:80,-61,-66,29043,1476443489
60:03:08:69:46:C4,-81,-81,3540,1476443549
E6:71:85:62:0D:A8,-68,-71,29569,1476443549
E6:71:85:62:00:80,-61,-66,29103,1476443549
60:03:08:69:46:C4,-81,-82,3600,1476443609
E6:71:85:62:0D:A8,-68,-70,29629,1476443609
E6:71:85:62:00:80,-61,-66,29163,1476443609
60:03:08:69:46:C4,-81,-81,3660,1476443669
E6:71:85:62:0D:A8,-68,-70,29689,1476443669
E6:71:85:62:00:80,-61,-66,29223,1476443669
60:03:08:69:46:C4,-81,-82,3720,1476443729
E6:71:85:62:0D:A8,-68,-70,29749,1476443729
E6:71:85:62:00:80,-61,-66,29283,1476443729
60:03:08:69:46:C4,-81,-82,3780,1476443789
E6:71:85:62:0D:A8,-69,-71,29809,1476443789
E6:71:85:62:00:80,-61,-66,29343,1476443789
60:03:08:69:46:C4,-81,-81,3840,1476443849
E6:71:85:62:0D:A8,-68,-70,29869,1476443849
E6:71:85:62:00:80,-61,-66,29403,1476443849
60:03:08:69:46:C4,-82,-82,3900,1476443909
E6:71:85:62:0D:A8,-68,-71,29929,1476443909
E6:71:85:62:00:80,-61,-66,29463,1476443909
60:03:08:69:46:C4,-82,-82,3960,1476443969
E6:71:85:62:0D:A8,-68,-70,29989,1476443969
E6:71:85:62:00:80,-61,-65,29523,1476443969
60:03:08:69:46:C4,-81,-81,4046,1476444055
E6:71:85:62:0D:A8,-68,-70,30075,1476444055
E6:71:85:62:00:80,-61,-65,29609,1476444055
60:03:08:69:46:C4,-81,-81,4106,1476444115
E6:71:85:62:0D:A8,-68,-70,30135,1476444115
E6:71:85:62:00:80,-61,-65,29669,1476444115
60:03:08:69:46:C4,-81,-81,4166,1476444175
E6:71:85:62:0D:A8,-68,-70,30195,1476444175
E6:71:85:62:00:80,-61,-65,29729,1476444175
60:03:08:69:46:C4,-81,-81,4226,1476444235
E6:71:85:62:0D:A8,-68,-70,30255,1476444235
E6:71:85:62:00:80,-61,-65,29789,1476444235
60:03:08:69:46:C4,-82,-82,4286,1476444295
E6:71:85:62:0D:A8,-68,-70,30315,1476444295
E6:71:85:62:00:80,-61,-65,29849,1476444295
60:03:08:69:46:C4,-82,-82,4349,1476444358
E6:71:85:62:0D:A8,-69,-71,30378,1476444358
E6:71:85:62:00:80,-61,-66,29912,1476444358
60:03:08:69:46:C4,-82,-82,4409,1476444418
E6:71:85:62:0D:A8,-68,-70,30438,1476444418
E6:71:85:62:00:80,-61,-65,29972,1476444418
60:03:08:69:46:C4,-81,-82,4469,1476444478
E6:71:85:62:0D:A8,-68,-70,30498,1476444478
E6:71:85:62:00:80,-61,-66,30032,1476444478
60:03:08:69:46:C4,-81,-82,4529,1476444538
E6:71:85:62:0D:A8,-68,-70,30558,1476444538
E6:71:85:62:00:80,-61,-66,30092,1476444538
60:03:08:69:46:C4,-81,-82,4589,1476444598
E6:71:85:62:0D:A8,-68,-70,30618,1476444598
E6:71:85:62:00:80,-61,-66,30152,1476444598
60:03:08:69:46:C4,-82,-82,4652,1476444661
E6:71:85:62:0D:A8,-69,-71,30681,1476444661
E6:71:85:62:00:80,-62,-66,30215,1476444661
60:03:08:69:46:C4,-81,-82,4712,1476444721
E6:71:85:62:0D:A8,-69,-71,30741,1476444721
E6:71:85:62:00:80,-61,-66,30275,1476444721
60:03:08:69:46:C4,-81,-81,4772,1476444781
E6:71:85:62:0D:A8,-68,-70,30801,1476444781
E6:71:85:62:00:80,-61,-66,30335,1476444781
60:03:08:69:46:C4,-81,-82,4832,1476444841
E6:71:85:62:0D:A8,-69,-71,30861,1476444841
E6:71:85:62:00:80,-61,-66,30395,1476444841
60:03:08:69:46:C4,-81,-82,4892,1476444901
E6:71:85:62:0D:A8,-69,-71,30921,1476444901
E6:71:85:62:00:80,-61,-66,30455,1476444901
