Client_MAC,Rssi0,Rssi1,Connection_Time,EpocTime
E6:71:85:62:00:80,-59,-66,5949,1476296356
E6:71:85:62:0D:A8,-68,-74,7245,1476296356
E6:71:85:62:00:80,-59,-67,6009,1476296416
E6:71:85:62:0D:A8,-68,-75,7305,1476296416
E6:71:85:62:00:80,-59,-66,6069,1476296476
E6:71:85:62:0D:A8,-68,-75,7365,1476296476
E6:71:85:62:00:80,-59,-66,6129,1476296536
E6:71:85:62:0D:A8,-68,-75,7425,1476296536
E6:71:85:62:00:80,-59,-67,6189,1476296596
E6:71:85:62:0D:A8,-68,-75,7485,1476296596
E6:71:85:62:00:80,-60,-67,6252,1476296659
E6:71:85:62:0D:A8,-68,-75,7548,1476296659
E6:71:85:62:00:80,-60,-67,6312,1476296719
E6:71:85:62:0D:A8,-69,-75,7608,1476296719
E6:71:85:62:00:80,-59,-67,6372,1476296779
E6:71:85:62:0D:A8,-68,-75,7668,1476296779
E6:71:85:62:00:80,-59,-67,6432,1476296839
E6:71:85:62:0D:A8,-68,-75,7728,1476296839
E6:71:85:62:00:80,-60,-67,6492,1476296899
E6:71:85:62:0D:A8,-68,-74,7788,1476296899
E6:71:85:62:00:80,-59,-67,6556,1476296962
E6:71:85:62:0D:A8,-68,-75,7852,1476296962
E6:71:85:62:00:80,-59,-66,6616,1476297022
E6:71:85:62:0D:A8,-68,-74,7912,1476297022
E6:71:85:62:00:80,-59,-66,6682,1476297088
E6:71:85:62:0D:A8,-67,-75,7978,1476297088
E6:71:85:62:00:80,-59,-66,6748,1476297155
E6:71:85:62:0D:A8,-67,-75,8044,1476297155
E6:71:85:62:00:80,-59,-67,6808,1476297215
E6:71:85:62:0D:A8,-67,-75,8104,1476297215
E6:71:85:62:00:80,-60,-67,6903,1476297310
E6:71:85:62:0D:A8,-67,-75,8199,1476297310
E6:71:85:62:00:80,-59,-67,6963,1476297370
E6:71:85:62:0D:A8,-67,-76,8259,1476297370
E6:71:85:62:00:80,-59,-66,7023,1476297430
E6:71:85:62:0D:A8,-67,-76,8319,1476297430
E6:71:85:62:00:80,-59,-66,7083,1476297490
E6:71:85:62:0D:A8,-67,-76,8379,1476297490
E6:71:85:62:00:80,-59,-67,7143,1476297550
E6:71:85:62:0D:A8,-68,-76,8439,1476297550
E6:71:85:62:00:80,-59,-66,7239,1476297645
E6:71:85:62:0D:A8,-67,-75,8535,1476297645
E6:71:85:62:00:80,-59,-66,7299,1476297705
E6:71:85:62:0D:A8,-67,-75,8595,1476297705
E6:71:85:62:00:80,-59,-66,7359,1476297765
E6:71:85:62:0D:A8,-67,-75,8655,1476297765
E6:71:85:62:00:80,-59,-67,7419,1476297825
E6:71:85:62:0D:A8,-67,-76,8715,1476297825
E6:71:85:62:00:80,-59,-66,7479,1476297885
E6:71:85:62:0D:A8,-67,-75,8775,1476297885
E6:71:85:62:00:80,-60,-67,7574,1476297981
E6:71:85:62:0D:A8,-68,-75,8870,1476297981
E6:71:85:62:00:80,-60,-67,7634,1476298041
E6:71:85:62:0D:A8,-68,-75,8930,1476298041
E6:71:85:62:00:80,-59,-66,7694,1476298101
E6:71:85:62:0D:A8,-68,-75,8990,1476298101
E6:71:85:62:00:80,-59,-66,7754,1476298161
E6:71:85:62:0D:A8,-67,-75,9050,1476298161
E6:71:85:62:00:80,-59,-67,7814,1476298221
E6:71:85:62:0D:A8,-67,-75,9110,1476298221
E6:71:85:62:00:80,-59,-66,7909,1476298316
E6:71:85:62:0D:A8,-67,-75,9205,1476298316
E6:71:85:62:00:80,-59,-66,7969,1476298376
E6:71:85:62:0D:A8,-67,-75,9265,1476298376
E6:71:85:62:00:80,-59,-66,8029,1476298436
E6:71:85:62:0D:A8,-67,-75,9325,1476298436
E6:71:85:62:00:80,-59,-66,8089,1476298496
E6:71:85:62:0D:A8,-68,-76,9385,1476298496
E6:71:85:62:00:80,-59,-66,8149,1476298556
E6:71:85:62:0D:A8,-67,-75,9445,1476298556
E6:71:85:62:00:80,-59,-67,8244,1476298650
E6:71:85:62:0D:A8,-68,-76,9540,1476298650
E6:71:85:62:00:80,-60,-67,8304,1476298710
E6:71:85:62:0D:A8,-67,-75,9600,1476298710
E6:71:85:62:00:80,-60,-67,8364,1476298770
E6:71:85:62:0D:A8,-68,-75,9660,1476298770
E6:71:85:62:00:80,-59,-67,8424,1476298830
E6:71:85:62:0D:A8,-67,-76,9720,1476298830
E6:71:85:62:00:80,-59,-66,8484,1476298890
E6:71:85:62:0D:A8,-68,-76,9780,1476298890
E6:71:85:62:00:80,-59,-66,8579,1476298986
E6:71:85:62:0D:A8,-67,-75,9875,1476298986
E6:71:85:62:00:80,-59,-66,8639,1476299046
E6:71:85:62:0D:A8,-67,-75,9935,1476299046
E6:71:85:62:00:80,-59,-66,8699,1476299106
E6:71:85:62:0D:A8,-67,-75,9995,1476299106
E6:71:85:62:00:80,-59,-66,8759,1476299166
E6:71:85:62:0D:A8,-68,-76,10055,1476299166
E6:71:85:62:00:80,-59,-66,8819,1476299226
E6:71:85:62:0D:A8,-68,-75,10115,1476299226
E6:71:85:62:00:80,-59,-66,8915,1476299322
E6:71:85:62:0D:A8,-68,-76,10211,1476299322
E6:71:85:62:00:80,-59,-66,8975,1476299382
E6:71:85:62:0D:A8,-68,-75,10271,1476299382
E6:71:85:62:00:80,-59,-67,9035,1476299442
E6:71:85:62:0D:A8,-68,-76,10331,1476299442
E6:71:85:62:00:80,-59,-67,9095,1476299502
E6:71:85:62:0D:A8,-67,-75,10391,1476299502
E6:71:85:62:00:80,-59,-66,9155,1476299562
E6:71:85:62:0D:A8,-67,-76,10451,1476299562
E6:71:85:62:00:80,-60,-67,9251,1476299657
E6:71:85:62:0D:A8,-68,-75,10547,1476299657
E6:71:85:62:00:80,-59,-66,9311,1476299717
E6:71:85:62:0D:A8,-67,-75,10607,1476299717
E6:71:85:62:00:80,-59,-67,9371,1476299777
E6:71:85:62:0D:A8,-68,-75,10667,1476299777
E6:71:85:62:00:80,-59,-67,9431,1476299837
E6:71:85:62:0D:A8,-67,-75,10727,1476299837
E6:71:85:62:00:80,-59,-67,9491,1476299897
E6:71:85:62:0D:A8,-68,-75,10787,1476299897
E6:71:85:62:00:80,-59,-67,9585,1476299992
E6:71:85:62:0D:A8,-68,-75,10881,1476299992
E6:71:85:62:00:80,-59,-67,9645,1476300052
E6:71:85:62:0D:A8,-68,-75,10941,1476300052
E6:71:85:62:00:80,-59,-67,9705,1476300112
E6:71:85:62:0D:A8,-67,-75,11001,1476300112
E6:71:85:62:00:80,-59,-67,9765,1476300172
E6:71:85:62:0D:A8,-67,-76,11061,1476300172
E6:71:85:62:00:80,-59,-67,9825,1476300230
E6:71:85:62:0D:A8,-68,-75,11121,1476300230
E6:71:85:62:00:80,-59,-67,9921,1476300326
E6:71:85:62:0D:A8,-67,-75,11217,1476300326
E6:71:85:62:00:80,-60,-67,9981,1476300386
E6:71:85:62:0D:A8,-67,-75,11277,1476300386
E6:71:85:62:00:80,-59,-67,10041,1476300446
E6:71:85:62:0D:A8,-66,-74,11337,1476300446
E6:71:85:62:00:80,-59,-67,10101,1476300506
E6:71:85:62:0D:A8,-67,-76,11397,1476300506
E6:71:85:62:00:80,-59,-67,10161,1476300564
E6:71:85:62:0D:A8,-68,-75,11457,1476300564
E6:71:85:62:00:80,-59,-67,10255,1476300659
E6:71:85:62:0D:A8,-67,-75,11551,1476300659
E6:71:85:62:00:80,-59,-66,10315,1476300719
E6:71:85:62:0D:A8,-67,-75,11611,1476300719
E6:71:85:62:00:80,-59,-66,10375,1476300779
E6:71:85:62:0D:A8,-68,-75,11671,1476300779
E6:71:85:62:00:80,-59,-66,10435,1476300842
E6:71:85:62:0D:A8,-67,-75,11731,1476300842
E6:71:85:62:00:80,-59,-66,10495,1476300902
E6:71:85:62:0D:A8,-67,-75,11791,1476300902
E6:71:85:62:00:80,-59,-66,10590,1476300996
E6:71:85:62:0D:A8,-68,-75,11886,1476300996
E6:71:85:62:00:80,-60,-67,10650,1476301056
E6:71:85:62:0D:A8,-67,-75,11946,1476301056
E6:71:85:62:00:80,-60,-67,10710,1476301116
E6:71:85:62:0D:A8,-66,-74,12006,1476301116
E6:71:85:62:00:80,-59,-67,10770,1476301175
E6:71:85:62:0D:A8,-67,-75,12066,1476301175
E6:71:85:62:00:80,-59,-66,10830,1476301235
E6:71:85:62:0D:A8,-68,-75,12126,1476301235
E6:71:85:62:00:80,-59,-66,10929,1476301334
E6:71:85:62:0D:A8,-68,-75,12225,1476301334
E6:71:85:62:00:80,-59,-66,10989,1476301394
E6:71:85:62:0D:A8,-68,-76,12285,1476301394
E6:71:85:62:00:80,-59,-66,11049,1476301455
E6:71:85:62:0D:A8,-68,-77,12345,1476301455
E6:71:85:62:00:80,-59,-66,11109,1476301515
E6:71:85:62:0D:A8,-67,-76,12405,1476301515
E6:71:85:62:00:80,-59,-66,11169,1476301575
E6:71:85:62:0D:A8,-67,-75,12465,1476301575
E6:71:85:62:00:80,-59,-66,11264,1476301671
E6:71:85:62:0D:A8,-68,-76,12560,1476301671
E6:71:85:62:00:80,-59,-66,11324,1476301731
E6:71:85:62:0D:A8,-67,-75,12620,1476301731
E6:71:85:62:00:80,-59,-66,11384,1476301791
E6:71:85:62:0D:A8,-68,-77,12680,1476301791
E6:71:85:62:00:80,-59,-67,11444,1476301851
E6:71:85:62:0D:A8,-68,-76,12740,1476301851
E6:71:85:62:00:80,-59,-67,11504,1476301911
E6:71:85:62:0D:A8,-68,-76,12800,1476301911
E6:71:85:62:00:80,-59,-66,11599,1476302006
E6:71:85:62:0D:A8,-68,-76,12895,1476302006
E6:71:85:62:00:80,-59,-66,11659,1476302066
E6:71:85:62:0D:A8,-68,-75,12955,1476302066
E6:71:85:62:00:80,-59,-66,11719,1476302126
E6:71:85:62:0D:A8,-66,-74,13015,1476302126
E6:71:85:62:00:80,-58,-66,11779,1476302186
E6:71:85:62:0D:A8,-68,-76,13075,1476302186
E6:71:85:62:00:80,-59,-66,11839,1476302246
E6:71:85:62:0D:A8,-68,-76,13135,1476302246
E6:71:85:62:00:80,-59,-66,11934,1476302341
E6:71:85:62:0D:A8,-67,-75,13230,1476302341
E6:71:85:62:00:80,-59,-66,11994,1476302401
E6:71:85:62:0D:A8,-68,-76,13290,1476302401
E6:71:85:62:00:80,-60,-68,12054,1476302461
E6:71:85:62:0D:A8,-68,-78,13350,1476302461
E6:71:85:62:00:80,-59,-67,12114,1476302521
E6:71:85:62:0D:A8,-67,-76,13410,1476302521
E6:71:85:62:00:80,-59,-66,12174,1476302581
E6:71:85:62:0D:A8,-67,-76,13470,1476302581
E6:71:85:62:00:80,-59,-66,12270,1476302676
E6:71:85:62:0D:A8,-68,-76,13566,1476302676
E6:71:85:62:00:80,-59,-66,12330,1476302736
E6:71:85:62:0D:A8,-68,-76,13626,1476302736
E6:71:85:62:00:80,-59,-66,12390,1476302796
E6:71:85:62:0D:A8,-68,-78,13686,1476302796
E6:71:85:62:00:80,-59,-66,12450,1476302856
E6:71:85:62:0D:A8,-68,-76,13746,1476302856
E6:71:85:62:00:80,-59,-66,12510,1476302916
E6:71:85:62:0D:A8,-67,-76,13806,1476302916
E6:71:85:62:00:80,-59,-66,12605,1476303012
E6:71:85:62:0D:A8,-68,-75,13901,1476303012
E6:71:85:62:00:80,-59,-66,12665,1476303072
E6:71:85:62:0D:A8,-67,-75,13961,1476303072
E6:71:85:62:00:80,-59,-66,12725,1476303132
E6:71:85:62:0D:A8,-66,-75,14021,1476303132
E6:71:85:62:00:80,-59,-66,12785,1476303192
E6:71:85:62:0D:A8,-67,-75,14081,1476303192
E6:71:85:62:00:80,-59,-66,12845,1476303252
E6:71:85:62:0D:A8,-67,-75,14141,1476303252
E6:71:85:62:00:80,-59,-67,12941,1476303347
E6:71:85:62:0D:A8,-68,-76,14237,1476303347
E6:71:85:62:00:80,-59,-67,13001,1476303407
E6:71:85:62:0D:A8,-68,-75,14297,1476303407
E6:71:85:62:00:80,-59,-66,13061,1476303467
E6:71:85:62:0D:A8,-69,-78,14357,1476303467
E6:71:85:62:00:80,-59,-67,13121,1476303527
E6:71:85:62:0D:A8,-67,-75,14417,1476303527
E6:71:85:62:00:80,-59,-67,13181,1476303587
E6:71:85:62:0D:A8,-68,-75,14477,1476303587
E6:71:85:62:00:80,-59,-66,13276,1476303682
E6:71:85:62:0D:A8,-67,-75,14572,1476303682
E6:71:85:62:00:80,-59,-66,13336,1476303742
E6:71:85:62:0D:A8,-68,-75,14632,1476303742
E6:71:85:62:00:80,-59,-67,13396,1476303802
E6:71:85:62:0D:A8,-66,-75,14692,1476303802
E6:71:85:62:00:80,-59,-66,13456,1476303862
E6:71:85:62:0D:A8,-67,-75,14752,1476303862
E6:71:85:62:00:80,-59,-66,13516,1476303922
E6:71:85:62:0D:A8,-67,-75,14812,1476303922
E6:71:85:62:00:80,-59,-66,13610,1476304017
E6:71:85:62:0D:A8,-68,-75,14906,1476304017
E6:71:85:62:00:80,-59,-66,13670,1476304077
E6:71:85:62:0D:A8,-68,-75,14966,1476304077
E6:71:85:62:00:80,-59,-66,13730,1476304137
E6:71:85:62:0D:A8,-66,-74,15026,1476304137
E6:71:85:62:00:80,-59,-66,13790,1476304197
E6:71:85:62:0D:A8,-67,-75,15086,1476304197
E6:71:85:62:00:80,-59,-67,13850,1476304257
E6:71:85:62:0D:A8,-68,-75,15146,1476304257
