Client_MAC,Rssi0,Rssi1,Connection_Time,EpocTime
E6:71:85:62:00:80,-59,-66,13947,1476304354
E6:71:85:62:0D:A8,-67,-75,15243,1476304354
E6:71:85:62:00:80,-59,-66,14007,1476304414
E6:71:85:62:0D:A8,-68,-75,15303,1476304414
E6:71:85:62:00:80,-59,-66,14067,1476304474
E6:71:85:62:0D:A8,-69,-78,15363,1476304474
E6:71:85:62:00:80,-59,-66,14127,1476304534
E6:71:85:62:0D:A8,-67,-75,15423,1476304534
E6:71:85:62:00:80,-59,-66,14187,1476304594
E6:71:85:62:0D:A8,-67,-75,15483,1476304594
E6:71:85:62:00:80,-59,-66,14282,1476304689
E6:71:85:62:0D:A8,-68,-75,15578,1476304689
E6:71:85:62:00:80,-59,-66,14342,1476304749
E6:71:85:62:0D:A8,-67,-75,15638,1476304749
E6:71:85:62:00:80,-59,-67,14402,1476304809
E6:71:85:62:0D:A8,-66,-74,15698,1476304809
E6:71:85:62:00:80,-59,-67,14462,1476304869
E6:71:85:62:0D:A8,-67,-75,15758,1476304869
E6:71:85:62:00:80,-59,-66,14522,1476304929
E6:71:85:62:0D:A8,-68,-76,15818,1476304929
E6:71:85:62:00:80,-59,-66,14618,1476305024
E6:71:85:62:0D:A8,-67,-75,15914,1476305024
E6:71:85:62:00:80,-59,-66,14678,1476305084
E6:71:85:62:0D:A8,-67,-75,15974,1476305084
E6:71:85:62:00:80,-59,-66,14738,1476305144
E6:71:85:62:0D:A8,-68,-78,16034,1476305144
E6:71:85:62:00:80,-59,-66,14798,1476305204
E6:71:85:62:0D:A8,-66,-75,16094,1476305204
E6:71:85:62:00:80,-59,-66,14858,1476305264
E6:71:85:62:0D:A8,-67,-75,16154,1476305264
E6:71:85:62:00:80,-59,-66,14953,1476305359
E6:71:85:62:0D:A8,-68,-76,16249,1476305359
E6:71:85:62:00:80,-60,-66,15013,1476305419
E6:71:85:62:0D:A8,-67,-76,16309,1476305419
E6:71:85:62:00:80,-60,-68,15073,1476305479
E6:71:85:62:0D:A8,-68,-78,16369,1476305479
E6:71:85:62:00:80,-59,-66,15133,1476305539
E6:71:85:62:0D:A8,-67,-76,16429,1476305539
E6:71:85:62:00:80,-59,-66,15193,1476305599
E6:71:85:62:0D:A8,-68,-76,16489,1476305599
E6:71:85:62:00:80,-59,-66,15288,1476305695
E6:71:85:62:0D:A8,-67,-75,16584,1476305695
E6:71:85:62:00:80,-59,-66,15348,1476305755
E6:71:85:62:0D:A8,-67,-75,16644,1476305755
E6:71:85:62:00:80,-59,-66,15408,1476305815
E6:71:85:62:0D:A8,-68,-77,16704,1476305815
E6:71:85:62:00:80,-59,-66,15468,1476305875
E6:71:85:62:0D:A8,-67,-75,16764,1476305875
E6:71:85:62:00:80,-59,-66,15528,1476305935
E6:71:85:62:0D:A8,-67,-75,16824,1476305935
E6:71:85:62:00:80,-59,-66,15623,1476306030
E6:71:85:62:0D:A8,-67,-75,16919,1476306030
E6:71:85:62:00:80,-60,-67,15683,1476306090
E6:71:85:62:0D:A8,-68,-76,16979,1476306090
E6:71:85:62:00:80,-59,-67,15743,1476306150
E6:71:85:62:0D:A8,-66,-74,17039,1476306150
E6:71:85:62:00:80,-59,-66,15803,1476306210
E6:71:85:62:0D:A8,-67,-75,17099,1476306210
E6:71:85:62:00:80,-59,-66,15863,1476306270
E6:71:85:62:0D:A8,-67,-76,17159,1476306270
E6:71:85:62:00:80,-59,-66,15958,1476306365
E6:71:85:62:0D:A8,-68,-76,17254,1476306365
E6:71:85:62:00:80,-59,-66,16018,1476306425
E6:71:85:62:0D:A8,-67,-76,17314,1476306425
E6:71:85:62:00:80,-59,-67,16078,1476306485
E6:71:85:62:0D:A8,-68,-78,17374,1476306485
E6:71:85:62:00:80,-59,-66,16138,1476306545
E6:71:85:62:0D:A8,-67,-76,17434,1476306545
E6:71:85:62:00:80,-59,-67,16198,1476306605
E6:71:85:62:0D:A8,-67,-76,17494,1476306605
E6:71:85:62:00:80,-59,-66,16293,1476306700
E6:71:85:62:0D:A8,-67,-76,17589,1476306700
E6:71:85:62:00:80,-60,-67,16353,1476306760
E6:71:85:62:0D:A8,-67,-76,17649,1476306760
E6:71:85:62:00:80,-59,-67,16413,1476306820
E6:71:85:62:0D:A8,-66,-75,17709,1476306820
E6:71:85:62:00:80,-58,-66,16473,1476306880
E6:71:85:62:0D:A8,-67,-76,17769,1476306880
E6:71:85:62:00:80,-59,-66,16533,1476306940
E6:71:85:62:0D:A8,-67,-75,17829,1476306940
E6:71:85:62:00:80,-59,-66,16629,1476307035
E6:71:85:62:0D:A8,-67,-75,17925,1476307035
E6:71:85:62:00:80,-59,-66,16689,1476307095
E6:71:85:62:0D:A8,-67,-75,17985,1476307095
E6:71:85:62:00:80,-59,-66,16749,1476307155
E6:71:85:62:0D:A8,-68,-76,18045,1476307155
E6:71:85:62:00:80,-59,-66,16809,1476307215
E6:71:85:62:0D:A8,-67,-75,18105,1476307215
E6:71:85:62:00:80,-59,-66,16869,1476307275
E6:71:85:62:0D:A8,-68,-75,18165,1476307275
E6:71:85:62:00:80,-59,-66,16964,1476307370
E6:71:85:62:0D:A8,-68,-76,18260,1476307370
E6:71:85:62:00:80,-59,-67,17024,1476307430
E6:71:85:62:0D:A8,-67,-76,18320,1476307430
E6:71:85:62:00:80,-59,-67,17084,1476307490
E6:71:85:62:0D:A8,-68,-77,18380,1476307490
E6:71:85:62:00:80,-59,-67,17144,1476307550
E6:71:85:62:0D:A8,-67,-75,18440,1476307550
E6:71:85:62:00:80,-59,-67,17204,1476307610
E6:71:85:62:0D:A8,-68,-76,18500,1476307610
E6:71:85:62:00:80,-59,-66,17298,1476307704
E6:71:85:62:0D:A8,-68,-76,18594,1476307704
E6:71:85:62:00:80,-59,-66,17358,1476307764
E6:71:85:62:0D:A8,-68,-75,18654,1476307764
E6:71:85:62:00:80,-59,-67,17418,1476307824
E6:71:85:62:0D:A8,-68,-78,18714,1476307824
E6:71:85:62:00:80,-59,-66,17478,1476307884
E6:71:85:62:0D:A8,-67,-76,18774,1476307884
E6:71:85:62:00:80,-58,-65,17538,1476307944
E6:71:85:62:0D:A8,-68,-76,18834,1476307944
E6:71:85:62:00:80,-59,-66,17633,1476308040
E6:71:85:62:0D:A8,-67,-75,18929,1476308040
E6:71:85:62:00:80,-59,-66,17693,1476308100
E6:71:85:62:0D:A8,-67,-75,18989,1476308100
E6:71:85:62:00:80,-59,-66,17753,1476308160
E6:71:85:62:0D:A8,-68,-77,19049,1476308160
E6:71:85:62:00:80,-59,-66,17813,1476308220
E6:71:85:62:0D:A8,-67,-76,19109,1476308220
E6:71:85:62:00:80,-59,-66,17873,1476308280
E6:71:85:62:0D:A8,-67,-75,19169,1476308280
E6:71:85:62:00:80,-59,-66,17969,1476308375
E6:71:85:62:0D:A8,-67,-75,19265,1476308375
E6:71:85:62:00:80,-59,-66,18029,1476308435
E6:71:85:62:0D:A8,-68,-76,19325,1476308435
E6:71:85:62:00:80,-59,-66,18089,1476308495
E6:71:85:62:0D:A8,-66,-74,19385,1476308495
E6:71:85:62:00:80,-59,-66,18149,1476308555
E6:71:85:62:0D:A8,-67,-75,19445,1476308555
E6:71:85:62:00:80,-59,-66,18209,1476308615
E6:71:85:62:0D:A8,-67,-75,19505,1476308615
E6:71:85:62:00:80,-58,-66,18304,1476308710
E6:71:85:62:0D:A8,-67,-75,19600,1476308710
E6:71:85:62:00:80,-59,-66,18364,1476308770
E6:71:85:62:0D:A8,-67,-75,19660,1476308770
E6:71:85:62:00:80,-59,-66,18424,1476308830
E6:71:85:62:0D:A8,-68,-77,19720,1476308830
E6:71:85:62:00:80,-59,-66,18484,1476308890
E6:71:85:62:0D:A8,-68,-75,19780,1476308890
E6:71:85:62:00:80,-59,-67,18544,1476308950
E6:71:85:62:0D:A8,-67,-76,19840,1476308950
E6:71:85:62:00:80,-59,-66,18639,1476309045
E6:71:85:62:0D:A8,-68,-75,19935,1476309045
E6:71:85:62:00:80,-59,-66,18699,1476309105
E6:71:85:62:0D:A8,-68,-75,19995,1476309105
E6:71:85:62:00:80,-59,-67,18759,1476309165
E6:71:85:62:0D:A8,-69,-78,20055,1476309165
E6:71:85:62:00:80,-59,-67,18819,1476309225
E6:71:85:62:0D:A8,-68,-76,20115,1476309225
E6:71:85:62:00:80,-59,-66,18879,1476309285
E6:71:85:62:0D:A8,-68,-76,20175,1476309285
E6:71:85:62:00:80,-59,-66,18975,1476309381
E6:71:85:62:0D:A8,-67,-75,20271,1476309381
E6:71:85:62:00:80,-59,-66,19035,1476309441
E6:71:85:62:0D:A8,-67,-75,20331,1476309441
E6:71:85:62:00:80,-59,-66,19095,1476309501
E6:71:85:62:0D:A8,-66,-75,20391,1476309501
E6:71:85:62:00:80,-59,-66,19155,1476309561
E6:71:85:62:0D:A8,-67,-75,20451,1476309561
E6:71:85:62:00:80,-59,-66,19215,1476309621
E6:71:85:62:0D:A8,-67,-75,20511,1476309621
E6:71:85:62:00:80,-60,-66,19311,1476309717
E6:71:85:62:0D:A8,-68,-75,20607,1476309717
E6:71:85:62:00:80,-59,-66,19371,1476309777
E6:71:85:62:0D:A8,-67,-75,20667,1476309777
E6:71:85:62:00:80,-59,-67,19431,1476309837
E6:71:85:62:0D:A8,-68,-77,20727,1476309837
E6:71:85:62:00:80,-59,-66,19491,1476309897
E6:71:85:62:0D:A8,-68,-75,20787,1476309897
E6:71:85:62:00:80,-59,-66,19551,1476309957
E6:71:85:62:0D:A8,-68,-75,20847,1476309957
E6:71:85:62:00:80,-59,-66,19646,1476310053
E6:71:85:62:0D:A8,-67,-75,20942,1476310053
E6:71:85:62:00:80,-59,-66,19706,1476310113
E6:71:85:62:0D:A8,-67,-75,21002,1476310113
E6:71:85:62:00:80,-59,-66,19766,1476310173
E6:71:85:62:0D:A8,-68,-78,21062,1476310173
E6:71:85:62:00:80,-59,-66,19826,1476310233
E6:71:85:62:0D:A8,-67,-76,21122,1476310233
E6:71:85:62:00:80,-59,-66,19886,1476310293
E6:71:85:62:0D:A8,-67,-76,21182,1476310293
E6:71:85:62:00:80,-59,-67,19975,1476310381
E6:71:85:62:0D:A8,-67,-75,21271,1476310381
E6:71:85:62:00:80,-59,-67,20035,1476310441
E6:71:85:62:0D:A8,-67,-76,21331,1476310441
E6:71:85:62:00:80,-59,-67,20095,1476310501
E6:71:85:62:0D:A8,-66,-74,21391,1476310501
E6:71:85:62:00:80,-59,-67,20155,1476310561
E6:71:85:62:0D:A8,-68,-75,21451,1476310561
E6:71:85:62:00:80,-59,-66,20215,1476310621
E6:71:85:62:0D:A8,-67,-76,21511,1476310621
E6:71:85:62:00:80,-59,-66,20309,1476310715
E6:71:85:62:0D:A8,-67,-75,21605,1476310715
E6:71:85:62:00:80,-59,-66,20369,1476310775
E6:71:85:62:0D:A8,-67,-75,21665,1476310775
E6:71:85:62:00:80,-59,-67,20429,1476310835
E6:71:85:62:0D:A8,-69,-77,21725,1476310835
E6:71:85:62:00:80,-59,-66,20489,1476310895
E6:71:85:62:0D:A8,-67,-75,21785,1476310895
E6:71:85:62:00:80,-59,-66,20549,1476310955
E6:71:85:62:0D:A8,-67,-75,21845,1476310955
E6:71:85:62:00:80,-59,-66,20644,1476311050
E6:71:85:62:0D:A8,-68,-76,21940,1476311050
E6:71:85:62:00:80,-60,-67,20704,1476311110
E6:71:85:62:0D:A8,-68,-76,22000,1476311110
E6:71:85:62:00:80,-59,-67,20764,1476311170
E6:71:85:62:0D:A8,-66,-74,22060,1476311170
E6:71:85:62:00:80,-59,-66,20824,1476311230
E6:71:85:62:0D:A8,-67,-76,22120,1476311230
E6:71:85:62:00:80,-59,-66,20884,1476311290
E6:71:85:62:0D:A8,-67,-75,22180,1476311290
E6:71:85:62:00:80,-59,-66,20979,1476311385
E6:71:85:62:0D:A8,-67,-75,22275,1476311385
E6:71:85:62:00:80,-59,-66,21039,1476311445
E6:71:85:62:0D:A8,-67,-75,22335,1476311445
E6:71:85:62:00:80,-59,-67,21099,1476311505
E6:71:85:62:0D:A8,-67,-75,22395,1476311505
E6:71:85:62:00:80,-59,-66,21159,1476311565
E6:71:85:62:0D:A8,-67,-75,22455,1476311565
E6:71:85:62:00:80,-59,-66,21219,1476311625
E6:71:85:62:0D:A8,-68,-75,22515,1476311625
E6:71:85:62:00:80,-59,-66,21282,1476311688
E6:71:85:62:0D:A8,-68,-76,22578,1476311688
E6:71:85:62:00:80,-60,-67,21342,1476311748
E6:71:85:62:0D:A8,-67,-75,22638,1476311748
E6:71:85:62:00:80,-59,-67,21402,1476311808
E6:71:85:62:0D:A8,-67,-75,22698,1476311808
E6:71:85:62:00:80,-60,-67,21462,1476311868
E6:71:85:62:0D:A8,-68,-75,22758,1476311868
E6:71:85:62:00:80,-60,-67,21522,1476311928
E6:71:85:62:0D:A8,-67,-75,22818,1476311928
E6:71:85:62:00:80,-59,-66,21585,1476311991
E6:71:85:62:0D:A8,-68,-76,22881,1476311991
E6:71:85:62:00:80,-59,-67,21645,1476312051
E6:71:85:62:0D:A8,-67,-76,22941,1476312051
E6:71:85:62:00:80,-59,-66,21705,1476312111
E6:71:85:62:0D:A8,-68,-76,23001,1476312111
E6:71:85:62:00:80,-59,-67,21765,1476312171
E6:71:85:62:0D:A8,-68,-76,23061,1476312171
E6:71:85:62:00:80,-59,-66,21825,1476312231
E6:71:85:62:0D:A8,-67,-76,23121,1476312231
