Client_MAC,Rssi0,Rssi1,Connection_Time,EpocTIME
30:75:12:BF:95:3C,-40,-41,25,1476413703
30:75:12:BF:95:3C,-42,-48,85,1476413763
30:75:12:BF:95:3C,-86,-86,148,1476413826
30:75:12:BF:95:3C,-86,-86,208,1476413886
30:75:12:BF:95:3C,-79,-84,50,1476413946
E6:71:85:62:0D:A8,-67,-71,36,1476413946
30:75:12:BF:95:3C,-79,-84,110,1476414006
E6:71:85:62:0D:A8,-65,-67,25,1476414006
30:75:12:BF:95:3C,-87,-87,49,1476414066
E6:71:85:62:0D:A8,-65,-68,85,1476414066
30:75:12:BF:95:3C,-74,-81,14,1476414151
E6:71:85:62:0D:A8,-66,-68,171,1476414151
E6:71:85:62:00:80,-59,-63,18,1476414151
30:75:12:BF:95:3C,-84,-85,74,1476414211
E6:71:85:62:0D:A8,-65,-69,231,1476414211
E6:71:85:62:00:80,-59,-63,78,1476414211
30:75:12:BF:95:3C,-87,-88,53,1476414271
E6:71:85:62:0D:A8,-64,-66,291,1476414271
E6:71:85:62:00:80,-60,-63,138,1476414271
30:75:12:BF:95:3C,-87,-88,113,1476414331
E6:71:85:62:0D:A8,-65,-66,351,1476414331
30:75:12:BF:95:3C,-73,-81,47,1476414391
E6:71:85:62:0D:A8,-66,-68,411,1476414391
E6:71:85:62:00:80,-59,-63,10,1476414391
30:75:12:BF:95:3C,-85,-87,110,1476414455
E6:71:85:62:0D:A8,-65,-68,474,1476414455
E6:71:85:62:00:80,-60,-63,8,1476414455
30:75:12:BF:95:3C,-62,-56,23,1476414515
E6:71:85:62:0D:A8,-69,-69,534,1476414515
E6:71:85:62:00:80,-61,-62,68,1476414515
30:75:12:BF:95:3C,-47,-54,83,1476414575
E6:71:85:62:0D:A8,-66,-67,594,1476414575
E6:71:85:62:00:80,-59,-63,128,1476414575
30:75:12:BF:95:3C,-48,-55,143,1476414635
E6:71:85:62:0D:A8,-65,-68,654,1476414635
E6:71:85:62:00:80,-60,-64,188,1476414635
30:75:12:BF:95:3C,-47,-53,203,1476414695
E6:71:85:62:0D:A8,-63,-66,714,1476414695
E6:71:85:62:00:80,-60,-64,248,1476414695
30:75:12:BF:95:3C,-46,-53,266,1476414758
E6:71:85:62:0D:A8,-64,-67,777,1476414758
E6:71:85:62:00:80,-60,-64,311,1476414758
30:75:12:BF:95:3C,-47,-54,326,1476414818
E6:71:85:62:0D:A8,-65,-68,837,1476414818
E6:71:85:62:00:80,-60,-64,371,1476414818
30:75:12:BF:95:3C,-47,-54,386,1476414878
E6:71:85:62:0D:A8,-65,-68,897,1476414878
E6:71:85:62:00:80,-60,-64,431,1476414878
30:75:12:BF:95:3C,-47,-55,446,1476414938
E6:71:85:62:0D:A8,-63,-66,957,1476414938
E6:71:85:62:00:80,-60,-64,491,1476414938
30:75:12:BF:95:3C,-48,-54,506,1476414998
E6:71:85:62:0D:A8,-63,-66,1017,1476414998
E6:71:85:62:00:80,-59,-62,551,1476414998
30:75:12:BF:95:3C,-47,-53,569,1476415061
E6:71:85:62:0D:A8,-66,-68,1080,1476415061
E6:71:85:62:00:80,-58,-62,614,1476415061
30:75:12:BF:95:3C,-48,-54,629,1476415121
E6:71:85:62:0D:A8,-63,-66,1140,1476415121
E6:71:85:62:00:80,-59,-62,674,1476415121
E6:71:85:62:0D:A8,-62,-67,1200,1476415181
E6:71:85:62:00:80,-63,-66,734,1476415181
E6:71:85:62:0D:A8,-66,-71,1260,1476415241
E6:71:85:62:00:80,-65,-68,794,1476415241
E6:71:85:62:0D:A8,-66,-70,1320,1476415301
E6:71:85:62:00:80,-64,-67,854,1476415301
E6:71:85:62:0D:A8,-67,-72,1380,1476415361
E6:71:85:62:00:80,-63,-67,914,1476415361
E6:71:85:62:0D:A8,-62,-67,1440,1476415421
E6:71:85:62:00:80,-65,-66,974,1476415421
E6:71:85:62:0D:A8,-63,-67,1500,1476415481
E6:71:85:62:00:80,-61,-64,1034,1476415481
E6:71:85:62:0D:A8,-64,-68,1560,1476415541
E6:71:85:62:00:80,-61,-64,1094,1476415541
E6:71:85:62:0D:A8,-63,-66,1623,1476415604
E6:71:85:62:00:80,-61,-64,1157,1476415604
E6:71:85:62:0D:A8,-65,-70,1683,1476415664
E6:71:85:62:00:80,-63,-67,1217,1476415664
E6:71:85:62:0D:A8,-64,-69,1743,1476415724
E6:71:85:62:00:80,-60,-64,1277,1476415724
E6:71:85:62:0D:A8,-63,-67,1803,1476415784
E6:71:85:62:00:80,-63,-65,1337,1476415784
E6:71:85:62:0D:A8,-65,-67,1863,1476415844
E6:71:85:62:00:80,-61,-65,1397,1476415844
E6:71:85:62:0D:A8,-64,-68,1926,1476415907
E6:71:85:62:00:80,-61,-66,1460,1476415907
E6:71:85:62:0D:A8,-64,-68,1986,1476415967
E6:71:85:62:00:80,-63,-66,1520,1476415967
E6:71:85:62:0D:A8,-67,-69,2046,1476416027
E6:71:85:62:00:80,-64,-67,1580,1476416027
E6:71:85:62:0D:A8,-67,-70,2106,1476416087
E6:71:85:62:00:80,-62,-66,1640,1476416087
E6:71:85:62:0D:A8,-65,-68,2166,1476416147
E6:71:85:62:00:80,-62,-66,1700,1476416147
E6:71:85:62:0D:A8,-64,-68,2229,1476416210
E6:71:85:62:00:80,-62,-66,1763,1476416210
E6:71:85:62:0D:A8,-66,-69,2289,1476416270
E6:71:85:62:00:80,-62,-65,1823,1476416270
E6:71:85:62:0D:A8,-65,-68,2349,1476416330
E6:71:85:62:00:80,-62,-65,1883,1476416330
E6:71:85:62:0D:A8,-66,-68,2409,1476416390
E6:71:85:62:00:80,-62,-65,1943,1476416390
E6:71:85:62:0D:A8,-66,-68,2469,1476416450
E6:71:85:62:00:80,-62,-65,2003,1476416450
E6:71:85:62:0D:A8,-66,-69,2533,1476416513
E6:71:85:62:00:80,-61,-65,2067,1476416513
E6:71:85:62:0D:A8,-66,-68,2593,1476416573
E6:71:85:62:00:80,-61,-65,2127,1476416573
E6:71:85:62:0D:A8,-65,-67,2653,1476416633
E6:71:85:62:00:80,-62,-65,2187,1476416633
E6:71:85:62:0D:A8,-65,-68,2713,1476416693
E6:71:85:62:00:80,-61,-66,2247,1476416693
E6:71:85:62:0D:A8,-65,-68,2773,1476416753
E6:71:85:62:00:80,-62,-66,2307,1476416753
E6:71:85:62:0D:A8,-65,-68,2858,1476416838
E6:71:85:62:00:80,-62,-66,2392,1476416838
E6:71:85:62:0D:A8,-65,-68,2918,1476416898
E6:71:85:62:00:80,-62,-65,2452,1476416898
E6:71:85:62:0D:A8,-65,-68,2978,1476416958
E6:71:85:62:00:80,-62,-66,2512,1476416958
E6:71:85:62:0D:A8,-65,-68,3038,1476417018
E6:71:85:62:00:80,-61,-65,2572,1476417018
E6:71:85:62:0D:A8,-66,-68,3104,1476417085
E6:71:85:62:00:80,-62,-66,2638,1476417085
E6:71:85:62:0D:A8,-66,-68,3164,1476417145
E6:71:85:62:00:80,-62,-66,2698,1476417145
E6:71:85:62:0D:A8,-66,-68,3224,1476417205
E6:71:85:62:00:80,-62,-66,2758,1476417205
E6:71:85:62:0D:A8,-66,-68,3284,1476417265
E6:71:85:62:00:80,-62,-66,2818,1476417265
E6:71:85:62:0D:A8,-66,-68,3344,1476417325
E6:71:85:62:00:80,-62,-66,2878,1476417325
E6:71:85:62:0D:A8,-66,-68,3407,1476417388
E6:71:85:62:00:80,-62,-66,2941,1476417388
E6:71:85:62:0D:A8,-65,-68,3467,1476417448
E6:71:85:62:00:80,-61,-65,3001,1476417448
E6:71:85:62:0D:A8,-67,-69,3527,1476417508
E6:71:85:62:00:80,-61,-66,3061,1476417508
E6:71:85:62:0D:A8,-67,-70,3587,1476417568
E6:71:85:62:00:80,-61,-65,3121,1476417568
E6:71:85:62:0D:A8,-66,-69,3647,1476417628
E6:71:85:62:00:80,-61,-65,3181,1476417628
E6:71:85:62:0D:A8,-65,-68,3710,1476417691
E6:71:85:62:00:80,-61,-65,3244,1476417691
E6:71:85:62:0D:A8,-66,-69,3770,1476417751
E6:71:85:62:00:80,-61,-65,3304,1476417751
E6:71:85:62:0D:A8,-66,-69,3830,1476417811
E6:71:85:62:00:80,-61,-65,3364,1476417811
E6:71:85:62:0D:A8,-66,-68,3890,1476417871
E6:71:85:62:00:80,-61,-65,3424,1476417871
E6:71:85:62:0D:A8,-66,-68,3950,1476417931
E6:71:85:62:00:80,-61,-65,3484,1476417931
E6:71:85:62:0D:A8,-66,-69,4014,1476417994
E6:71:85:62:00:80,-61,-65,3548,1476417994
E6:71:85:62:0D:A8,-66,-68,4074,1476418054
E6:71:85:62:00:80,-61,-65,3608,1476418054
E6:71:85:62:0D:A8,-66,-69,4134,1476418114
E6:71:85:62:00:80,-61,-66,3668,1476418114
E6:71:85:62:0D:A8,-67,-70,4194,1476418174
E6:71:85:62:00:80,-61,-65,3728,1476418174
E6:71:85:62:0D:A8,-67,-70,4254,1476418234
E6:71:85:62:00:80,-61,-65,3788,1476418234
E6:71:85:62:0D:A8,-67,-69,4340,1476418320
E6:71:85:62:00:80,-61,-65,3874,1476418320
E6:71:85:62:0D:A8,-67,-69,4400,1476418380
E6:71:85:62:00:80,-61,-65,3934,1476418380
E6:71:85:62:0D:A8,-67,-69,4460,1476418440
E6:71:85:62:00:80,-61,-65,3994,1476418440
E6:71:85:62:0D:A8,-68,-70,4520,1476418500
E6:71:85:62:00:80,-61,-65,4054,1476418500
E6:71:85:62:0D:A8,-68,-70,4580,1476418560
E6:71:85:62:00:80,-61,-65,4114,1476418560
E6:71:85:62:0D:A8,-68,-70,4643,1476418623
E6:71:85:62:00:80,-61,-65,4177,1476418623
E6:71:85:62:0D:A8,-67,-70,4703,1476418683
E6:71:85:62:00:80,-61,-65,4237,1476418683
E6:71:85:62:0D:A8,-67,-70,4763,1476418743
E6:71:85:62:00:80,-61,-65,4297,1476418743
E6:71:85:62:0D:A8,-67,-70,4823,1476418803
E6:71:85:62:00:80,-61,-65,4357,1476418803
E6:71:85:62:0D:A8,-67,-70,4889,1476418869
E6:71:85:62:00:80,-62,-66,4423,1476418869
E6:71:85:62:0D:A8,-67,-70,4949,1476418929
E6:71:85:62:00:80,-62,-65,4483,1476418929
E6:71:85:62:0D:A8,-67,-70,5009,1476418989
E6:71:85:62:00:80,-62,-66,4543,1476418989
E6:71:85:62:0D:A8,-67,-70,5069,1476419049
E6:71:85:62:00:80,-62,-66,4603,1476419049
E6:71:85:62:0D:A8,-66,-69,5129,1476419109
E6:71:85:62:00:80,-62,-66,4663,1476419109
E6:71:85:62:0D:A8,-67,-70,5192,1476419172
E6:71:85:62:00:80,-61,-65,4726,1476419172
E6:71:85:62:0D:A8,-67,-70,5252,1476419232
E6:71:85:62:00:80,-61,-65,4786,1476419232
E6:71:85:62:0D:A8,-66,-69,5312,1476419292
E6:71:85:62:00:80,-61,-65,4846,1476419292
E6:71:85:62:0D:A8,-65,-67,5372,1476419352
E6:71:85:62:00:80,-61,-65,4906,1476419352
E6:71:85:62:0D:A8,-66,-68,5432,1476419412
E6:71:85:62:00:80,-61,-65,4966,1476419412
E6:71:85:62:0D:A8,-65,-68,5518,1476419499
E6:71:85:62:00:80,-62,-66,5052,1476419499
E6:71:85:62:0D:A8,-66,-68,5578,1476419559
E6:71:85:62:00:80,-62,-66,5112,1476419559
60:03:08:69:46:C4,-80,-77,54,1476419619
E6:71:85:62:0D:A8,-65,-68,5638,1476419619
E6:71:85:62:00:80,-62,-66,5172,1476419619
60:03:08:69:46:C4,-83,-76,114,1476419679
E6:71:85:62:0D:A8,-65,-68,5698,1476419679
E6:71:85:62:00:80,-62,-66,5232,1476419679
60:03:08:69:46:C4,-84,-83,174,1476419739
E6:71:85:62:0D:A8,-66,-68,5758,1476419739
E6:71:85:62:00:80,-62,-66,5292,1476419739
60:03:08:69:46:C4,-85,-83,238,1476419802
E6:71:85:62:0D:A8,-65,-67,5822,1476419802
E6:71:85:62:00:80,-61,-65,5356,1476419802
60:03:08:69:46:C4,-83,-81,298,1476419862
E6:71:85:62:0D:A8,-66,-68,5882,1476419862
E6:71:85:62:00:80,-62,-66,5416,1476419862
60:03:08:69:46:C4,-83,-81,358,1476419922
E6:71:85:62:0D:A8,-66,-68,5942,1476419922
E6:71:85:62:00:80,-62,-66,5476,1476419922
60:03:08:69:46:C4,-80,-79,418,1476419982
E6:71:85:62:0D:A8,-66,-68,6002,1476419982
E6:71:85:62:00:80,-62,-66,5536,1476419982
60:03:08:69:46:C4,-80,-79,478,1476420042
E6:71:85:62:0D:A8,-66,-69,6062,1476420042
E6:71:85:62:00:80,-62,-66,5596,1476420042
60:03:08:69:46:C4,-80,-81,541,1476420105
E6:71:85:62:0D:A8,-65,-68,6125,1476420105
E6:71:85:62:00:80,-62,-66,5659,1476420105
60:03:08:69:46:C4,-80,-81,601,1476420165
E6:71:85:62:0D:A8,-65,-68,6185,1476420165
E6:71:85:62:00:80,-61,-66,5719,1476420165
60:03:08:69:46:C4,-77,-82,661,1476420225
E6:71:85:62:0D:A8,-65,-68,6245,1476420225
E6:71:85:62:00:80,-62,-66,5779,1476420225
60:03:08:69:46:C4,-79,-77,721,1476420285
E6:71:85:62:0D:A8,-65,-67,6305,1476420285
E6:71:85:62:00:80,-61,-65,5839,1476420285
60:03:08:69:46:C4,-77,-76,781,1476420345
E6:71:85:62:0D:A8,-66,-68,6365,1476420345
E6:71:85:62:00:80,-62,-66,5899,1476420345
