Client_MAC,Rssi0,Rssi1,Connection_Time,EpocTime
E6:71:85:62:0D:A8,-67,-74,16916,1476485823
E6:71:85:62:0D:A8,-67,-73,16976,1476485883
E6:71:85:62:0D:A8,-66,-74,17036,1476485943
E6:71:85:62:0D:A8,-66,-73,17096,1476486003
E6:71:85:62:0D:A8,-67,-74,17156,1476486063
E6:71:85:62:0D:A8,-66,-73,17219,1476486126
E6:71:85:62:0D:A8,-66,-73,17279,1476486186
E6:71:85:62:0D:A8,-67,-75,17339,1476486246
E6:71:85:62:0D:A8,-67,-74,17399,1476486306
E6:71:85:62:0D:A8,-67,-74,17459,1476486366
E6:71:85:62:0D:A8,-66,-73,17522,1476486429
E6:71:85:62:0D:A8,-66,-73,17582,1476486489
E6:71:85:62:0D:A8,-66,-73,17642,1476486549
E6:71:85:62:0D:A8,-66,-73,17702,1476486609
E6:71:85:62:0D:A8,-66,-73,17762,1476486669
E6:71:85:62:0D:A8,-66,-73,17822,1476486729
E6:71:85:62:0D:A8,-66,-73,17882,1476486789
E6:71:85:62:0D:A8,-66,-73,17942,1476486849
E6:71:85:62:0D:A8,-66,-73,18002,1476486909
E6:71:85:62:0D:A8,-66,-73,18065,1476486972
E6:71:85:62:0D:A8,-66,-73,18125,1476487032
E6:71:85:62:0D:A8,-66,-73,18185,1476487092
E6:71:85:62:0D:A8,-67,-74,18245,1476487152
E6:71:85:62:0D:A8,-67,-74,18305,1476487212
E6:71:85:62:0D:A8,-68,-75,18368,1476487275
E6:71:85:62:0D:A8,-67,-74,18428,1476487335
E6:71:85:62:0D:A8,-67,-74,18488,1476487395
E6:71:85:62:0D:A8,-66,-73,18548,1476487455
E6:71:85:62:0D:A8,-66,-73,18608,1476487515
E6:71:85:62:0D:A8,-66,-73,18671,1476487578
E6:71:85:62:0D:A8,-67,-74,18731,1476487638
E6:71:85:62:0D:A8,-67,-74,18791,1476487698
E6:71:85:62:0D:A8,-67,-74,18851,1476487758
E6:71:85:62:0D:A8,-66,-73,18911,1476487818
E6:71:85:62:0D:A8,-66,-73,18974,1476487881
E6:71:85:62:0D:A8,-67,-74,19034,1476487941
E6:71:85:62:0D:A8,-66,-74,19094,1476488001
E6:71:85:62:0D:A8,-67,-74,19154,1476488061
E6:71:85:62:0D:A8,-66,-73,19215,1476488121
E6:71:85:62:0D:A8,-66,-73,19300,1476488207
E6:71:85:62:0D:A8,-66,-73,19360,1476488267
E6:71:85:62:0D:A8,-67,-74,19420,1476488327
E6:71:85:62:0D:A8,-66,-74,19480,1476488387
E6:71:85:62:0D:A8,-66,-73,19540,1476488447
E6:71:85:62:0D:A8,-66,-73,19600,1476488507
E6:71:85:62:0D:A8,-66,-73,19660,1476488567
E6:71:85:62:0D:A8,-66,-74,19720,1476488627
E6:71:85:62:0D:A8,-66,-74,19780,1476488687
E6:71:85:62:0D:A8,-66,-73,19867,1476488774
E6:71:85:62:0D:A8,-66,-73,19927,1476488834
E6:71:85:62:0D:A8,-66,-73,19987,1476488894
E6:71:85:62:0D:A8,-66,-73,20047,1476488954
E6:71:85:62:0D:A8,-66,-73,20107,1476489014
E6:71:85:62:0D:A8,-66,-73,20170,1476489077
E6:71:85:62:0D:A8,-66,-73,20230,1476489137
E6:71:85:62:0D:A8,-66,-73,20290,1476489197
E6:71:85:62:0D:A8,-66,-73,20350,1476489257
E6:71:85:62:0D:A8,-67,-75,20410,1476489317
E6:71:85:62:0D:A8,-66,-73,20473,1476489380
E6:71:85:62:0D:A8,-67,-74,20533,1476489440
E6:71:85:62:0D:A8,-66,-73,20593,1476489500
E6:71:85:62:0D:A8,-67,-74,20653,1476489560
E6:71:85:62:0D:A8,-67,-74,20713,1476489620
E6:71:85:62:0D:A8,-66,-74,20776,1476489683
E6:71:85:62:0D:A8,-66,-73,20836,1476489743
E6:71:85:62:0D:A8,-65,-72,20896,1476489803
E6:71:85:62:0D:A8,-67,-74,20956,1476489863
E6:71:85:62:0D:A8,-67,-74,21016,1476489923
E6:71:85:62:0D:A8,-66,-74,21079,1476489986
E6:71:85:62:0D:A8,-66,-73,21139,1476490046
E6:71:85:62:0D:A8,-66,-74,21199,1476490106
E6:71:85:62:0D:A8,-66,-74,21259,1476490166
E6:71:85:62:0D:A8,-67,-74,21319,1476490226
E6:71:85:62:0D:A8,-67,-74,21379,1476490286
E6:71:85:62:0D:A8,-66,-74,21439,1476490346
E6:71:85:62:0D:A8,-66,-74,21499,1476490406
E6:71:85:62:0D:A8,-67,-74,21559,1476490466
E6:71:85:62:0D:A8,-67,-74,21645,1476490551
E6:71:85:62:0D:A8,-67,-74,21705,1476490611
E6:71:85:62:0D:A8,-67,-74,21765,1476490672
E6:71:85:62:0D:A8,-66,-73,21825,1476490732
E6:71:85:62:0D:A8,-66,-73,21885,1476490792
E6:71:85:62:0D:A8,-66,-73,21948,1476490855
E6:71:85:62:0D:A8,-66,-74,22008,1476490915
E6:71:85:62:0D:A8,-66,-73,22068,1476490975
E6:71:85:62:0D:A8,-66,-73,22128,1476491035
E6:71:85:62:0D:A8,-67,-74,22188,1476491095
E6:71:85:62:0D:A8,-67,-74,22251,1476491158
E6:71:85:62:0D:A8,-67,-74,22311,1476491218
E6:71:85:62:0D:A8,-66,-74,22371,1476491278
E6:71:85:62:0D:A8,-66,-74,22431,1476491338
E6:71:85:62:0D:A8,-67,-74,22491,1476491398
E6:71:85:62:0D:A8,-67,-74,22554,1476491461
E6:71:85:62:0D:A8,-67,-75,22614,1476491521
E6:71:85:62:0D:A8,-66,-74,22674,1476491581
E6:71:85:62:0D:A8,-67,-74,22734,1476491641
E6:71:85:62:0D:A8,-67,-74,22794,1476491701
E6:71:85:62:0D:A8,-67,-74,22857,1476491764
E6:71:85:62:0D:A8,-66,-73,22917,1476491824
E6:71:85:62:0D:A8,-66,-73,22977,1476491884
E6:71:85:62:0D:A8,-67,-74,23037,1476491944
E6:71:85:62:0D:A8,-67,-74,23097,1476492004
E6:71:85:62:0D:A8,-67,-74,23157,1476492064
E6:71:85:62:0D:A8,-67,-74,23217,1476492124
E6:71:85:62:0D:A8,-67,-74,23277,1476492184
E6:71:85:62:0D:A8,-67,-74,23337,1476492244
E6:71:85:62:0D:A8,-66,-73,23400,1476492307
E6:71:85:62:0D:A8,-66,-73,23460,1476492367
E6:71:85:62:0D:A8,-66,-73,23520,1476492427
E6:71:85:62:0D:A8,-67,-74,23580,1476492487
E6:71:85:62:0D:A8,-67,-74,23640,1476492547
E6:71:85:62:0D:A8,-67,-74,23703,1476492610
E6:71:85:62:0D:A8,-67,-74,23763,1476492670
E6:71:85:62:0D:A8,-67,-74,23823,1476492730
E6:71:85:62:0D:A8,-66,-73,23883,1476492790
E6:71:85:62:0D:A8,-67,-74,23943,1476492850
E6:71:85:62:0D:A8,-67,-74,24006,1476492913
E6:71:85:62:0D:A8,-67,-74,24066,1476492973
E6:71:85:62:0D:A8,-67,-74,24126,1476493033
E6:71:85:62:0D:A8,-67,-74,24186,1476493093
E6:71:85:62:0D:A8,-67,-74,24246,1476493153
E6:71:85:62:0D:A8,-67,-74,24309,1476493216
E6:71:85:62:0D:A8,-67,-74,24369,1476493276
E6:71:85:62:0D:A8,-66,-73,24429,1476493336
E6:71:85:62:0D:A8,-66,-73,24489,1476493396
E6:71:85:62:0D:A8,-66,-73,24549,1476493456
E6:71:85:62:0D:A8,-66,-73,24635,1476493541
30:75:12:BF:95:3C,-83,-79,44,1476493541
E6:71:85:62:0D:A8,-67,-74,24695,1476493601
30:75:12:BF:95:3C,-78,-82,104,1476493601
E6:71:85:62:0D:A8,-67,-73,24755,1476493661
30:75:12:BF:95:3C,-85,-82,164,1476493661
E6:71:85:62:0D:A8,-66,-74,24815,1476493721
30:75:12:BF:95:3C,-82,-81,224,1476493721
E6:71:85:62:0D:A8,-66,-73,24875,1476493781
30:75:12:BF:95:3C,-83,-82,284,1476493781
E6:71:85:62:0D:A8,-67,-74,24935,1476493841
30:75:12:BF:95:3C,-83,-82,344,1476493841
E6:71:85:62:0D:A8,-66,-73,24995,1476493901
30:75:12:BF:95:3C,-83,-82,404,1476493901
E6:71:85:62:0D:A8,-67,-74,25055,1476493961
30:75:12:BF:95:3C,-83,-82,464,1476493961
E6:71:85:62:0D:A8,-67,-74,25115,1476494021
30:75:12:BF:95:3C,-83,-82,524,1476494021
E6:71:85:62:0D:A8,-66,-73,25178,1476494084
E6:71:85:62:0D:A8,-69,-75,25238,1476494144
E6:71:85:62:0D:A8,-72,-78,25298,1476494204
E6:71:85:62:0D:A8,-74,-79,25358,1476494264
E6:71:85:62:0D:A8,-73,-79,25418,1476494324
E6:71:85:62:0D:A8,-78,-79,25481,1476494388
E6:71:85:62:0D:A8,-80,-81,25541,1476494448
E6:71:85:62:0D:A8,-70,-77,25601,1476494508
E6:71:85:62:0D:A8,-84,-80,25661,1476494568
E6:71:85:62:0D:A8,-75,-84,25721,1476494628
E6:71:85:62:0D:A8,-76,-82,25784,1476494691
E6:71:85:62:0D:A8,-75,-81,25844,1476494751
E6:71:85:62:0D:A8,-79,-78,25904,1476494811
E6:71:85:62:0D:A8,-76,-79,25964,1476494871
E6:71:85:62:0D:A8,-74,-79,26024,1476494931
E6:71:85:62:0D:A8,-78,-82,26087,1476494994
E6:71:85:62:0D:A8,-75,-81,26147,1476495054
E6:71:85:62:0D:A8,-77,-79,26207,1476495114
E6:71:85:62:0D:A8,-72,-78,26267,1476495174
E6:71:85:62:0D:A8,-72,-78,26327,1476495234
E6:71:85:62:0D:A8,-71,-78,26412,1476495319
E6:71:85:62:0D:A8,-71,-81,26472,1476495379
E6:71:85:62:0D:A8,-75,-83,26532,1476495439
E6:71:85:62:0D:A8,-73,-80,26592,1476495499
E6:71:85:62:0D:A8,-75,-82,26652,1476495559
E6:71:85:62:0D:A8,-75,-79,26712,1476495619
E6:71:85:62:0D:A8,-72,-80,26772,1476495679
E6:71:85:62:0D:A8,-71,-78,26832,1476495739
E6:71:85:62:0D:A8,-71,-78,26892,1476495799
E6:71:85:62:0D:A8,-73,-77,26955,1476495862
E6:71:85:62:0D:A8,-71,-77,27015,1476495922
E6:71:85:62:0D:A8,-72,-78,27075,1476495982
E6:71:85:62:0D:A8,-72,-80,27135,1476496042
E6:71:85:62:0D:A8,-72,-80,27195,1476496102
E6:71:85:62:0D:A8,-70,-77,27259,1476496165
E6:71:85:62:0D:A8,-69,-78,27319,1476496225
E6:71:85:62:0D:A8,-73,-78,27379,1476496285
E6:71:85:62:0D:A8,-71,-77,27439,1476496345
E6:71:85:62:0D:A8,-72,-77,27499,1476496405
E6:71:85:62:0D:A8,-67,-75,27562,1476496468
E6:71:85:62:0D:A8,-69,-76,27622,1476496528
E6:71:85:62:0D:A8,-78,-79,27682,1476496588
E6:71:85:62:0D:A8,-69,-75,27742,1476496648
E6:71:85:62:0D:A8,-75,-76,27802,1476496708
E6:71:85:62:0D:A8,-69,-76,27865,1476496771
E6:71:85:62:0D:A8,-72,-76,27925,1476496831
E6:71:85:62:0D:A8,-72,-76,27985,1476496891
E6:71:85:62:0D:A8,-69,-74,28045,1476496951
E6:71:85:62:0D:A8,-72,-77,28105,1476497011
E6:71:85:62:0D:A8,-77,-80,28168,1476497075
E6:71:85:62:0D:A8,-72,-77,28228,1476497135
E6:71:85:62:0D:A8,-79,-80,28288,1476497195
E6:71:85:62:0D:A8,-81,-80,28348,1476497255
E6:71:85:62:0D:A8,-70,-76,28408,1476497315
E6:71:85:62:0D:A8,-77,-80,28468,1476497375
E6:71:85:62:0D:A8,-71,-78,28528,1476497435
E6:71:85:62:0D:A8,-76,-79,28588,1476497495
E6:71:85:62:0D:A8,-72,-77,28648,1476497555
E6:71:85:62:0D:A8,-74,-77,28711,1476497618
E6:71:85:62:0D:A8,-74,-81,28771,1476497678
E6:71:85:62:0D:A8,-75,-78,28831,1476497738
E6:71:85:62:0D:A8,-70,-76,28891,1476497798
E6:71:85:62:0D:A8,-71,-79,28951,1476497858
E6:71:85:62:0D:A8,-69,-75,29014,1476497921
E6:71:85:62:0D:A8,-69,-75,29074,1476497981
E6:71:85:62:0D:A8,-71,-76,29134,1476498041
E6:71:85:62:0D:A8,-71,-77,29194,1476498101
E6:71:85:62:0D:A8,-70,-77,29254,1476498161
E6:71:85:62:0D:A8,-72,-76,29339,1476498246
E6:71:85:62:0D:A8,-74,-76,29399,1476498306
E6:71:85:62:0D:A8,-70,-76,29459,1476498366
E6:71:85:62:0D:A8,-72,-76,29519,1476498426
E6:71:85:62:0D:A8,-72,-77,29579,1476498486
E6:71:85:62:0D:A8,-78,-79,29642,1476498549
E6:71:85:62:0D:A8,-71,-78,29702,1476498609
E6:71:85:62:0D:A8,-70,-78,29762,1476498669
E6:71:85:62:0D:A8,-69,-76,29822,1476498729
E6:71:85:62:0D:A8,-69,-76,29882,1476498789
E6:71:85:62:0D:A8,-69,-75,29945,1476498852
E6:71:85:62:0D:A8,-69,-75,30005,1476498912
E6:71:85:62:0D:A8,-75,-81,30065,1476498972
E6:71:85:62:0D:A8,-74,-76,30125,1476499032
E6:71:85:62:0D:A8,-73,-80,30185,1476499092
E6:71:85:62:0D:A8,-68,-74,30245,1476499152
E6:71:85:62:0D:A8,-67,-73,30305,1476499212
E6:71:85:62:0D:A8,-67,-73,30365,1476499272
E6:71:85:62:0D:A8,-68,-73,30425,1476499332
E6:71:85:62:0D:A8,-68,-74,30488,1476499395
E6:71:85:62:0D:A8,-70,-77,30548,1476499455
E6:71:85:62:0D:A8,-69,-74,30608,1476499515
E6:71:85:62:0D:A8,-66,-72,30668,1476499575
E6:71:85:62:0D:A8,-71,-77,30728,1476499635
