Client_MAC,Rssi0,Rssi1,Connection_Time,EpocTime
E6:71:85:62:0D:A8,-66,-68,18860,1476432840
E6:71:85:62:00:80,-61,-65,18394,1476432840
E6:71:85:62:0D:A8,-65,-67,18920,1476432900
E6:71:85:62:00:80,-61,-65,18454,1476432900
E6:71:85:62:0D:A8,-65,-67,18980,1476432960
E6:71:85:62:00:80,-61,-65,18514,1476432960
E6:71:85:62:0D:A8,-66,-69,19040,1476433020
E6:71:85:62:00:80,-61,-66,18574,1476433020
E6:71:85:62:0D:A8,-66,-68,19100,1476433080
E6:71:85:62:00:80,-62,-66,18634,1476433080
E6:71:85:62:0D:A8,-66,-68,19160,1476433140
E6:71:85:62:00:80,-61,-65,18694,1476433140
E6:71:85:62:0D:A8,-65,-67,19220,1476433200
E6:71:85:62:00:80,-62,-66,18754,1476433200
E6:71:85:62:0D:A8,-66,-68,19280,1476433260
E6:71:85:62:00:80,-61,-65,18814,1476433260
E6:71:85:62:0D:A8,-66,-68,19340,1476433320
E6:71:85:62:00:80,-61,-65,18874,1476433320
E6:71:85:62:0D:A8,-66,-68,19403,1476433383
E6:71:85:62:00:80,-61,-66,18937,1476433383
E6:71:85:62:0D:A8,-66,-68,19463,1476433443
E6:71:85:62:00:80,-62,-66,18997,1476433443
E6:71:85:62:0D:A8,-66,-68,19523,1476433503
E6:71:85:62:00:80,-62,-66,19057,1476433503
E6:71:85:62:0D:A8,-66,-68,19583,1476433563
E6:71:85:62:00:80,-61,-66,19117,1476433563
E6:71:85:62:0D:A8,-66,-68,19643,1476433623
E6:71:85:62:00:80,-62,-66,19177,1476433623
E6:71:85:62:0D:A8,-66,-68,19728,1476433709
E6:71:85:62:00:80,-61,-66,19262,1476433709
E6:71:85:62:0D:A8,-65,-67,19788,1476433769
E6:71:85:62:00:80,-62,-66,19322,1476433769
E6:71:85:62:0D:A8,-67,-69,19848,1476433829
E6:71:85:62:00:80,-62,-66,19382,1476433829
E6:71:85:62:0D:A8,-66,-68,19908,1476433889
E6:71:85:62:00:80,-62,-66,19442,1476433889
E6:71:85:62:0D:A8,-66,-68,19969,1476433949
E6:71:85:62:00:80,-61,-65,19503,1476433949
E6:71:85:62:0D:A8,-65,-67,20032,1476434012
E6:71:85:62:00:80,-62,-66,19566,1476434012
E6:71:85:62:0D:A8,-66,-69,20092,1476434072
E6:71:85:62:00:80,-61,-65,19626,1476434072
E6:71:85:62:0D:A8,-66,-69,20152,1476434132
E6:71:85:62:00:80,-62,-66,19686,1476434132
E6:71:85:62:0D:A8,-66,-68,20212,1476434192
E6:71:85:62:00:80,-62,-66,19746,1476434192
E6:71:85:62:0D:A8,-66,-68,20272,1476434252
E6:71:85:62:00:80,-61,-65,19806,1476434252
E6:71:85:62:0D:A8,-66,-68,20335,1476434315
E6:71:85:62:00:80,-61,-66,19869,1476434315
E6:71:85:62:0D:A8,-65,-68,20395,1476434375
E6:71:85:62:00:80,-62,-66,19929,1476434375
E6:71:85:62:0D:A8,-66,-68,20455,1476434435
E6:71:85:62:00:80,-61,-66,19989,1476434435
E6:71:85:62:0D:A8,-65,-68,20515,1476434495
E6:71:85:62:00:80,-61,-66,20049,1476434495
E6:71:85:62:0D:A8,-66,-68,20575,1476434555
E6:71:85:62:00:80,-61,-66,20109,1476434555
E6:71:85:62:0D:A8,-65,-67,20638,1476434618
E6:71:85:62:00:80,-62,-66,20172,1476434618
E6:71:85:62:0D:A8,-66,-68,20698,1476434678
E6:71:85:62:00:80,-61,-65,20232,1476434678
E6:71:85:62:0D:A8,-65,-67,20758,1476434738
E6:71:85:62:00:80,-62,-66,20292,1476434738
E6:71:85:62:0D:A8,-66,-68,20818,1476434798
E6:71:85:62:00:80,-62,-66,20352,1476434798
E6:71:85:62:0D:A8,-65,-67,20878,1476434858
E6:71:85:62:00:80,-62,-66,20412,1476434858
E6:71:85:62:0D:A8,-66,-68,20938,1476434918
E6:71:85:62:00:80,-61,-65,20472,1476434918
E6:71:85:62:0D:A8,-65,-68,20998,1476434978
E6:71:85:62:00:80,-62,-66,20532,1476434978
E6:71:85:62:0D:A8,-66,-68,21058,1476435038
E6:71:85:62:00:80,-61,-66,20592,1476435038
E6:71:85:62:0D:A8,-66,-68,21118,1476435098
E6:71:85:62:00:80,-62,-66,20652,1476435098
E6:71:85:62:0D:A8,-65,-67,21181,1476435161
E6:71:85:62:00:80,-62,-66,20715,1476435161
E6:71:85:62:0D:A8,-66,-68,21241,1476435221
E6:71:85:62:00:80,-62,-66,20775,1476435221
E6:71:85:62:0D:A8,-67,-68,21301,1476435281
E6:71:85:62:00:80,-62,-66,20835,1476435281
E6:71:85:62:0D:A8,-65,-67,21361,1476435341
E6:71:85:62:00:80,-62,-66,20895,1476435341
E6:71:85:62:0D:A8,-66,-68,21421,1476435401
E6:71:85:62:00:80,-62,-66,20955,1476435401
E6:71:85:62:0D:A8,-65,-67,21484,1476435464
E6:71:85:62:00:80,-61,-65,21018,1476435464
E6:71:85:62:0D:A8,-66,-68,21544,1476435524
E6:71:85:62:00:80,-61,-66,21078,1476435524
E6:71:85:62:0D:A8,-66,-68,21604,1476435584
E6:71:85:62:00:80,-61,-66,21138,1476435584
E6:71:85:62:0D:A8,-65,-68,21664,1476435644
E6:71:85:62:00:80,-61,-66,21198,1476435644
E6:71:85:62:0D:A8,-65,-67,21724,1476435704
E6:71:85:62:00:80,-61,-66,21258,1476435704
E6:71:85:62:0D:A8,-66,-68,21809,1476435790
E6:71:85:62:00:80,-61,-65,21343,1476435790
E6:71:85:62:0D:A8,-65,-67,21869,1476435850
E6:71:85:62:00:80,-61,-65,21403,1476435850
E6:71:85:62:0D:A8,-66,-68,21929,1476435910
E6:71:85:62:00:80,-61,-65,21463,1476435910
E6:71:85:62:0D:A8,-66,-68,21989,1476435970
E6:71:85:62:00:80,-61,-65,21523,1476435970
E6:71:85:62:0D:A8,-65,-68,22049,1476436030
E6:71:85:62:00:80,-61,-65,21583,1476436030
E6:71:85:62:0D:A8,-65,-67,22112,1476436093
E6:71:85:62:00:80,-61,-65,21646,1476436093
E6:71:85:62:0D:A8,-67,-69,22172,1476436153
E6:71:85:62:00:80,-61,-65,21706,1476436153
E6:71:85:62:0D:A8,-65,-67,22232,1476436213
E6:71:85:62:00:80,-61,-65,21766,1476436213
E6:71:85:62:0D:A8,-66,-68,22292,1476436273
E6:71:85:62:00:80,-61,-65,21826,1476436273
E6:71:85:62:0D:A8,-65,-67,22352,1476436333
E6:71:85:62:00:80,-61,-65,21886,1476436333
E6:71:85:62:0D:A8,-65,-67,22415,1476436396
E6:71:85:62:00:80,-62,-65,21949,1476436396
E6:71:85:62:0D:A8,-66,-68,22476,1476436456
E6:71:85:62:00:80,-61,-65,22010,1476436456
E6:71:85:62:0D:A8,-65,-67,22536,1476436516
E6:71:85:62:00:80,-61,-65,22070,1476436516
E6:71:85:62:0D:A8,-65,-67,22596,1476436576
E6:71:85:62:00:80,-62,-66,22130,1476436576
E6:71:85:62:0D:A8,-66,-68,22656,1476436636
E6:71:85:62:00:80,-61,-66,22190,1476436636
E6:71:85:62:0D:A8,-66,-68,22716,1476436696
E6:71:85:62:00:80,-61,-66,22250,1476436696
E6:71:85:62:0D:A8,-66,-68,22776,1476436756
E6:71:85:62:00:80,-61,-65,22310,1476436756
E6:71:85:62:0D:A8,-66,-68,22836,1476436816
E6:71:85:62:00:80,-62,-66,22370,1476436816
E6:71:85:62:0D:A8,-66,-68,22896,1476436876
E6:71:85:62:00:80,-62,-66,22430,1476436876
E6:71:85:62:0D:A8,-66,-68,22959,1476436939
E6:71:85:62:00:80,-61,-65,22493,1476436939
E6:71:85:62:0D:A8,-66,-68,23019,1476436999
E6:71:85:62:00:80,-62,-66,22553,1476436999
E6:71:85:62:0D:A8,-65,-67,23079,1476437059
E6:71:85:62:00:80,-61,-65,22613,1476437059
E6:71:85:62:0D:A8,-65,-67,23139,1476437119
E6:71:85:62:00:80,-62,-66,22673,1476437119
E6:71:85:62:0D:A8,-66,-68,23199,1476437179
E6:71:85:62:00:80,-62,-66,22733,1476437179
E6:71:85:62:0D:A8,-65,-68,23285,1476437266
E6:71:85:62:00:80,-62,-66,22819,1476437266
E6:71:85:62:0D:A8,-65,-68,23345,1476437326
E6:71:85:62:00:80,-62,-66,22879,1476437326
E6:71:85:62:0D:A8,-65,-68,23405,1476437386
E6:71:85:62:00:80,-61,-66,22939,1476437386
E6:71:85:62:0D:A8,-65,-68,23465,1476437446
E6:71:85:62:00:80,-61,-65,22999,1476437446
E6:71:85:62:0D:A8,-65,-67,23525,1476437506
E6:71:85:62:00:80,-61,-65,23059,1476437506
E6:71:85:62:0D:A8,-65,-68,23588,1476437569
E6:71:85:62:00:80,-61,-65,23122,1476437569
E6:71:85:62:0D:A8,-66,-68,23648,1476437629
E6:71:85:62:00:80,-61,-65,23182,1476437629
E6:71:85:62:0D:A8,-65,-68,23708,1476437689
E6:71:85:62:00:80,-61,-65,23242,1476437689
E6:71:85:62:0D:A8,-65,-68,23768,1476437749
E6:71:85:62:00:80,-61,-65,23302,1476437749
E6:71:85:62:0D:A8,-66,-68,23828,1476437809
E6:71:85:62:00:80,-61,-65,23362,1476437809
E6:71:85:62:0D:A8,-65,-67,23891,1476437872
E6:71:85:62:00:80,-61,-65,23425,1476437872
E6:71:85:62:0D:A8,-65,-67,23951,1476437932
E6:71:85:62:00:80,-61,-65,23485,1476437932
E6:71:85:62:0D:A8,-65,-67,24011,1476437992
E6:71:85:62:00:80,-61,-65,23545,1476437992
E6:71:85:62:0D:A8,-65,-67,24072,1476438052
E6:71:85:62:00:80,-61,-65,23606,1476438052
E6:71:85:62:0D:A8,-66,-68,24132,1476438112
E6:71:85:62:00:80,-61,-65,23666,1476438112
E6:71:85:62:0D:A8,-66,-68,24195,1476438175
E6:71:85:62:00:80,-61,-66,23729,1476438175
E6:71:85:62:0D:A8,-65,-67,24255,1476438235
E6:71:85:62:00:80,-61,-65,23789,1476438235
E6:71:85:62:0D:A8,-66,-68,24315,1476438295
E6:71:85:62:00:80,-61,-65,23849,1476438295
E6:71:85:62:0D:A8,-66,-68,24375,1476438355
E6:71:85:62:00:80,-61,-65,23909,1476438355
E6:71:85:62:0D:A8,-65,-68,24435,1476438415
E6:71:85:62:00:80,-61,-65,23969,1476438415
E6:71:85:62:0D:A8,-65,-67,24495,1476438475
E6:71:85:62:00:80,-61,-65,24029,1476438475
E6:71:85:62:0D:A8,-66,-68,24555,1476438535
E6:71:85:62:00:80,-61,-65,24089,1476438535
E6:71:85:62:0D:A8,-65,-68,24615,1476438595
E6:71:85:62:00:80,-61,-65,24149,1476438595
E6:71:85:62:0D:A8,-64,-67,24675,1476438655
E6:71:85:62:00:80,-61,-65,24209,1476438655
E6:71:85:62:0D:A8,-65,-68,24738,1476438718
E6:71:85:62:00:80,-62,-66,24272,1476438718
E6:71:85:62:0D:A8,-66,-68,24798,1476438778
E6:71:85:62:00:80,-62,-66,24332,1476438778
E6:71:85:62:0D:A8,-66,-68,24858,1476438838
E6:71:85:62:00:80,-61,-65,24392,1476438838
E6:71:85:62:0D:A8,-65,-67,24918,1476438898
E6:71:85:62:00:80,-62,-66,24452,1476438898
E6:71:85:62:0D:A8,-66,-68,24978,1476438958
E6:71:85:62:00:80,-62,-66,24512,1476438958
E6:71:85:62:0D:A8,-65,-67,25041,1476439021
E6:71:85:62:00:80,-61,-65,24575,1476439021
E6:71:85:62:0D:A8,-65,-68,25101,1476439081
E6:71:85:62:00:80,-61,-65,24635,1476439081
E6:71:85:62:0D:A8,-64,-67,25161,1476439141
E6:71:85:62:00:80,-61,-65,24695,1476439141
E6:71:85:62:0D:A8,-65,-67,25221,1476439201
E6:71:85:62:00:80,-61,-65,24755,1476439201
E6:71:85:62:0D:A8,-65,-68,25281,1476439261
E6:71:85:62:00:80,-61,-65,24815,1476439261
E6:71:85:62:0D:A8,-65,-67,25344,1476439324
E6:71:85:62:00:80,-61,-65,24878,1476439324
E6:71:85:62:0D:A8,-65,-67,25404,1476439384
E6:71:85:62:00:80,-61,-65,24938,1476439384
E6:71:85:62:0D:A8,-65,-67,25464,1476439444
E6:71:85:62:00:80,-61,-65,24998,1476439444
E6:71:85:62:0D:A8,-65,-67,25524,1476439504
E6:71:85:62:00:80,-61,-65,25058,1476439504
E6:71:85:62:0D:A8,-65,-68,25584,1476439564
E6:71:85:62:00:80,-61,-65,25118,1476439564
E6:71:85:62:0D:A8,-65,-68,25647,1476439627
E6:71:85:62:00:80,-61,-66,25181,1476439627
60:03:08:69:46:C4,-82,-86,25,1476439687
E6:71:85:62:0D:A8,-64,-67,25707,1476439687
E6:71:85:62:00:80,-61,-65,25241,1476439687
60:03:08:69:46:C4,-77,-79,85,1476439747
E6:71:85:62:0D:A8,-65,-67,25767,1476439747
E6:71:85:62:00:80,-61,-65,25301,1476439747
60:03:08:69:46:C4,-81,-85,145,1476439807
E6:71:85:62:0D:A8,-65,-67,25827,1476439807
E6:71:85:62:00:80,-61,-65,25361,1476439807
60:03:08:69:46:C4,-81,-85,205,1476439867
E6:71:85:62:0D:A8,-65,-67,25887,1476439867
E6:71:85:62:00:80,-61,-66,25421,1476439867
