Client_MAC,Rssi0,Rssi1,Connection_Time,EpocTime
E6:71:85:62:00:80,-59,-66,21889,1476312296
E6:71:85:62:0D:A8,-68,-75,23185,1476312296
E6:71:85:62:00:80,-59,-66,21949,1476312356
E6:71:85:62:0D:A8,-68,-75,23245,1476312356
E6:71:85:62:00:80,-59,-66,22009,1476312416
E6:71:85:62:0D:A8,-67,-75,23305,1476312416
E6:71:85:62:00:80,-59,-66,22069,1476312476
E6:71:85:62:0D:A8,-67,-75,23365,1476312476
E6:71:85:62:00:80,-59,-66,22129,1476312536
E6:71:85:62:0D:A8,-68,-75,23425,1476312536
E6:71:85:62:00:80,-59,-66,22193,1476312599
E6:71:85:62:0D:A8,-68,-75,23489,1476312599
E6:71:85:62:00:80,-59,-67,22253,1476312659
E6:71:85:62:0D:A8,-68,-75,23549,1476312659
E6:71:85:62:00:80,-60,-67,22313,1476312719
E6:71:85:62:0D:A8,-67,-75,23609,1476312719
E6:71:85:62:00:80,-60,-67,22373,1476312779
E6:71:85:62:0D:A8,-67,-75,23669,1476312779
E6:71:85:62:00:80,-59,-66,22433,1476312839
E6:71:85:62:0D:A8,-66,-75,23729,1476312839
E6:71:85:62:00:80,-59,-66,22496,1476312902
E6:71:85:62:0D:A8,-68,-76,23792,1476312902
E6:71:85:62:00:80,-59,-67,22556,1476312962
E6:71:85:62:0D:A8,-67,-76,23852,1476312962
E6:71:85:62:00:80,-59,-67,22616,1476313022
E6:71:85:62:0D:A8,-67,-75,23912,1476313022
E6:71:85:62:00:80,-59,-66,22676,1476313082
E6:71:85:62:0D:A8,-67,-75,23972,1476313082
E6:71:85:62:00:80,-59,-66,22736,1476313142
E6:71:85:62:0D:A8,-68,-75,24032,1476313142
E6:71:85:62:00:80,-59,-66,22799,1476313205
E6:71:85:62:0D:A8,-68,-76,24095,1476313205
E6:71:85:62:00:80,-59,-66,22859,1476313265
E6:71:85:62:0D:A8,-68,-76,24155,1476313265
E6:71:85:62:00:80,-60,-67,22919,1476313325
E6:71:85:62:0D:A8,-67,-75,24215,1476313325
E6:71:85:62:00:80,-59,-66,22979,1476313385
E6:71:85:62:0D:A8,-67,-76,24275,1476313385
E6:71:85:62:00:80,-59,-66,23039,1476313445
E6:71:85:62:0D:A8,-68,-75,24335,1476313445
E6:71:85:62:00:80,-59,-66,23102,1476313508
E6:71:85:62:0D:A8,-68,-75,24398,1476313508
E6:71:85:62:00:80,-60,-67,23162,1476313568
E6:71:85:62:0D:A8,-67,-75,24458,1476313568
E6:71:85:62:00:80,-60,-67,23222,1476313628
E6:71:85:62:0D:A8,-67,-75,24518,1476313628
E6:71:85:62:00:80,-59,-67,23282,1476313688
E6:71:85:62:0D:A8,-67,-75,24578,1476313688
E6:71:85:62:00:80,-59,-67,23342,1476313748
E6:71:85:62:0D:A8,-68,-75,24638,1476313748
E6:71:85:62:00:80,-59,-67,23405,1476313811
E6:71:85:62:0D:A8,-68,-76,24701,1476313811
E6:71:85:62:00:80,-59,-66,23465,1476313871
E6:71:85:62:0D:A8,-67,-76,24761,1476313871
E6:71:85:62:00:80,-59,-66,23525,1476313931
E6:71:85:62:0D:A8,-67,-75,24821,1476313931
E6:71:85:62:00:80,-59,-66,23585,1476313991
E6:71:85:62:0D:A8,-67,-75,24881,1476313991
E6:71:85:62:00:80,-59,-66,23645,1476314051
E6:71:85:62:0D:A8,-67,-75,24941,1476314051
E6:71:85:62:00:80,-59,-66,23708,1476314114
E6:71:85:62:0D:A8,-68,-76,25004,1476314114
E6:71:85:62:00:80,-59,-66,23768,1476314174
E6:71:85:62:0D:A8,-67,-75,25064,1476314174
E6:71:85:62:00:80,-59,-66,23828,1476314234
E6:71:85:62:0D:A8,-67,-75,25124,1476314234
E6:71:85:62:00:80,-59,-66,23888,1476314294
E6:71:85:62:0D:A8,-68,-76,25184,1476314294
E6:71:85:62:00:80,-59,-66,23948,1476314354
E6:71:85:62:0D:A8,-68,-75,25244,1476314354
E6:71:85:62:00:80,-60,-67,24011,1476314417
E6:71:85:62:0D:A8,-67,-75,25307,1476314417
E6:71:85:62:00:80,-60,-67,24071,1476314477
E6:71:85:62:0D:A8,-67,-75,25367,1476314477
E6:71:85:62:00:80,-59,-66,24131,1476314537
E6:71:85:62:0D:A8,-67,-75,25427,1476314537
E6:71:85:62:00:80,-59,-66,24191,1476314597
E6:71:85:62:0D:A8,-68,-76,25487,1476314597
E6:71:85:62:00:80,-59,-66,24251,1476314657
E6:71:85:62:0D:A8,-68,-75,25547,1476314657
E6:71:85:62:00:80,-59,-67,24314,1476314720
E6:71:85:62:0D:A8,-68,-75,25610,1476314720
E6:71:85:62:00:80,-59,-66,24374,1476314780
E6:71:85:62:0D:A8,-67,-75,25670,1476314780
E6:71:85:62:00:80,-59,-66,24434,1476314840
E6:71:85:62:0D:A8,-67,-75,25730,1476314840
E6:71:85:62:00:80,-59,-66,24494,1476314900
E6:71:85:62:0D:A8,-68,-75,25790,1476314900
E6:71:85:62:00:80,-59,-66,24554,1476314960
E6:71:85:62:0D:A8,-67,-76,25850,1476314960
E6:71:85:62:00:80,-59,-66,24617,1476315023
E6:71:85:62:0D:A8,-67,-76,25913,1476315023
E6:71:85:62:00:80,-59,-66,24677,1476315083
E6:71:85:62:0D:A8,-67,-75,25973,1476315083
E6:71:85:62:00:80,-59,-66,24737,1476315143
E6:71:85:62:0D:A8,-68,-75,26033,1476315143
E6:71:85:62:00:80,-59,-67,24797,1476315204
E6:71:85:62:0D:A8,-67,-76,26093,1476315204
E6:71:85:62:00:80,-59,-67,24857,1476315264
E6:71:85:62:0D:A8,-67,-75,26153,1476315264
E6:71:85:62:00:80,-60,-67,24920,1476315327
E6:71:85:62:0D:A8,-68,-76,26216,1476315327
E6:71:85:62:00:80,-59,-66,24980,1476315387
E6:71:85:62:0D:A8,-67,-75,26276,1476315387
E6:71:85:62:00:80,-59,-66,25040,1476315447
E6:71:85:62:0D:A8,-68,-75,26336,1476315447
E6:71:85:62:00:80,-60,-67,25100,1476315507
E6:71:85:62:0D:A8,-68,-75,26396,1476315507
E6:71:85:62:00:80,-60,-67,25160,1476315567
E6:71:85:62:0D:A8,-68,-75,26456,1476315567
E6:71:85:62:00:80,-59,-66,25223,1476315630
E6:71:85:62:0D:A8,-67,-75,26519,1476315630
E6:71:85:62:00:80,-59,-66,25283,1476315690
E6:71:85:62:0D:A8,-68,-75,26579,1476315690
E6:71:85:62:00:80,-59,-66,25343,1476315750
E6:71:85:62:0D:A8,-67,-75,26639,1476315750
E6:71:85:62:00:80,-59,-66,25403,1476315810
E6:71:85:62:0D:A8,-68,-75,26699,1476315810
E6:71:85:62:00:80,-59,-67,25463,1476315870
E6:71:85:62:0D:A8,-68,-75,26759,1476315870
E6:71:85:62:00:80,-59,-66,25526,1476315933
E6:71:85:62:0D:A8,-68,-75,26822,1476315933
E6:71:85:62:00:80,-59,-66,25586,1476315993
E6:71:85:62:0D:A8,-67,-75,26882,1476315993
E6:71:85:62:00:80,-59,-66,25646,1476316053
E6:71:85:62:0D:A8,-67,-75,26942,1476316053
E6:71:85:62:00:80,-59,-66,25706,1476316113
E6:71:85:62:0D:A8,-67,-75,27002,1476316113
E6:71:85:62:00:80,-59,-66,25766,1476316173
E6:71:85:62:0D:A8,-67,-75,27062,1476316173
E6:71:85:62:00:80,-59,-66,25829,1476316236
E6:71:85:62:0D:A8,-68,-75,27125,1476316236
E6:71:85:62:00:80,-59,-66,25889,1476316296
E6:71:85:62:0D:A8,-68,-75,27185,1476316296
E6:71:85:62:00:80,-59,-66,25949,1476316356
E6:71:85:62:0D:A8,-67,-75,27245,1476316356
E6:71:85:62:00:80,-59,-66,26009,1476316416
E6:71:85:62:0D:A8,-68,-75,27305,1476316416
E6:71:85:62:00:80,-59,-66,26069,1476316476
E6:71:85:62:0D:A8,-67,-75,27365,1476316476
E6:71:85:62:00:80,-59,-66,26132,1476316539
E6:71:85:62:0D:A8,-67,-75,27428,1476316539
E6:71:85:62:00:80,-59,-66,26192,1476316599
E6:71:85:62:0D:A8,-68,-75,27488,1476316599
E6:71:85:62:00:80,-59,-66,26252,1476316659
E6:71:85:62:0D:A8,-67,-75,27548,1476316659
E6:71:85:62:00:80,-60,-66,26312,1476316719
E6:71:85:62:0D:A8,-68,-75,27608,1476316719
E6:71:85:62:00:80,-59,-66,26372,1476316779
E6:71:85:62:0D:A8,-67,-75,27668,1476316779
E6:71:85:62:00:80,-59,-66,26435,1476316842
E6:71:85:62:0D:A8,-68,-75,27731,1476316842
E6:71:85:62:00:80,-59,-66,26495,1476316902
E6:71:85:62:0D:A8,-67,-75,27791,1476316902
E6:71:85:62:00:80,-59,-66,26555,1476316962
E6:71:85:62:0D:A8,-67,-75,27851,1476316962
E6:71:85:62:00:80,-59,-66,26615,1476317022
E6:71:85:62:0D:A8,-67,-75,27911,1476317022
E6:71:85:62:00:80,-59,-66,26675,1476317082
E6:71:85:62:0D:A8,-68,-75,27971,1476317082
E6:71:85:62:00:80,-59,-66,26739,1476317145
E6:71:85:62:0D:A8,-67,-75,28035,1476317145
E6:71:85:62:00:80,-59,-66,26799,1476317205
E6:71:85:62:0D:A8,-67,-75,28095,1476317205
E6:71:85:62:00:80,-59,-66,26859,1476317265
E6:71:85:62:0D:A8,-67,-75,28155,1476317265
E6:71:85:62:00:80,-59,-66,26919,1476317325
E6:71:85:62:0D:A8,-67,-75,28215,1476317325
E6:71:85:62:00:80,-59,-66,26979,1476317385
E6:71:85:62:0D:A8,-67,-75,28275,1476317385
E6:71:85:62:00:80,-59,-66,27042,1476317448
E6:71:85:62:0D:A8,-68,-75,28338,1476317448
E6:71:85:62:00:80,-59,-66,27102,1476317508
E6:71:85:62:0D:A8,-67,-75,28398,1476317508
E6:71:85:62:00:80,-59,-66,27162,1476317568
E6:71:85:62:0D:A8,-67,-75,28458,1476317568
E6:71:85:62:00:80,-59,-67,27222,1476317628
E6:71:85:62:0D:A8,-67,-75,28518,1476317628
E6:71:85:62:00:80,-60,-67,27282,1476317688
E6:71:85:62:0D:A8,-68,-75,28578,1476317688
E6:71:85:62:00:80,-59,-66,27345,1476317751
E6:71:85:62:0D:A8,-67,-76,28641,1476317751
E6:71:85:62:00:80,-59,-66,27405,1476317811
E6:71:85:62:0D:A8,-67,-75,28701,1476317811
E6:71:85:62:00:80,-59,-66,27465,1476317871
E6:71:85:62:0D:A8,-67,-75,28761,1476317871
E6:71:85:62:00:80,-59,-66,27525,1476317931
E6:71:85:62:0D:A8,-68,-76,28821,1476317931
E6:71:85:62:00:80,-60,-67,27585,1476317991
E6:71:85:62:0D:A8,-68,-76,28881,1476317991
E6:71:85:62:00:80,-59,-66,27648,1476318054
E6:71:85:62:0D:A8,-67,-75,28944,1476318054
E6:71:85:62:00:80,-59,-66,27708,1476318114
E6:71:85:62:0D:A8,-67,-75,29004,1476318114
E6:71:85:62:00:80,-59,-66,27768,1476318174
E6:71:85:62:0D:A8,-67,-75,29064,1476318174
E6:71:85:62:00:80,-59,-66,27828,1476318234
E6:71:85:62:0D:A8,-67,-75,29124,1476318234
E6:71:85:62:00:80,-59,-66,27888,1476318294
E6:71:85:62:0D:A8,-68,-75,29184,1476318294
E6:71:85:62:00:80,-59,-66,27951,1476318357
E6:71:85:62:0D:A8,-67,-75,29247,1476318357
E6:71:85:62:00:80,-59,-66,28011,1476318417
E6:71:85:62:0D:A8,-67,-75,29307,1476318417
E6:71:85:62:00:80,-60,-67,28071,1476318477
E6:71:85:62:0D:A8,-67,-75,29367,1476318477
E6:71:85:62:00:80,-60,-66,28131,1476318537
E6:71:85:62:0D:A8,-67,-75,29427,1476318537
E6:71:85:62:00:80,-60,-67,28191,1476318597
E6:71:85:62:0D:A8,-68,-76,29487,1476318597
E6:71:85:62:00:80,-59,-67,28254,1476318660
E6:71:85:62:0D:A8,-68,-76,29550,1476318660
E6:71:85:62:00:80,-59,-66,28314,1476318720
E6:71:85:62:0D:A8,-67,-75,29610,1476318720
E6:71:85:62:00:80,-59,-66,28374,1476318780
E6:71:85:62:0D:A8,-67,-75,29670,1476318780
E6:71:85:62:00:80,-60,-66,28434,1476318840
E6:71:85:62:0D:A8,-68,-76,29730,1476318840
E6:71:85:62:00:80,-59,-66,28494,1476318900
E6:71:85:62:0D:A8,-68,-76,29790,1476318900
E6:71:85:62:00:80,-60,-66,28557,1476318963
E6:71:85:62:0D:A8,-68,-76,29853,1476318963
E6:71:85:62:00:80,-59,-66,28617,1476319023
E6:71:85:62:0D:A8,-67,-75,29913,1476319023
E6:71:85:62:00:80,-59,-66,28677,1476319083
E6:71:85:62:0D:A8,-67,-75,29973,1476319083
E6:71:85:62:00:80,-59,-66,28737,1476319143
E6:71:85:62:0D:A8,-68,-75,30033,1476319143
E6:71:85:62:00:80,-59,-66,28797,1476319203
E6:71:85:62:0D:A8,-68,-75,30093,1476319203
E6:71:85:62:00:80,-59,-66,28860,1476319266
E6:71:85:62:0D:A8,-67,-75,30156,1476319266
E6:71:85:62:00:80,-59,-66,28920,1476319326
E6:71:85:62:0D:A8,-67,-75,30216,1476319326
E6:71:85:62:00:80,-59,-66,28980,1476319386
E6:71:85:62:0D:A8,-67,-75,30276,1476319386
E6:71:85:62:00:80,-59,-66,29040,1476319446
E6:71:85:62:0D:A8,-67,-75,30336,1476319446
E6:71:85:62:00:80,-59,-66,29100,1476319506
E6:71:85:62:0D:A8,-68,-75,30396,1476319506
