Client_MAC,Rssi0,Rssi1,Connection_Time,EpocTime
E6:71:85:62:0D:A8,-70,-70,8948,1476527000
E6:71:85:62:0D:A8,-73,-73,9008,1476527060
E6:71:85:62:0D:A8,-69,-67,9068,1476527120
E6:71:85:62:0D:A8,-67,-66,9128,1476527180
E6:71:85:62:0D:A8,-69,-67,9188,1476527240
E6:71:85:62:0D:A8,-67,-65,9248,1476527300
E6:71:85:62:0D:A8,-69,-67,9308,1476527360
E6:71:85:62:0D:A8,-68,-66,9368,1476527420
E6:71:85:62:0D:A8,-67,-66,9428,1476527480
E6:71:85:62:0D:A8,-68,-66,9491,1476527543
E6:71:85:62:0D:A8,-68,-66,9551,1476527603
E6:71:85:62:0D:A8,-68,-68,9611,1476527663
E6:71:85:62:0D:A8,-70,-69,9671,1476527723
E6:71:85:62:0D:A8,-69,-67,9731,1476527783
E6:71:85:62:0D:A8,-67,-65,9817,1476527868
E6:71:85:62:0D:A8,-73,-69,9877,1476527929
E6:71:85:62:0D:A8,-70,-68,9937,1476527989
E6:71:85:62:0D:A8,-75,-72,9997,1476528049
E6:71:85:62:0D:A8,-74,-70,10057,1476528109
E6:71:85:62:0D:A8,-73,-71,10120,1476528172
E6:71:85:62:0D:A8,-72,-70,10180,1476528232
E6:71:85:62:0D:A8,-74,-69,10240,1476528292
E6:71:85:62:0D:A8,-74,-69,10300,1476528352
E6:71:85:62:0D:A8,-72,-69,10360,1476528412
E6:71:85:62:0D:A8,-73,-73,10423,1476528475
E6:71:85:62:0D:A8,-74,-71,10483,1476528535
E6:71:85:62:0D:A8,-79,-74,10543,1476528595
E6:71:85:62:0D:A8,-73,-72,10603,1476528655
E6:71:85:62:0D:A8,-76,-74,10663,1476528715
E6:71:85:62:0D:A8,-77,-72,10726,1476528778
E6:71:85:62:0D:A8,-77,-72,10786,1476528838
E6:71:85:62:0D:A8,-76,-72,10846,1476528898
E6:71:85:62:0D:A8,-71,-69,10906,1476528958
E6:71:85:62:0D:A8,-73,-69,10966,1476529018
E6:71:85:62:0D:A8,-73,-70,11026,1476529078
E6:71:85:62:0D:A8,-74,-71,11086,1476529138
E6:71:85:62:0D:A8,-75,-70,11146,1476529198
E6:71:85:62:0D:A8,-73,-69,11206,1476529258
E6:71:85:62:0D:A8,-73,-70,11269,1476529321
E6:71:85:62:0D:A8,-73,-69,11329,1476529381
E6:71:85:62:0D:A8,-76,-70,11389,1476529441
E6:71:85:62:0D:A8,-74,-70,11449,1476529501
E6:71:85:62:0D:A8,-75,-70,11509,1476529561
E6:71:85:62:0D:A8,-74,-70,11572,1476529624
E6:71:85:62:0D:A8,-71,-69,11632,1476529684
E6:71:85:62:0D:A8,-72,-69,11692,1476529744
E6:71:85:62:0D:A8,-73,-71,11752,1476529804
E6:71:85:62:0D:A8,-74,-72,11812,1476529864
E6:71:85:62:0D:A8,-76,-72,11875,1476529927
E6:71:85:62:0D:A8,-74,-70,11935,1476529987
E6:71:85:62:0D:A8,-72,-71,11995,1476530047
E6:71:85:62:0D:A8,-72,-71,12055,1476530107
E6:71:85:62:0D:A8,-72,-71,12115,1476530167
E6:71:85:62:0D:A8,-74,-74,12178,1476530230
E6:71:85:62:0D:A8,-71,-71,12238,1476530290
E6:71:85:62:0D:A8,-74,-73,12298,1476530350
E6:71:85:62:0D:A8,-72,-69,12358,1476530410
E6:71:85:62:0D:A8,-75,-71,12418,1476530470
E6:71:85:62:0D:A8,-75,-71,12505,1476530557
E6:71:85:62:0D:A8,-73,-70,12565,1476530617
E6:71:85:62:0D:A8,-74,-70,12625,1476530677
E6:71:85:62:0D:A8,-69,-69,12685,1476530737
E6:71:85:62:0D:A8,-72,-71,12745,1476530797
E6:71:85:62:0D:A8,-71,-69,12805,1476530857
E6:71:85:62:0D:A8,-72,-69,12865,1476530917
E6:71:85:62:0D:A8,-71,-70,12925,1476530977
E6:71:85:62:0D:A8,-73,-70,12985,1476531037
E6:71:85:62:0D:A8,-72,-70,13048,1476531100
E6:71:85:62:0D:A8,-71,-70,13108,1476531160
E6:71:85:62:0D:A8,-71,-70,13168,1476531220
E6:71:85:62:0D:A8,-72,-72,13228,1476531280
E6:71:85:62:0D:A8,-71,-71,13288,1476531340
E6:71:85:62:0D:A8,-72,-71,13351,1476531403
E6:71:85:62:0D:A8,-73,-69,13411,1476531463
E6:71:85:62:0D:A8,-74,-70,13471,1476531523
E6:71:85:62:0D:A8,-70,-67,13531,1476531583
E6:71:85:62:0D:A8,-75,-70,13591,1476531643
E6:71:85:62:0D:A8,-74,-71,13654,1476531706
E6:71:85:62:0D:A8,-72,-68,13714,1476531766
E6:71:85:62:0D:A8,-72,-69,13774,1476531826
E6:71:85:62:0D:A8,-74,-71,13834,1476531886
E6:71:85:62:0D:A8,-77,-70,13894,1476531946
E6:71:85:62:0D:A8,-75,-77,13981,1476532032
E6:71:85:62:0D:A8,-74,-70,14041,1476532092
E6:71:85:62:0D:A8,-73,-72,14101,1476532152
E6:71:85:62:0D:A8,-74,-71,14161,1476532212
E6:71:85:62:0D:A8,-73,-72,14221,1476532272
E6:71:85:62:0D:A8,-70,-67,14284,1476532335
E6:71:85:62:0D:A8,-72,-68,14344,1476532395
E6:71:85:62:0D:A8,-70,-68,14404,1476532455
E6:71:85:62:0D:A8,-72,-69,14464,1476532515
E6:71:85:62:0D:A8,-70,-68,14524,1476532575
E6:71:85:62:0D:A8,-71,-69,14584,1476532635
E6:71:85:62:0D:A8,-72,-69,14644,1476532695
E6:71:85:62:0D:A8,-71,-69,14704,1476532755
E6:71:85:62:0D:A8,-71,-69,14764,1476532815
E6:71:85:62:0D:A8,-72,-69,14827,1476532879
E6:71:85:62:0D:A8,-66,-65,14887,1476532939
E6:71:85:62:0D:A8,-76,-73,14947,1476532999
E6:71:85:62:0D:A8,-73,-69,15007,1476533059
E6:71:85:62:0D:A8,-72,-69,15067,1476533119
E6:71:85:62:0D:A8,-75,-69,15130,1476533182
E6:71:85:62:0D:A8,-75,-69,15190,1476533242
E6:71:85:62:0D:A8,-74,-71,15250,1476533302
E6:71:85:62:0D:A8,-70,-68,15310,1476533362
E6:71:85:62:0D:A8,-68,-67,15370,1476533422
E6:71:85:62:0D:A8,-70,-70,15433,1476533485
E6:71:85:62:0D:A8,-73,-70,15493,1476533545
E6:71:85:62:0D:A8,-73,-71,15553,1476533605
E6:71:85:62:0D:A8,-69,-67,15613,1476533665
E6:71:85:62:0D:A8,-70,-68,15673,1476533725
E6:71:85:62:0D:A8,-70,-68,15758,1476533810
E6:71:85:62:0D:A8,-70,-68,15818,1476533870
E6:71:85:62:0D:A8,-70,-68,15878,1476533930
E6:71:85:62:0D:A8,-70,-68,15938,1476533990
E6:71:85:62:0D:A8,-71,-69,15998,1476534050
E6:71:85:62:0D:A8,-69,-68,16061,1476534113
E6:71:85:62:0D:A8,-70,-68,16121,1476534173
E6:71:85:62:0D:A8,-69,-67,16181,1476534233
E6:71:85:62:0D:A8,-69,-67,16241,1476534293
E6:71:85:62:0D:A8,-69,-67,16301,1476534353
E6:71:85:62:0D:A8,-69,-67,16361,1476534413
E6:71:85:62:0D:A8,-69,-67,16421,1476534473
E6:71:85:62:0D:A8,-69,-67,16481,1476534533
E6:71:85:62:0D:A8,-70,-68,16541,1476534593
E6:71:85:62:0D:A8,-71,-69,16604,1476534656
E6:71:85:62:0D:A8,-69,-68,16664,1476534716
E6:71:85:62:0D:A8,-70,-68,16724,1476534776
E6:71:85:62:0D:A8,-70,-68,16784,1476534836
E6:71:85:62:0D:A8,-69,-67,16844,1476534896
E6:71:85:62:0D:A8,-69,-67,16907,1476534959
E6:71:85:62:0D:A8,-69,-68,16967,1476535019
E6:71:85:62:0D:A8,-69,-68,17027,1476535079
E6:71:85:62:0D:A8,-69,-68,17087,1476535139
E6:71:85:62:0D:A8,-70,-68,17147,1476535199
E6:71:85:62:0D:A8,-70,-68,17210,1476535262
E6:71:85:62:0D:A8,-70,-68,17270,1476535322
E6:71:85:62:0D:A8,-70,-68,17330,1476535382
E6:71:85:62:0D:A8,-70,-68,17390,1476535442
E6:71:85:62:0D:A8,-69,-67,17450,1476535502
E6:71:85:62:0D:A8,-70,-68,17535,1476535586
E6:71:85:62:0D:A8,-70,-68,17595,1476535646
E6:71:85:62:0D:A8,-71,-69,17655,1476535706
E6:71:85:62:0D:A8,-70,-68,17715,1476535766
E6:71:85:62:0D:A8,-69,-67,17775,1476535826
E6:71:85:62:0D:A8,-71,-68,17838,1476535890
60:03:08:69:46:C4,-90,-79,59,1476535890
E6:71:85:62:0D:A8,-70,-68,17898,1476535950
60:03:08:69:46:C4,-90,-79,119,1476535950
E6:71:85:62:0D:A8,-69,-67,17958,1476536010
60:03:08:69:46:C4,-90,-79,179,1476536010
E6:71:85:62:0D:A8,-70,-68,18018,1476536070
60:03:08:69:46:C4,-90,-79,239,1476536070
E6:71:85:62:0D:A8,-70,-68,18084,1476536136
60:03:08:69:46:C4,-90,-79,305,1476536136
E6:71:85:62:0D:A8,-70,-68,18144,1476536196
60:03:08:69:46:C4,-90,-79,365,1476536196
E6:71:85:62:0D:A8,-71,-68,18204,1476536256
60:03:08:69:46:C4,-90,-79,425,1476536256
E6:71:85:62:0D:A8,-70,-68,18264,1476536316
60:03:08:69:46:C4,-90,-79,485,1476536316
E6:71:85:62:0D:A8,-70,-68,18324,1476536376
60:03:08:69:46:C4,-90,-79,545,1476536376
E6:71:85:62:0D:A8,-70,-68,18387,1476536439
60:03:08:69:46:C4,-90,-79,608,1476536439
E6:71:85:62:0D:A8,-70,-67,18447,1476536499
60:03:08:69:46:C4,-90,-79,668,1476536499
E6:71:85:62:0D:A8,-71,-69,18507,1476536559
60:03:08:69:46:C4,-90,-79,728,1476536559
E6:71:85:62:0D:A8,-70,-68,18567,1476536619
60:03:08:69:46:C4,-89,-79,788,1476536619
E6:71:85:62:0D:A8,-72,-69,18627,1476536679
60:03:08:69:46:C4,-89,-79,848,1476536679
E6:71:85:62:0D:A8,-72,-70,18690,1476536742
60:03:08:69:46:C4,-90,-79,911,1476536742
E6:71:85:62:0D:A8,-71,-68,18750,1476536802
60:03:08:69:46:C4,-90,-79,971,1476536802
E6:71:85:62:0D:A8,-70,-67,18810,1476536862
60:03:08:69:46:C4,-90,-79,1031,1476536862
E6:71:85:62:0D:A8,-71,-68,18870,1476536922
60:03:08:69:46:C4,-89,-79,1091,1476536922
E6:71:85:62:0D:A8,-70,-67,18930,1476536982
60:03:08:69:46:C4,-89,-79,1151,1476536982
E6:71:85:62:0D:A8,-71,-68,18993,1476537045
60:03:08:69:46:C4,-90,-79,1214,1476537045
E6:71:85:62:0D:A8,-70,-67,19053,1476537105
60:03:08:69:46:C4,-89,-79,1274,1476537105
E6:71:85:62:0D:A8,-71,-68,19113,1476537165
60:03:08:69:46:C4,-89,-79,1334,1476537165
E6:71:85:62:0D:A8,-71,-68,19173,1476537225
60:03:08:69:46:C4,-90,-79,1394,1476537225
E6:71:85:62:0D:A8,-70,-68,19233,1476537285
60:03:08:69:46:C4,-90,-79,1454,1476537285
E6:71:85:62:0D:A8,-71,-68,19296,1476537348
60:03:08:69:46:C4,-90,-79,1517,1476537348
E6:71:85:62:0D:A8,-71,-68,19356,1476537408
60:03:08:69:46:C4,-90,-79,1577,1476537408
E6:71:85:62:0D:A8,-71,-68,19416,1476537468
60:03:08:69:46:C4,-90,-79,1637,1476537468
E6:71:85:62:0D:A8,-70,-68,19476,1476537528
60:03:08:69:46:C4,-90,-79,1697,1476537528
E6:71:85:62:0D:A8,-71,-68,19536,1476537588
60:03:08:69:46:C4,-89,-79,1757,1476537588
E6:71:85:62:0D:A8,-70,-68,19599,1476537651
60:03:08:69:46:C4,-90,-79,1820,1476537651
E6:71:85:62:0D:A8,-69,-67,19659,1476537711
60:03:08:69:46:C4,-90,-79,1880,1476537711
E6:71:85:62:0D:A8,-70,-68,19720,1476537771
60:03:08:69:46:C4,-90,-79,1941,1476537771
E6:71:85:62:0D:A8,-69,-67,19780,1476537831
60:03:08:69:46:C4,-90,-79,2001,1476537831
E6:71:85:62:0D:A8,-69,-67,19846,1476537898
60:03:08:69:46:C4,-90,-79,2067,1476537898
E6:71:85:62:0D:A8,-69,-67,19906,1476537958
60:03:08:69:46:C4,-90,-79,2127,1476537958
E6:71:85:62:0D:A8,-70,-68,19966,1476538018
60:03:08:69:46:C4,-90,-79,2187,1476538018
E6:71:85:62:0D:A8,-70,-68,20026,1476538078
60:03:08:69:46:C4,-90,-79,2247,1476538078
E6:71:85:62:0D:A8,-70,-68,20086,1476538138
E6:71:85:62:0D:A8,-70,-68,20149,1476538201
E6:71:85:62:0D:A8,-68,-67,20209,1476538261
E6:71:85:62:0D:A8,-70,-68,20269,1476538321
E6:71:85:62:0D:A8,-70,-68,20329,1476538381
E6:71:85:62:0D:A8,-69,-68,20389,1476538441
E6:71:85:62:0D:A8,-69,-68,20452,1476538504
E6:71:85:62:0D:A8,-70,-68,20512,1476538564
E6:71:85:62:0D:A8,-69,-68,20572,1476538624
E6:71:85:62:0D:A8,-72,-70,20632,1476538684
E6:71:85:62:0D:A8,-70,-68,20692,1476538744
E6:71:85:62:0D:A8,-73,-70,20777,1476538829
E6:71:85:62:0D:A8,-71,-67,20837,1476538889
E6:71:85:62:0D:A8,-70,-68,20897,1476538949
E6:71:85:62:0D:A8,-72,-69,20957,1476539009
E6:71:85:62:0D:A8,-70,-68,21017,1476539069
