Client_MAC,Rssi0,Rssi1,Connection_Time,EpocTime
5C:E0:C5:C8:D3:D1,-80,-83,2093,1476377596
30:75:12:BF:95:3C,-84,-86,6,1476377596
E6:71:85:62:0D:A8,-63,-69,394,1476377596
5C:E0:C5:C8:D3:D1,-86,-85,2153,1476377656
30:75:12:BF:95:3C,-81,-82,66,1476377656
E6:71:85:62:0D:A8,-63,-69,454,1476377656
5C:E0:C5:C8:D3:D1,-83,-86,2213,1476377716
30:75:12:BF:95:3C,-87,-87,126,1476377716
E6:71:85:62:0D:A8,-66,-73,5,1476377716
5C:E0:C5:C8:D3:D1,-84,-87,2273,1476377776
E6:71:85:62:0D:A8,-68,-74,52,1476377776
5C:E0:C5:C8:D3:D1,-81,-84,2333,1476377836
E6:71:85:62:0D:A8,-62,-69,112,1476377836
5C:E0:C5:C8:D3:D1,-82,-85,2397,1476377899
E6:71:85:62:0D:A8,-62,-70,176,1476377899
5C:E0:C5:C8:D3:D1,-88,-87,2457,1476377959
E6:71:85:62:0D:A8,-61,-69,236,1476377959
5C:E0:C5:C8:D3:D1,-75,-77,2517,1476378019
E6:71:85:62:0D:A8,-65,-73,296,1476378019
5C:E0:C5:C8:D3:D1,-76,-78,2577,1476378079
E6:71:85:62:0D:A8,-62,-71,356,1476378079
5C:E0:C5:C8:D3:D1,-76,-78,60,1476378139
E6:71:85:62:0D:A8,-62,-70,416,1476378139
5C:E0:C5:C8:D3:D1,-76,-78,123,1476378202
E6:71:85:62:0D:A8,-62,-71,479,1476378202
5C:E0:C5:C8:D3:D1,-76,-79,183,1476378262
E6:71:85:62:0D:A8,-62,-70,539,1476378262
5C:E0:C5:C8:D3:D1,-52,-53,243,1476378322
30:75:12:BF:95:3C,-56,-61,30,1476378322
E6:71:85:62:0D:A8,-62,-70,599,1476378322
5C:E0:C5:C8:D3:D1,-49,-53,303,1476378382
30:75:12:BF:95:3C,-87,-87,90,1476378382
E6:71:85:62:0D:A8,-62,-70,659,1476378382
5C:E0:C5:C8:D3:D1,-51,-52,363,1476378442
30:75:12:BF:95:3C,-90,-86,150,1476378442
E6:71:85:62:0D:A8,-67,-72,4,1476378442
5C:E0:C5:C8:D3:D1,-60,-63,426,1476378505
30:75:12:BF:95:3C,-88,-87,213,1476378505
E6:71:85:62:0D:A8,-70,-76,2,1476378505
5C:E0:C5:C8:D3:D1,-51,-53,486,1476378565
E6:71:85:62:0D:A8,-64,-72,62,1476378565
5C:E0:C5:C8:D3:D1,-58,-61,546,1476378625
E6:71:85:62:0D:A8,-66,-72,122,1476378625
5C:E0:C5:C8:D3:D1,-53,-60,606,1476378685
E6:71:85:62:0D:A8,-64,-72,182,1476378685
5C:E0:C5:C8:D3:D1,-53,-66,666,1476378745
E6:71:85:62:0D:A8,-63,-71,242,1476378745
5C:E0:C5:C8:D3:D1,-53,-67,729,1476378808
E6:71:85:62:0D:A8,-63,-70,305,1476378808
5C:E0:C5:C8:D3:D1,-65,-56,789,1476378868
E6:71:85:62:0D:A8,-66,-72,365,1476378868
5C:E0:C5:C8:D3:D1,-62,-59,849,1476378928
30:75:12:BF:95:3C,-85,-80,17,1476378928
E6:71:85:62:0D:A8,-64,-72,425,1476378928
5C:E0:C5:C8:D3:D1,-57,-60,909,1476378988
30:75:12:BF:95:3C,-84,-85,77,1476378988
E6:71:85:62:0D:A8,-61,-70,485,1476378988
5C:E0:C5:C8:D3:D1,-53,-65,969,1476379048
30:75:12:BF:95:3C,-84,-85,137,1476379048
E6:71:85:62:0D:A8,-63,-71,545,1476379048
5C:E0:C5:C8:D3:D1,-64,-56,1029,1476379108
30:75:12:BF:95:3C,-84,-85,197,1476379108
E6:71:85:62:0D:A8,-60,-69,605,1476379108
5C:E0:C5:C8:D3:D1,-62,-57,1089,1476379168
30:75:12:BF:95:3C,-84,-85,257,1476379168
E6:71:85:62:0D:A8,-63,-71,665,1476379168
5C:E0:C5:C8:D3:D1,-53,-62,1149,1476379228
30:75:12:BF:95:3C,-84,-85,317,1476379228
E6:71:85:62:0D:A8,-60,-69,725,1476379228
5C:E0:C5:C8:D3:D1,-54,-63,1209,1476379288
30:75:12:BF:95:3C,-82,-82,4,1476379288
E6:71:85:62:0D:A8,-63,-71,785,1476379288
5C:E0:C5:C8:D3:D1,-54,-68,1272,1476379351
30:75:12:BF:95:3C,-88,-83,67,1476379351
E6:71:85:62:0D:A8,-61,-71,848,1476379351
5C:E0:C5:C8:D3:D1,-53,-66,1332,1476379411
30:75:12:BF:95:3C,-88,-83,127,1476379411
E6:71:85:62:0D:A8,-61,-69,908,1476379411
5C:E0:C5:C8:D3:D1,-54,-62,1392,1476379471
30:75:12:BF:95:3C,-88,-83,187,1476379471
E6:71:85:62:0D:A8,-60,-69,968,1476379471
5C:E0:C5:C8:D3:D1,-54,-62,1452,1476379531
30:75:12:BF:95:3C,-88,-83,247,1476379531
E6:71:85:62:0D:A8,-63,-72,1028,1476379531
5C:E0:C5:C8:D3:D1,-60,-59,1512,1476379591
30:75:12:BF:95:3C,-88,-83,307,1476379591
E6:71:85:62:0D:A8,-60,-69,1088,1476379591
5C:E0:C5:C8:D3:D1,-54,-62,1597,1476379676
E6:71:85:62:0D:A8,-63,-72,1173,1476379676
5C:E0:C5:C8:D3:D1,-56,-60,1657,1476379736
E6:71:85:62:0D:A8,-63,-71,1233,1476379736
5C:E0:C5:C8:D3:D1,-57,-60,1717,1476379796
E6:71:85:62:0D:A8,-63,-70,1293,1476379796
5C:E0:C5:C8:D3:D1,-56,-60,1777,1476379856
E6:71:85:62:0D:A8,-62,-70,1353,1476379856
5C:E0:C5:C8:D3:D1,-60,-58,1837,1476379916
E6:71:85:62:0D:A8,-61,-70,1413,1476379916
5C:E0:C5:C8:D3:D1,-58,-58,1900,1476379979
E6:71:85:62:0D:A8,-62,-70,1476,1476379979
5C:E0:C5:C8:D3:D1,-62,-62,1960,1476380039
E6:71:85:62:0D:A8,-62,-70,1536,1476380039
5C:E0:C5:C8:D3:D1,-65,-60,2020,1476380099
E6:71:85:62:0D:A8,-62,-71,1596,1476380099
5C:E0:C5:C8:D3:D1,-58,-57,2080,1476380159
E6:71:85:62:0D:A8,-61,-70,1656,1476380159
5C:E0:C5:C8:D3:D1,-61,-61,2140,1476380219
E6:71:85:62:0D:A8,-61,-71,1716,1476380219
5C:E0:C5:C8:D3:D1,-61,-60,2203,1476380282
E6:71:85:62:0D:A8,-62,-71,1779,1476380282
5C:E0:C5:C8:D3:D1,-56,-60,2263,1476380342
E6:71:85:62:0D:A8,-62,-71,1839,1476380342
E6:71:85:62:0D:A8,-62,-71,1899,1476380402
E6:71:85:62:0D:A8,-62,-71,1959,1476380462
E6:71:85:62:0D:A8,-62,-71,2019,1476380522
E6:71:85:62:0D:A8,-62,-71,2082,1476380586
E6:71:85:62:0D:A8,-62,-71,2142,1476380646
E6:71:85:62:0D:A8,-63,-72,2202,1476380706
E6:71:85:62:0D:A8,-63,-72,2262,1476380766
E6:71:85:62:0D:A8,-62,-71,2322,1476380826
E6:71:85:62:0D:A8,-63,-72,2382,1476380886
E6:71:85:62:0D:A8,-62,-72,2442,1476380946
E6:71:85:62:0D:A8,-63,-72,2502,1476381006
E6:71:85:62:0D:A8,-61,-70,2562,1476381066
E6:71:85:62:0D:A8,-62,-69,2625,1476381129
E6:71:85:62:0D:A8,-62,-70,2685,1476381189
E6:71:85:62:0D:A8,-62,-70,2745,1476381249
E6:71:85:62:0D:A8,-62,-70,2805,1476381309
E6:71:85:62:0D:A8,-62,-70,2865,1476381369
E6:71:85:62:0D:A8,-62,-71,2928,1476381432
E6:71:85:62:0D:A8,-62,-71,2988,1476381492
E6:71:85:62:0D:A8,-62,-71,3048,1476381552
E6:71:85:62:0D:A8,-62,-71,3108,1476381612
E6:71:85:62:0D:A8,-62,-71,3168,1476381672
E6:71:85:62:0D:A8,-63,-72,3231,1476381735
E6:71:85:62:0D:A8,-62,-71,3291,1476381795
E6:71:85:62:0D:A8,-62,-71,3351,1476381855
E6:71:85:62:0D:A8,-62,-70,3411,1476381915
E6:71:85:62:0D:A8,-62,-71,3471,1476381975
E6:71:85:62:0D:A8,-62,-71,3534,1476382038
E6:71:85:62:0D:A8,-62,-70,3594,1476382098
E6:71:85:62:0D:A8,-61,-70,3654,1476382158
30:75:12:BF:95:3C,-56,-63,7,1476382218
E6:71:85:62:0D:A8,-63,-72,3714,1476382218
30:75:12:BF:95:3C,-85,-85,67,1476382278
E6:71:85:62:0D:A8,-62,-70,3774,1476382278
30:75:12:BF:95:3C,-89,-87,153,1476382364
E6:71:85:62:0D:A8,-71,-73,18,1476382364
30:75:12:BF:95:3C,-79,-85,213,1476382424
E6:71:85:62:0D:A8,-67,-74,18,1476382424
30:75:12:BF:95:3C,-87,-89,273,1476382484
E6:71:85:62:0D:A8,-67,-73,78,1476382484
30:75:12:BF:95:3C,-84,-88,333,1476382544
E6:71:85:62:0D:A8,-67,-76,138,1476382544
30:75:12:BF:95:3C,-83,-87,393,1476382604
E6:71:85:62:0D:A8,-68,-74,198,1476382604
30:75:12:BF:95:3C,-89,-88,453,1476382664
E6:71:85:62:0D:A8,-68,-75,258,1476382664
30:75:12:BF:95:3C,-66,-69,513,1476382724
E6:71:85:62:0D:A8,-64,-69,318,1476382724
30:75:12:BF:95:3C,-75,-71,573,1476382784
E6:71:85:62:0D:A8,-63,-68,378,1476382784
30:75:12:BF:95:3C,-70,-69,633,1476382844
E6:71:85:62:0D:A8,-63,-69,438,1476382844
E6:71:85:62:0D:A8,-62,-67,523,1476382928
E6:71:85:62:0D:A8,-63,-68,583,1476382988
E6:71:85:62:0D:A8,-63,-68,643,1476383048
E6:71:85:62:0D:A8,-63,-68,703,1476383108
E6:71:85:62:0D:A8,-63,-69,763,1476383168
E6:71:85:62:0D:A8,-63,-68,826,1476383232
E6:71:85:62:0D:A8,-63,-68,886,1476383292
E6:71:85:62:0D:A8,-63,-69,946,1476383352
E6:71:85:62:0D:A8,-63,-69,1006,1476383412
E6:71:85:62:0D:A8,-63,-69,1066,1476383472
E6:71:85:62:0D:A8,-63,-69,1129,1476383535
E6:71:85:62:0D:A8,-63,-69,1189,1476383595
E6:71:85:62:0D:A8,-63,-68,1249,1476383655
E6:71:85:62:0D:A8,-63,-69,1309,1476383715
E6:71:85:62:0D:A8,-63,-69,1369,1476383775
E6:71:85:62:0D:A8,-63,-68,1432,1476383838
E6:71:85:62:0D:A8,-63,-69,1492,1476383898
E6:71:85:62:0D:A8,-64,-69,1552,1476383958
E6:71:85:62:0D:A8,-64,-69,1612,1476384018
E6:71:85:62:0D:A8,-63,-69,1672,1476384078
E6:71:85:62:0D:A8,-64,-69,1735,1476384141
E6:71:85:62:0D:A8,-64,-69,1795,1476384201
E6:71:85:62:0D:A8,-64,-69,1855,1476384261
E6:71:85:62:0D:A8,-64,-69,1915,1476384321
E6:71:85:62:0D:A8,-64,-69,1981,1476384387
E6:71:85:62:0D:A8,-64,-69,2041,1476384447
E6:71:85:62:0D:A8,-64,-69,2101,1476384507
E6:71:85:62:0D:A8,-64,-69,2161,1476384567
E6:71:85:62:0D:A8,-64,-69,2221,1476384627
E6:71:85:62:0D:A8,-64,-69,2284,1476384690
E6:71:85:62:0D:A8,-64,-69,2344,1476384750
E6:71:85:62:0D:A8,-64,-69,2404,1476384810
E6:71:85:62:0D:A8,-64,-69,2464,1476384870
E6:71:85:62:0D:A8,-64,-69,2524,1476384930
E6:71:85:62:0D:A8,-64,-69,2588,1476384993
E6:71:85:62:0D:A8,-64,-69,2648,1476385053
E6:71:85:62:0D:A8,-64,-70,2708,1476385113
E6:71:85:62:0D:A8,-64,-69,2768,1476385173
E6:71:85:62:0D:A8,-65,-70,2828,1476385233
E6:71:85:62:0D:A8,-65,-70,2891,1476385296
E6:71:85:62:0D:A8,-64,-70,2951,1476385356
E6:71:85:62:0D:A8,-64,-69,3011,1476385416
E6:71:85:62:0D:A8,-64,-69,3071,1476385476
E6:71:85:62:0D:A8,-65,-70,3131,1476385536
E6:71:85:62:0D:A8,-64,-69,3216,1476385621
E6:71:85:62:0D:A8,-64,-69,3276,1476385681
E6:71:85:62:0D:A8,-64,-69,3336,1476385741
E6:71:85:62:0D:A8,-64,-69,3396,1476385801
E6:71:85:62:0D:A8,-64,-69,3456,1476385861
E6:71:85:62:0D:A8,-63,-69,3519,1476385924
E6:71:85:62:0D:A8,-63,-69,3579,1476385984
E6:71:85:62:0D:A8,-63,-68,3639,1476386044
E6:71:85:62:0D:A8,-63,-68,3699,1476386104
E6:71:85:62:0D:A8,-63,-69,3765,1476386170
E6:71:85:62:0D:A8,-63,-68,3825,1476386230
E6:71:85:62:0D:A8,-62,-68,3885,1476386290
E6:71:85:62:0D:A8,-63,-68,3945,1476386350
E6:71:85:62:0D:A8,-63,-68,4005,1476386410
E6:71:85:62:0D:A8,-63,-68,4068,1476386473
E6:71:85:62:0D:A8,-62,-67,4128,1476386533
E6:71:85:62:0D:A8,-62,-68,4188,1476386593
E6:71:85:62:0D:A8,-63,-68,4248,1476386653
E6:71:85:62:0D:A8,-62,-68,4308,1476386713
E6:71:85:62:0D:A8,-63,-69,4394,1476386799
E6:71:85:62:0D:A8,-63,-69,4454,1476386859
E6:71:85:62:0D:A8,-63,-69,4514,1476386919
E6:71:85:62:0D:A8,-63,-69,4574,1476386979
E6:71:85:62:0D:A8,-63,-69,4634,1476387040
E6:71:85:62:0D:A8,-63,-69,4697,1476387103
E6:71:85:62:0D:A8,-63,-69,4757,1476387163
E6:71:85:62:0D:A8,-63,-69,4817,1476387223
E6:71:85:62:0D:A8,-63,-69,4877,1476387283
E6:71:85:62:0D:A8,-63,-69,4937,1476387343
E6:71:85:62:0D:A8,-63,-68,5000,1476387406
E6:71:85:62:0D:A8,-63,-68,5060,1476387466
E6:71:85:62:0D:A8,-63,-68,5120,1476387526
E6:71:85:62:0D:A8,-63,-68,5180,1476387586
E6:71:85:62:0D:A8,-63,-68,5240,1476387646
