Client_MAC,Rssi0,Rssi1,Connection_Time,EpocTime
E6:71:85:62:0D:A8,-61,-69,12706,1476341106
E6:71:85:62:0D:A8,-61,-69,12766,1476341166
E6:71:85:62:0D:A8,-62,-70,12826,1476341226
E6:71:85:62:0D:A8,-62,-70,12886,1476341286
E6:71:85:62:0D:A8,-62,-70,12946,1476341346
E6:71:85:62:0D:A8,-61,-70,13010,1476341409
E6:71:85:62:0D:A8,-62,-71,13070,1476341469
E6:71:85:62:0D:A8,-61,-70,13130,1476341529
E6:71:85:62:0D:A8,-62,-71,13190,1476341589
E6:71:85:62:0D:A8,-61,-70,13250,1476341649
E6:71:85:62:0D:A8,-62,-71,13313,1476341713
E6:71:85:62:0D:A8,-62,-71,13373,1476341773
E6:71:85:62:0D:A8,-62,-71,13433,1476341833
E6:71:85:62:0D:A8,-62,-70,13493,1476341893
E6:71:85:62:0D:A8,-62,-71,13553,1476341953
E6:71:85:62:0D:A8,-62,-71,13616,1476342016
E6:71:85:62:0D:A8,-62,-70,13676,1476342076
E6:71:85:62:0D:A8,-61,-70,13736,1476342136
E6:71:85:62:0D:A8,-62,-70,13796,1476342196
E6:71:85:62:0D:A8,-62,-71,13856,1476342256
E6:71:85:62:0D:A8,-62,-70,13919,1476342319
E6:71:85:62:0D:A8,-61,-70,13979,1476342379
E6:71:85:62:0D:A8,-62,-71,14039,1476342439
E6:71:85:62:0D:A8,-62,-70,14099,1476342499
E6:71:85:62:0D:A8,-62,-70,14159,1476342559
E6:71:85:62:0D:A8,-62,-71,14222,1476342622
E6:71:85:62:0D:A8,-62,-70,14282,1476342682
E6:71:85:62:0D:A8,-62,-70,14342,1476342742
E6:71:85:62:0D:A8,-62,-70,14402,1476342802
E6:71:85:62:0D:A8,-62,-70,14462,1476342862
E6:71:85:62:0D:A8,-61,-70,14525,1476342925
E6:71:85:62:0D:A8,-62,-70,14585,1476342985
E6:71:85:62:0D:A8,-61,-69,14645,1476343045
E6:71:85:62:0D:A8,-63,-72,14705,1476343105
E6:71:85:62:0D:A8,-62,-70,14765,1476343165
E6:71:85:62:0D:A8,-62,-70,14828,1476343228
E6:71:85:62:0D:A8,-61,-70,14888,1476343288
E6:71:85:62:0D:A8,-62,-70,14948,1476343348
E6:71:85:62:0D:A8,-62,-71,15008,1476343408
60:03:08:69:46:C4,-81,-78,52,1476343408
E6:71:85:62:0D:A8,-62,-70,15068,1476343468
60:03:08:69:46:C4,-80,-78,112,1476343468
E6:71:85:62:0D:A8,-62,-71,15131,1476343531
60:03:08:69:46:C4,-79,-78,175,1476343531
E6:71:85:62:0D:A8,-62,-70,15191,1476343591
60:03:08:69:46:C4,-78,-78,235,1476343591
E6:71:85:62:0D:A8,-62,-70,15251,1476343651
60:03:08:69:46:C4,-78,-80,295,1476343651
E6:71:85:62:0D:A8,-62,-70,15311,1476343711
60:03:08:69:46:C4,-78,-80,355,1476343711
E6:71:85:62:0D:A8,-63,-71,15371,1476343771
60:03:08:69:46:C4,-79,-82,415,1476343771
E6:71:85:62:0D:A8,-62,-70,15434,1476343834
60:03:08:69:46:C4,-78,-84,478,1476343834
E6:71:85:62:0D:A8,-62,-70,15494,1476343894
60:03:08:69:46:C4,-79,-85,538,1476343894
E6:71:85:62:0D:A8,-62,-70,15554,1476343954
60:03:08:69:46:C4,-79,-85,598,1476343954
E6:71:85:62:0D:A8,-62,-71,15614,1476344014
60:03:08:69:46:C4,-80,-85,658,1476344014
E6:71:85:62:0D:A8,-62,-70,15674,1476344074
60:03:08:69:46:C4,-80,-85,718,1476344074
E6:71:85:62:0D:A8,-62,-71,15737,1476344137
60:03:08:69:46:C4,-81,-84,781,1476344137
E6:71:85:62:0D:A8,-62,-70,15797,1476344197
60:03:08:69:46:C4,-82,-84,841,1476344197
E6:71:85:62:0D:A8,-62,-70,15857,1476344257
60:03:08:69:46:C4,-82,-84,901,1476344257
E6:71:85:62:0D:A8,-62,-70,15917,1476344317
60:03:08:69:46:C4,-85,-83,961,1476344317
E6:71:85:62:0D:A8,-62,-70,15977,1476344377
60:03:08:69:46:C4,-86,-82,1021,1476344377
E6:71:85:62:0D:A8,-62,-70,16040,1476344440
60:03:08:69:46:C4,-86,-82,1084,1476344440
E6:71:85:62:0D:A8,-62,-70,16100,1476344500
60:03:08:69:46:C4,-84,-83,1144,1476344500
E6:71:85:62:0D:A8,-62,-70,16160,1476344560
60:03:08:69:46:C4,-83,-82,1204,1476344560
E6:71:85:62:0D:A8,-62,-70,16220,1476344620
60:03:08:69:46:C4,-83,-82,1264,1476344620
E6:71:85:62:0D:A8,-62,-70,16280,1476344680
60:03:08:69:46:C4,-81,-82,1324,1476344680
E6:71:85:62:0D:A8,-62,-70,16343,1476344743
60:03:08:69:46:C4,-81,-82,1387,1476344743
E6:71:85:62:0D:A8,-63,-71,16403,1476344803
60:03:08:69:46:C4,-80,-82,1447,1476344803
E6:71:85:62:0D:A8,-62,-70,16463,1476344863
60:03:08:69:46:C4,-79,-82,1507,1476344863
E6:71:85:62:0D:A8,-62,-70,16523,1476344923
60:03:08:69:46:C4,-78,-81,1567,1476344923
E6:71:85:62:0D:A8,-62,-70,16583,1476344983
60:03:08:69:46:C4,-78,-81,1627,1476344983
E6:71:85:62:0D:A8,-62,-70,16646,1476345046
60:03:08:69:46:C4,-78,-81,1690,1476345046
E6:71:85:62:0D:A8,-62,-70,16706,1476345106
60:03:08:69:46:C4,-79,-81,1750,1476345106
E6:71:85:62:0D:A8,-62,-70,16766,1476345166
60:03:08:69:46:C4,-78,-81,1810,1476345166
E6:71:85:62:0D:A8,-62,-71,16826,1476345226
60:03:08:69:46:C4,-78,-81,1870,1476345226
E6:71:85:62:0D:A8,-62,-70,16886,1476345286
60:03:08:69:46:C4,-78,-81,1930,1476345286
E6:71:85:62:0D:A8,-61,-70,16949,1476345349
60:03:08:69:46:C4,-77,-81,1993,1476345349
E6:71:85:62:0D:A8,-62,-70,17009,1476345409
60:03:08:69:46:C4,-77,-81,2053,1476345409
E6:71:85:62:0D:A8,-62,-70,17069,1476345469
60:03:08:69:46:C4,-77,-81,2113,1476345469
E6:71:85:62:0D:A8,-62,-70,17129,1476345529
60:03:08:69:46:C4,-79,-81,2173,1476345529
E6:71:85:62:0D:A8,-62,-70,17189,1476345589
60:03:08:69:46:C4,-79,-81,2233,1476345589
E6:71:85:62:0D:A8,-62,-70,17252,1476345652
60:03:08:69:46:C4,-81,-82,2296,1476345652
E6:71:85:62:0D:A8,-62,-70,17312,1476345712
60:03:08:69:46:C4,-83,-83,2356,1476345712
E6:71:85:62:0D:A8,-62,-70,17372,1476345772
60:03:08:69:46:C4,-83,-83,2416,1476345772
E6:71:85:62:0D:A8,-62,-71,17432,1476345832
60:03:08:69:46:C4,-83,-82,2476,1476345832
E6:71:85:62:0D:A8,-62,-71,17492,1476345892
60:03:08:69:46:C4,-83,-85,2536,1476345892
E6:71:85:62:0D:A8,-65,-73,17555,1476345956
60:03:08:69:46:C4,-86,-84,2599,1476345956
E6:71:85:62:0D:A8,-62,-71,17615,1476346016
60:03:08:69:46:C4,-86,-84,2659,1476346016
E6:71:85:62:0D:A8,-62,-70,17675,1476346076
60:03:08:69:46:C4,-85,-84,2719,1476346076
E6:71:85:62:0D:A8,-67,-74,17735,1476346136
60:03:08:69:46:C4,-85,-84,2779,1476346136
E6:71:85:62:0D:A8,-62,-70,17795,1476346196
60:03:08:69:46:C4,-85,-84,2839,1476346196
E6:71:85:62:0D:A8,-63,-72,17858,1476346259
60:03:08:69:46:C4,-84,-85,2902,1476346259
E6:71:85:62:0D:A8,-63,-72,17918,1476346319
60:03:08:69:46:C4,-85,-85,2962,1476346319
E6:71:85:62:0D:A8,-60,-70,17978,1476346379
60:03:08:69:46:C4,-85,-85,3022,1476346379
E6:71:85:62:0D:A8,-61,-70,18038,1476346439
60:03:08:69:46:C4,-84,-85,3082,1476346439
E6:71:85:62:0D:A8,-61,-71,18098,1476346499
60:03:08:69:46:C4,-84,-85,3142,1476346499
E6:71:85:62:0D:A8,-62,-70,18162,1476346562
60:03:08:69:46:C4,-84,-85,3206,1476346562
E6:71:85:62:0D:A8,-62,-71,18222,1476346622
60:03:08:69:46:C4,-83,-85,3266,1476346622
E6:71:85:62:0D:A8,-62,-71,18282,1476346682
60:03:08:69:46:C4,-83,-85,3326,1476346682
E6:71:85:62:0D:A8,-62,-71,18342,1476346742
60:03:08:69:46:C4,-82,-85,3386,1476346742
E6:71:85:62:0D:A8,-62,-71,18402,1476346802
60:03:08:69:46:C4,-82,-85,3446,1476346802
E6:71:85:62:0D:A8,-62,-71,18465,1476346865
60:03:08:69:46:C4,-82,-85,3509,1476346865
E6:71:85:62:0D:A8,-62,-71,18525,1476346925
60:03:08:69:46:C4,-82,-84,3569,1476346925
E6:71:85:62:0D:A8,-62,-71,18585,1476346985
60:03:08:69:46:C4,-84,-85,3629,1476346985
E6:71:85:62:0D:A8,-62,-71,18645,1476347045
60:03:08:69:46:C4,-84,-85,3689,1476347045
E6:71:85:62:0D:A8,-61,-70,18705,1476347105
60:03:08:69:46:C4,-83,-85,3749,1476347105
E6:71:85:62:0D:A8,-62,-71,18768,1476347168
60:03:08:69:46:C4,-83,-84,3812,1476347168
E6:71:85:62:0D:A8,-62,-71,18828,1476347228
60:03:08:69:46:C4,-83,-84,3872,1476347228
E6:71:85:62:0D:A8,-62,-71,18888,1476347288
60:03:08:69:46:C4,-84,-85,3932,1476347288
E6:71:85:62:0D:A8,-61,-70,18948,1476347348
60:03:08:69:46:C4,-84,-85,3992,1476347348
E6:71:85:62:0D:A8,-62,-71,19008,1476347408
60:03:08:69:46:C4,-85,-86,4052,1476347408
E6:71:85:62:0D:A8,-62,-71,19071,1476347471
60:03:08:69:46:C4,-81,-80,4115,1476347471
E6:71:85:62:0D:A8,-62,-71,19131,1476347531
60:03:08:69:46:C4,-84,-84,4175,1476347531
E6:71:85:62:0D:A8,-62,-71,19191,1476347591
60:03:08:69:46:C4,-87,-85,4235,1476347591
E6:71:85:62:0D:A8,-62,-71,19251,1476347651
60:03:08:69:46:C4,-88,-85,4295,1476347651
E6:71:85:62:0D:A8,-62,-71,19311,1476347711
60:03:08:69:46:C4,-88,-85,4355,1476347711
E6:71:85:62:0D:A8,-62,-71,19374,1476347774
60:03:08:69:46:C4,-88,-85,4418,1476347774
E6:71:85:62:0D:A8,-62,-71,19434,1476347834
60:03:08:69:46:C4,-88,-85,4478,1476347834
E6:71:85:62:0D:A8,-62,-71,19494,1476347894
60:03:08:69:46:C4,-88,-85,4538,1476347894
E6:71:85:62:0D:A8,-62,-71,19554,1476347954
60:03:08:69:46:C4,-83,-82,3,1476347954
E6:71:85:62:0D:A8,-62,-71,19614,1476348014
60:03:08:69:46:C4,-87,-80,63,1476348014
E6:71:85:62:0D:A8,-61,-70,19677,1476348077
60:03:08:69:46:C4,-83,-84,126,1476348077
E6:71:85:62:0D:A8,-62,-71,19737,1476348137
60:03:08:69:46:C4,-87,-86,186,1476348137
E6:71:85:62:0D:A8,-61,-70,19797,1476348197
60:03:08:69:46:C4,-85,-86,246,1476348197
E6:71:85:62:0D:A8,-62,-71,19857,1476348257
60:03:08:69:46:C4,-84,-84,306,1476348257
E6:71:85:62:0D:A8,-61,-70,19917,1476348317
60:03:08:69:46:C4,-82,-82,366,1476348317
E6:71:85:62:0D:A8,-62,-71,19980,1476348380
60:03:08:69:46:C4,-82,-84,429,1476348380
E6:71:85:62:0D:A8,-62,-71,20040,1476348440
60:03:08:69:46:C4,-83,-85,489,1476348440
E6:71:85:62:0D:A8,-62,-71,20100,1476348500
60:03:08:69:46:C4,-83,-84,549,1476348500
E6:71:85:62:0D:A8,-62,-71,20160,1476348560
60:03:08:69:46:C4,-83,-84,609,1476348560
E6:71:85:62:0D:A8,-62,-71,20220,1476348620
60:03:08:69:46:C4,-85,-83,669,1476348620
E6:71:85:62:0D:A8,-62,-71,20283,1476348683
60:03:08:69:46:C4,-85,-84,732,1476348683
E6:71:85:62:0D:A8,-62,-71,20343,1476348743
60:03:08:69:46:C4,-85,-85,792,1476348743
E6:71:85:62:0D:A8,-62,-71,20403,1476348803
60:03:08:69:46:C4,-85,-85,852,1476348803
E6:71:85:62:0D:A8,-62,-71,20463,1476348863
60:03:08:69:46:C4,-85,-84,912,1476348863
E6:71:85:62:0D:A8,-62,-71,20523,1476348923
60:03:08:69:46:C4,-85,-84,972,1476348923
E6:71:85:62:0D:A8,-61,-70,20586,1476348987
60:03:08:69:46:C4,-85,-84,1035,1476348987
E6:71:85:62:0D:A8,-62,-71,20646,1476349047
60:03:08:69:46:C4,-85,-85,1095,1476349047
E6:71:85:62:0D:A8,-62,-71,20706,1476349107
60:03:08:69:46:C4,-85,-85,1155,1476349107
E6:71:85:62:0D:A8,-61,-70,20766,1476349167
60:03:08:69:46:C4,-85,-85,1215,1476349167
E6:71:85:62:0D:A8,-61,-70,20826,1476349227
60:03:08:69:46:C4,-85,-84,1275,1476349227
E6:71:85:62:0D:A8,-62,-71,20889,1476349290
60:03:08:69:46:C4,-85,-84,1338,1476349290
E6:71:85:62:0D:A8,-62,-71,20949,1476349350
60:03:08:69:46:C4,-85,-85,1398,1476349350
E6:71:85:62:0D:A8,-62,-71,21009,1476349410
60:03:08:69:46:C4,-85,-84,1458,1476349410
E6:71:85:62:0D:A8,-62,-71,21069,1476349470
60:03:08:69:46:C4,-85,-84,1518,1476349470
E6:71:85:62:0D:A8,-61,-71,21129,1476349530
60:03:08:69:46:C4,-85,-84,1578,1476349530
