Client_MAC,Rssi0,Rssi1,Connection_Time,EpocTime
60:03:08:69:46:C4,-83,-81,358,1476449983
E6:71:85:62:0D:A8,-69,-71,36002,1476449983
E6:71:85:62:00:80,-61,-66,35536,1476449983
60:03:08:69:46:C4,-83,-81,418,1476450043
E6:71:85:62:0D:A8,-69,-71,36062,1476450043
E6:71:85:62:00:80,-61,-66,35596,1476450043
60:03:08:69:46:C4,-84,-80,478,1476450103
E6:71:85:62:0D:A8,-69,-71,36122,1476450103
E6:71:85:62:00:80,-61,-66,35656,1476450103
60:03:08:69:46:C4,-84,-81,538,1476450163
E6:71:85:62:0D:A8,-69,-71,36182,1476450163
E6:71:85:62:00:80,-61,-66,35716,1476450163
60:03:08:69:46:C4,-74,-77,598,1476450223
E6:71:85:62:0D:A8,-68,-71,36242,1476450223
E6:71:85:62:00:80,-61,-67,35776,1476450223
60:03:08:69:46:C4,-77,-82,662,1476450286
E6:71:85:62:0D:A8,-68,-71,36306,1476450286
E6:71:85:62:00:80,-61,-66,35840,1476450286
60:03:08:69:46:C4,-78,-82,722,1476450346
E6:71:85:62:0D:A8,-68,-70,36366,1476450346
E6:71:85:62:00:80,-61,-66,35900,1476450346
60:03:08:69:46:C4,-78,-82,782,1476450406
E6:71:85:62:0D:A8,-68,-70,36426,1476450406
E6:71:85:62:00:80,-61,-66,35960,1476450406
60:03:08:69:46:C4,-78,-82,842,1476450466
E6:71:85:62:0D:A8,-68,-70,36486,1476450466
E6:71:85:62:00:80,-61,-66,36020,1476450466
60:03:08:69:46:C4,-78,-82,902,1476450526
E6:71:85:62:0D:A8,-68,-70,36546,1476450526
E6:71:85:62:00:80,-61,-66,36080,1476450526
60:03:08:69:46:C4,-78,-82,965,1476450589
E6:71:85:62:0D:A8,-68,-71,36609,1476450589
E6:71:85:62:00:80,-61,-66,36143,1476450589
60:03:08:69:46:C4,-78,-82,1025,1476450649
E6:71:85:62:0D:A8,-68,-71,36669,1476450649
E6:71:85:62:00:80,-61,-66,36203,1476450649
60:03:08:69:46:C4,-78,-82,1085,1476450709
E6:71:85:62:0D:A8,-68,-71,36729,1476450709
E6:71:85:62:00:80,-61,-66,36263,1476450709
60:03:08:69:46:C4,-78,-82,1145,1476450769
E6:71:85:62:0D:A8,-69,-71,36789,1476450769
E6:71:85:62:00:80,-61,-66,36323,1476450769
60:03:08:69:46:C4,-78,-82,1211,1476450835
E6:71:85:62:0D:A8,-69,-71,36855,1476450835
E6:71:85:62:00:80,-61,-66,36389,1476450835
60:03:08:69:46:C4,-78,-82,1271,1476450895
E6:71:85:62:0D:A8,-68,-70,36915,1476450895
E6:71:85:62:00:80,-61,-66,36449,1476450895
60:03:08:69:46:C4,-78,-82,1331,1476450955
E6:71:85:62:0D:A8,-68,-70,36975,1476450955
E6:71:85:62:00:80,-61,-66,36509,1476450955
60:03:08:69:46:C4,-78,-82,1391,1476451015
E6:71:85:62:0D:A8,-68,-71,37035,1476451015
E6:71:85:62:00:80,-61,-66,36569,1476451015
E6:71:85:62:0D:A8,-69,-71,37095,1476451075
E6:71:85:62:00:80,-61,-66,36629,1476451075
E6:71:85:62:0D:A8,-69,-71,37160,1476451140
E6:71:85:62:00:80,-61,-66,36694,1476451140
E6:71:85:62:0D:A8,-68,-70,37220,1476451200
E6:71:85:62:00:80,-61,-66,36754,1476451200
E6:71:85:62:0D:A8,-69,-71,37280,1476451260
E6:71:85:62:00:80,-61,-66,36814,1476451260
E6:71:85:62:0D:A8,-68,-71,37340,1476451320
E6:71:85:62:00:80,-61,-65,36874,1476451320
E6:71:85:62:0D:A8,-68,-71,37400,1476451380
E6:71:85:62:00:80,-61,-65,36934,1476451380
60:03:08:69:46:C4,-67,-77,57,1476451443
E6:71:85:62:0D:A8,-68,-70,37463,1476451443
E6:71:85:62:00:80,-60,-66,36997,1476451443
60:03:08:69:46:C4,-78,-82,117,1476451503
E6:71:85:62:0D:A8,-67,-70,37523,1476451503
E6:71:85:62:00:80,-60,-66,37057,1476451503
60:03:08:69:46:C4,-82,-84,177,1476451563
E6:71:85:62:0D:A8,-69,-71,37583,1476451563
E6:71:85:62:00:80,-61,-66,37117,1476451563
60:03:08:69:46:C4,-82,-84,237,1476451623
E6:71:85:62:0D:A8,-68,-71,37643,1476451623
E6:71:85:62:00:80,-60,-66,37177,1476451623
60:03:08:69:46:C4,-82,-84,297,1476451683
E6:71:85:62:0D:A8,-68,-71,37703,1476451683
E6:71:85:62:00:80,-60,-66,37237,1476451683
60:03:08:69:46:C4,-81,-84,383,1476451769
E6:71:85:62:0D:A8,-70,-72,37789,1476451769
E6:71:85:62:00:80,-62,-66,37323,1476451769
60:03:08:69:46:C4,-81,-84,443,1476451829
E6:71:85:62:0D:A8,-69,-71,37849,1476451829
E6:71:85:62:00:80,-63,-67,37383,1476451829
60:03:08:69:46:C4,-82,-84,503,1476451889
E6:71:85:62:0D:A8,-68,-71,37909,1476451889
E6:71:85:62:00:80,-61,-66,37443,1476451889
60:03:08:69:46:C4,-82,-84,563,1476451949
E6:71:85:62:0D:A8,-69,-71,37969,1476451949
E6:71:85:62:00:80,-61,-66,37503,1476451949
60:03:08:69:46:C4,-82,-84,623,1476452009
E6:71:85:62:0D:A8,-68,-71,38029,1476452009
E6:71:85:62:00:80,-61,-66,37563,1476452009
60:03:08:69:46:C4,-82,-84,686,1476452072
E6:71:85:62:0D:A8,-68,-70,38092,1476452072
E6:71:85:62:00:80,-60,-66,37626,1476452072
60:03:08:69:46:C4,-81,-84,746,1476452132
E6:71:85:62:0D:A8,-69,-71,38152,1476452132
E6:71:85:62:00:80,-61,-66,37686,1476452132
60:03:08:69:46:C4,-81,-84,806,1476452192
E6:71:85:62:0D:A8,-68,-70,38212,1476452192
E6:71:85:62:00:80,-61,-66,37746,1476452192
60:03:08:69:46:C4,-82,-83,866,1476452252
E6:71:85:62:0D:A8,-68,-71,38272,1476452252
E6:71:85:62:00:80,-61,-65,37806,1476452252
60:03:08:69:46:C4,-81,-84,926,1476452312
E6:71:85:62:0D:A8,-68,-70,38332,1476452312
E6:71:85:62:00:80,-61,-66,37866,1476452312
60:03:08:69:46:C4,-81,-84,989,1476452375
E6:71:85:62:0D:A8,-67,-70,38395,1476452375
E6:71:85:62:00:80,-61,-65,37929,1476452375
60:03:08:69:46:C4,-82,-84,1049,1476452435
E6:71:85:62:0D:A8,-67,-70,38455,1476452435
E6:71:85:62:00:80,-61,-66,37989,1476452435
60:03:08:69:46:C4,-82,-84,1109,1476452495
E6:71:85:62:0D:A8,-67,-70,38515,1476452495
E6:71:85:62:00:80,-60,-65,38049,1476452495
60:03:08:69:46:C4,-82,-84,1169,1476452555
E6:71:85:62:0D:A8,-67,-70,38575,1476452555
E6:71:85:62:00:80,-61,-65,38109,1476452555
60:03:08:69:46:C4,-82,-84,1229,1476452615
E6:71:85:62:0D:A8,-68,-71,38635,1476452615
E6:71:85:62:00:80,-60,-65,38169,1476452615
60:03:08:69:46:C4,-82,-84,1289,1476452675
E6:71:85:62:0D:A8,-68,-71,38695,1476452675
E6:71:85:62:00:80,-61,-66,38229,1476452675
60:03:08:69:46:C4,-82,-83,1349,1476452735
E6:71:85:62:0D:A8,-68,-70,38755,1476452735
E6:71:85:62:00:80,-60,-66,38289,1476452735
60:03:08:69:46:C4,-78,-81,1409,1476452795
E6:71:85:62:0D:A8,-69,-71,38815,1476452795
E6:71:85:62:00:80,-61,-66,38349,1476452795
60:03:08:69:46:C4,-79,-82,1469,1476452855
E6:71:85:62:0D:A8,-68,-71,38875,1476452855
E6:71:85:62:00:80,-61,-66,38409,1476452855
60:03:08:69:46:C4,-79,-83,1532,1476452918
E6:71:85:62:0D:A8,-68,-71,38938,1476452918
E6:71:85:62:00:80,-61,-66,38472,1476452918
60:03:08:69:46:C4,-80,-82,1592,1476452978
E6:71:85:62:0D:A8,-68,-71,38998,1476452978
E6:71:85:62:00:80,-61,-66,38532,1476452978
60:03:08:69:46:C4,-80,-82,1652,1476453038
E6:71:85:62:0D:A8,-69,-71,39058,1476453038
E6:71:85:62:00:80,-61,-66,38592,1476453038
60:03:08:69:46:C4,-80,-82,1712,1476453098
E6:71:85:62:0D:A8,-69,-71,39118,1476453098
E6:71:85:62:00:80,-61,-66,38652,1476453098
60:03:08:69:46:C4,-80,-82,1772,1476453158
E6:71:85:62:0D:A8,-68,-70,39178,1476453158
E6:71:85:62:00:80,-61,-65,38712,1476453158
60:03:08:69:46:C4,-79,-82,1835,1476453221
E6:71:85:62:0D:A8,-68,-71,39241,1476453221
E6:71:85:62:00:80,-61,-66,38775,1476453221
60:03:08:69:46:C4,-80,-82,1895,1476453281
E6:71:85:62:0D:A8,-68,-71,39301,1476453281
E6:71:85:62:00:80,-62,-66,38835,1476453281
60:03:08:69:46:C4,-80,-83,1955,1476453341
E6:71:85:62:0D:A8,-68,-71,39361,1476453341
E6:71:85:62:00:80,-61,-66,38895,1476453341
60:03:08:69:46:C4,-80,-83,2015,1476453401
E6:71:85:62:0D:A8,-69,-71,39421,1476453401
E6:71:85:62:00:80,-61,-66,38955,1476453401
60:03:08:69:46:C4,-80,-83,2075,1476453461
E6:71:85:62:0D:A8,-68,-71,39481,1476453461
E6:71:85:62:00:80,-61,-66,39015,1476453461
60:03:08:69:46:C4,-80,-83,2138,1476453524
E6:71:85:62:0D:A8,-69,-72,39544,1476453524
E6:71:85:62:00:80,-61,-66,39078,1476453524
60:03:08:69:46:C4,-80,-83,2198,1476453584
E6:71:85:62:0D:A8,-69,-72,39604,1476453584
E6:71:85:62:00:80,-61,-66,39138,1476453584
60:03:08:69:46:C4,-81,-84,2258,1476453644
E6:71:85:62:0D:A8,-68,-72,39664,1476453644
E6:71:85:62:00:80,-61,-66,39198,1476453644
60:03:08:69:46:C4,-81,-84,2318,1476453704
E6:71:85:62:0D:A8,-68,-71,39724,1476453704
E6:71:85:62:00:80,-61,-65,39258,1476453704
60:03:08:69:46:C4,-81,-84,2378,1476453764
E6:71:85:62:0D:A8,-68,-72,39784,1476453764
E6:71:85:62:00:80,-61,-65,39318,1476453764
60:03:08:69:46:C4,-81,-84,2464,1476453851
E6:71:85:62:0D:A8,-68,-71,39870,1476453851
E6:71:85:62:00:80,-61,-66,39404,1476453851
60:03:08:69:46:C4,-81,-85,2524,1476453911
E6:71:85:62:0D:A8,-69,-72,39930,1476453911
E6:71:85:62:00:80,-61,-66,39464,1476453911
60:03:08:69:46:C4,-81,-85,2584,1476453971
E6:71:85:62:0D:A8,-69,-73,39990,1476453971
E6:71:85:62:00:80,-61,-66,39524,1476453971
60:03:08:69:46:C4,-81,-85,2644,1476454031
E6:71:85:62:0D:A8,-69,-72,40050,1476454031
E6:71:85:62:00:80,-61,-66,39584,1476454031
60:03:08:69:46:C4,-81,-85,2704,1476454091
E6:71:85:62:0D:A8,-68,-71,40110,1476454091
E6:71:85:62:00:80,-61,-66,39644,1476454091
60:03:08:69:46:C4,-81,-85,2767,1476454154
E6:71:85:62:0D:A8,-69,-72,40173,1476454154
E6:71:85:62:00:80,-61,-66,39707,1476454154
E6:71:85:62:0D:A8,-66,-71,40233,1476454214
E6:71:85:62:00:80,-61,-65,39767,1476454214
E6:71:85:62:0D:A8,-69,-72,40293,1476454274
E6:71:85:62:00:80,-61,-66,39827,1476454274
E6:71:85:62:0D:A8,-72,-76,40353,1476454334
E6:71:85:62:00:80,-61,-66,39887,1476454334
E6:71:85:62:0D:A8,-73,-76,40413,1476454394
E6:71:85:62:00:80,-61,-66,39947,1476454394
E6:71:85:62:0D:A8,-71,-74,40473,1476454454
E6:71:85:62:00:80,-61,-66,40007,1476454454
E6:71:85:62:0D:A8,-69,-72,40533,1476454514
E6:71:85:62:00:80,-61,-66,40067,1476454514
E6:71:85:62:0D:A8,-71,-75,40593,1476454574
E6:71:85:62:00:80,-61,-66,40127,1476454574
E6:71:85:62:0D:A8,-71,-74,40654,1476454634
E6:71:85:62:00:80,-61,-66,40188,1476454634
E6:71:85:62:0D:A8,-72,-75,40717,1476454697
E6:71:85:62:00:80,-61,-66,40251,1476454697
E6:71:85:62:0D:A8,-71,-74,40777,1476454757
E6:71:85:62:00:80,-62,-66,40311,1476454757
E6:71:85:62:0D:A8,-69,-73,40837,1476454817
E6:71:85:62:00:80,-61,-66,40371,1476454817
E6:71:85:62:0D:A8,-70,-73,40897,1476454877
E6:71:85:62:00:80,-61,-66,40431,1476454877
E6:71:85:62:0D:A8,-70,-74,40957,1476454937
E6:71:85:62:00:80,-61,-66,40491,1476454937
E6:71:85:62:0D:A8,-70,-74,41020,1476455000
E6:71:85:62:00:80,-61,-65,40554,1476455000
E6:71:85:62:0D:A8,-70,-73,41080,1476455060
E6:71:85:62:00:80,-61,-66,40614,1476455060
E6:71:85:62:0D:A8,-70,-73,41140,1476455120
E6:71:85:62:00:80,-61,-66,40674,1476455120
E6:71:85:62:0D:A8,-70,-73,41200,1476455180
E6:71:85:62:00:80,-61,-65,40734,1476455180
E6:71:85:62:0D:A8,-70,-73,41260,1476455240
E6:71:85:62:00:80,-61,-66,40794,1476455240
