Client_MAC,Rssi0,Rssi1,Connection_Time,EpocTime
E6:71:85:62:0D:A8,-67,-76,2119,1476515831
60:03:08:69:46:C4,-68,-76,13196,1476515831
E6:71:85:62:0D:A8,-67,-75,2179,1476515891
60:03:08:69:46:C4,-68,-75,13256,1476515891
E6:71:85:62:0D:A8,-68,-75,2239,1476515951
60:03:08:69:46:C4,-68,-75,13316,1476515951
E6:71:85:62:0D:A8,-68,-76,2299,1476516011
60:03:08:69:46:C4,-67,-74,13376,1476516011
E6:71:85:62:0D:A8,-67,-75,2359,1476516071
60:03:08:69:46:C4,-67,-74,13436,1476516071
E6:71:85:62:0D:A8,-67,-75,2419,1476516131
60:03:08:69:46:C4,-67,-74,13496,1476516131
E6:71:85:62:0D:A8,-66,-75,2479,1476516191
60:03:08:69:46:C4,-67,-73,13556,1476516191
E6:71:85:62:0D:A8,-68,-76,2539,1476516251
60:03:08:69:46:C4,-67,-73,13616,1476516251
E6:71:85:62:0D:A8,-67,-75,2599,1476516311
60:03:08:69:46:C4,-67,-73,13676,1476516311
E6:71:85:62:0D:A8,-67,-75,2659,1476516371
60:03:08:69:46:C4,-67,-73,13736,1476516371
E6:71:85:62:0D:A8,-67,-75,2719,1476516431
60:03:08:69:46:C4,-67,-73,13796,1476516431
E6:71:85:62:0D:A8,-67,-75,2779,1476516491
60:03:08:69:46:C4,-67,-73,13856,1476516491
E6:71:85:62:0D:A8,-67,-75,2839,1476516551
60:03:08:69:46:C4,-67,-73,13916,1476516551
E6:71:85:62:0D:A8,-67,-75,2899,1476516611
60:03:08:69:46:C4,-67,-73,13976,1476516611
E6:71:85:62:0D:A8,-67,-75,2959,1476516671
60:03:08:69:46:C4,-68,-74,14036,1476516671
E6:71:85:62:0D:A8,-67,-75,3019,1476516731
60:03:08:69:46:C4,-67,-73,14096,1476516731
E6:71:85:62:0D:A8,-68,-76,3079,1476516791
60:03:08:69:46:C4,-67,-73,14156,1476516791
E6:71:85:62:0D:A8,-67,-75,3139,1476516851
60:03:08:69:46:C4,-67,-73,14216,1476516851
E6:71:85:62:0D:A8,-67,-75,3199,1476516911
60:03:08:69:46:C4,-67,-73,14276,1476516911
E6:71:85:62:0D:A8,-68,-73,3260,1476516971
60:03:08:69:46:C4,-66,-73,14337,1476516971
E6:71:85:62:0D:A8,-68,-74,3320,1476517031
60:03:08:69:46:C4,-65,-75,14397,1476517031
E6:71:85:62:0D:A8,-65,-73,3380,1476517091
60:03:08:69:46:C4,-65,-74,14457,1476517091
E6:71:85:62:0D:A8,-67,-76,3440,1476517151
60:03:08:69:46:C4,-65,-75,14517,1476517151
E6:71:85:62:0D:A8,-64,-73,3500,1476517211
60:03:08:69:46:C4,-65,-75,14577,1476517211
E6:71:85:62:0D:A8,-65,-73,3560,1476517271
60:03:08:69:46:C4,-65,-74,14637,1476517271
E6:71:85:62:0D:A8,-65,-73,3620,1476517331
60:03:08:69:46:C4,-65,-74,14697,1476517331
E6:71:85:62:0D:A8,-65,-73,3680,1476517391
60:03:08:69:46:C4,-64,-74,14757,1476517391
E6:71:85:62:0D:A8,-65,-73,3740,1476517451
60:03:08:69:46:C4,-64,-74,14817,1476517451
E6:71:85:62:0D:A8,-65,-73,3800,1476517511
60:03:08:69:46:C4,-64,-73,14877,1476517511
E6:71:85:62:0D:A8,-65,-73,3860,1476517572
60:03:08:69:46:C4,-64,-73,14937,1476517572
60:03:08:69:46:C4,-64,-73,14997,1476517632
60:03:08:69:46:C4,-64,-73,15057,1476517692
60:03:08:69:46:C4,-65,-74,15117,1476517752
60:03:08:69:46:C4,-65,-74,15177,1476517812
60:03:08:69:46:C4,-64,-74,15237,1476517872
60:03:08:69:46:C4,-64,-74,15297,1476517932
60:03:08:69:46:C4,-64,-74,15357,1476517992
E6:71:85:62:0D:A8,-64,-72,20,1476518052
60:03:08:69:46:C4,-65,-74,15417,1476518052
E6:71:85:62:0D:A8,-67,-74,60,1476518112
60:03:08:69:46:C4,-65,-72,15477,1476518112
E6:71:85:62:0D:A8,-64,-71,120,1476518172
60:03:08:69:46:C4,-65,-73,15537,1476518172
E6:71:85:62:0D:A8,-67,-74,180,1476518232
60:03:08:69:46:C4,-65,-72,15597,1476518232
E6:71:85:62:0D:A8,-64,-71,240,1476518292
60:03:08:69:46:C4,-65,-72,15657,1476518292
E6:71:85:62:0D:A8,-68,-75,300,1476518352
60:03:08:69:46:C4,-65,-72,15717,1476518352
E6:71:85:62:0D:A8,-64,-71,360,1476518412
60:03:08:69:46:C4,-65,-72,15777,1476518412
E6:71:85:62:0D:A8,-67,-74,420,1476518472
60:03:08:69:46:C4,-65,-72,15837,1476518472
E6:71:85:62:0D:A8,-68,-75,480,1476518532
60:03:08:69:46:C4,-65,-72,15897,1476518532
E6:71:85:62:0D:A8,-64,-71,540,1476518592
60:03:08:69:46:C4,-65,-72,15957,1476518592
E6:71:85:62:0D:A8,-65,-70,600,1476518652
60:03:08:69:46:C4,-90,-87,16017,1476518652
E6:71:85:62:0D:A8,-65,-72,660,1476518712
60:03:08:69:46:C4,-90,-87,16077,1476518712
E6:71:85:62:0D:A8,-64,-73,720,1476518772
60:03:08:69:46:C4,-90,-87,16137,1476518772
E6:71:85:62:0D:A8,-65,-73,780,1476518832
60:03:08:69:46:C4,-90,-87,16197,1476518832
E6:71:85:62:0D:A8,-65,-73,840,1476518892
60:03:08:69:46:C4,-90,-87,16257,1476518892
E6:71:85:62:0D:A8,-67,-75,900,1476518952
E6:71:85:62:0D:A8,-66,-72,960,1476519012
E6:71:85:62:0D:A8,-66,-72,1020,1476519072
E6:71:85:62:0D:A8,-66,-71,1080,1476519132
E6:71:85:62:0D:A8,-66,-71,1140,1476519192
E6:71:85:62:0D:A8,-65,-72,1200,1476519252
E6:71:85:62:0D:A8,-66,-73,1260,1476519312
E6:71:85:62:0D:A8,-69,-76,1320,1476519372
E6:71:85:62:0D:A8,-68,-75,1380,1476519432
E6:71:85:62:0D:A8,-66,-73,1440,1476519492
E6:71:85:62:0D:A8,-65,-72,1500,1476519552
E6:71:85:62:0D:A8,-65,-72,1560,1476519612
E6:71:85:62:0D:A8,-65,-72,1620,1476519672
E6:71:85:62:0D:A8,-68,-74,1680,1476519732
E6:71:85:62:0D:A8,-65,-72,1740,1476519792
E6:71:85:62:0D:A8,-65,-72,1800,1476519852
E6:71:85:62:0D:A8,-73,-73,1860,1476519912
E6:71:85:62:0D:A8,-69,-73,1920,1476519972
E6:71:85:62:0D:A8,-67,-71,1980,1476520032
E6:71:85:62:0D:A8,-71,-75,2040,1476520092
E6:71:85:62:0D:A8,-72,-76,2100,1476520152
E6:71:85:62:0D:A8,-70,-76,2160,1476520212
E6:71:85:62:0D:A8,-72,-68,2220,1476520272
E6:71:85:62:0D:A8,-70,-67,2280,1476520332
E6:71:85:62:0D:A8,-74,-73,2340,1476520392
E6:71:85:62:0D:A8,-71,-71,2400,1476520452
E6:71:85:62:0D:A8,-72,-68,2460,1476520512
E6:71:85:62:0D:A8,-74,-72,2520,1476520572
E6:71:85:62:0D:A8,-73,-72,2580,1476520632
E6:71:85:62:0D:A8,-70,-71,2640,1476520692
E6:71:85:62:0D:A8,-74,-72,2703,1476520755
30:75:12:BF:95:3C,-58,-56,50,1476520755
E6:71:85:62:0D:A8,-76,-72,2763,1476520815
30:75:12:BF:95:3C,-58,-55,110,1476520815
E6:71:85:62:0D:A8,-73,-73,2823,1476520875
30:75:12:BF:95:3C,-62,-67,170,1476520875
E6:71:85:62:0D:A8,-70,-67,2883,1476520935
30:75:12:BF:95:3C,-69,-74,230,1476520935
E6:71:85:62:0D:A8,-70,-68,2943,1476520995
30:75:12:BF:95:3C,-74,-72,290,1476520995
E6:71:85:62:0D:A8,-74,-69,3006,1476521058
30:75:12:BF:95:3C,-89,-87,353,1476521058
E6:71:85:62:0D:A8,-74,-76,3066,1476521118
30:75:12:BF:95:3C,-89,-87,413,1476521118
E6:71:85:62:0D:A8,-75,-70,3126,1476521178
30:75:12:BF:95:3C,-89,-87,473,1476521178
E6:71:85:62:0D:A8,-73,-74,3186,1476521238
30:75:12:BF:95:3C,-89,-87,533,1476521238
E6:71:85:62:0D:A8,-75,-70,3246,1476521298
30:75:12:BF:95:3C,-89,-87,593,1476521298
E6:71:85:62:0D:A8,-74,-72,3309,1476521361
E6:71:85:62:0D:A8,-73,-72,3369,1476521421
E6:71:85:62:0D:A8,-72,-73,3429,1476521481
E6:71:85:62:0D:A8,-70,-70,3489,1476521541
E6:71:85:62:0D:A8,-69,-69,3549,1476521601
E6:71:85:62:0D:A8,-72,-70,3612,1476521664
E6:71:85:62:0D:A8,-69,-68,3672,1476521724
E6:71:85:62:0D:A8,-69,-68,3732,1476521784
E6:71:85:62:0D:A8,-69,-68,3792,1476521844
E6:71:85:62:0D:A8,-69,-70,3852,1476521904
E6:71:85:62:0D:A8,-69,-70,3912,1476521964
E6:71:85:62:0D:A8,-70,-70,3972,1476522024
E6:71:85:62:0D:A8,-69,-69,4032,1476522084
E6:71:85:62:0D:A8,-69,-67,4092,1476522144
E6:71:85:62:0D:A8,-69,-68,4155,1476522207
E6:71:85:62:0D:A8,-71,-71,4215,1476522267
E6:71:85:62:0D:A8,-69,-70,4275,1476522327
E6:71:85:62:0D:A8,-68,-68,4335,1476522387
E6:71:85:62:0D:A8,-70,-68,4395,1476522447
E6:71:85:62:0D:A8,-70,-68,4459,1476522510
E6:71:85:62:0D:A8,-70,-67,4519,1476522570
E6:71:85:62:0D:A8,-72,-70,4579,1476522630
E6:71:85:62:0D:A8,-74,-72,4639,1476522690
E6:71:85:62:0D:A8,-73,-71,4699,1476522750
E6:71:85:62:0D:A8,-74,-72,4762,1476522813
E6:71:85:62:0D:A8,-71,-72,4822,1476522873
E6:71:85:62:0D:A8,-69,-69,4882,1476522933
E6:71:85:62:0D:A8,-73,-70,4942,1476522993
E6:71:85:62:0D:A8,-69,-68,5002,1476523053
E6:71:85:62:0D:A8,-70,-67,5086,1476523138
E6:71:85:62:0D:A8,-74,-72,5146,1476523198
E6:71:85:62:0D:A8,-69,-68,5206,1476523258
E6:71:85:62:0D:A8,-70,-69,5266,1476523318
E6:71:85:62:0D:A8,-69,-69,5326,1476523378
E6:71:85:62:0D:A8,-69,-69,5390,1476523441
E6:71:85:62:0D:A8,-71,-70,5450,1476523501
E6:71:85:62:0D:A8,-68,-66,5510,1476523561
E6:71:85:62:0D:A8,-69,-66,5570,1476523621
E6:71:85:62:0D:A8,-67,-66,5630,1476523681
E6:71:85:62:0D:A8,-67,-65,5690,1476523741
E6:71:85:62:0D:A8,-68,-67,5750,1476523801
E6:71:85:62:0D:A8,-68,-67,5810,1476523861
E6:71:85:62:0D:A8,-68,-66,5870,1476523921
E6:71:85:62:0D:A8,-71,-68,5933,1476523985
E6:71:85:62:0D:A8,-70,-68,5993,1476524045
E6:71:85:62:0D:A8,-66,-64,6053,1476524105
E6:71:85:62:0D:A8,-70,-68,6113,1476524165
E6:71:85:62:0D:A8,-72,-69,6173,1476524225
E6:71:85:62:0D:A8,-67,-66,6259,1476524311
E6:71:85:62:0D:A8,-69,-67,6319,1476524371
E6:71:85:62:0D:A8,-69,-66,6379,1476524431
E6:71:85:62:0D:A8,-68,-66,6439,1476524491
E6:71:85:62:0D:A8,-73,-69,6499,1476524551
E6:71:85:62:0D:A8,-71,-68,6562,1476524614
E6:71:85:62:0D:A8,-68,-66,6622,1476524674
E6:71:85:62:0D:A8,-71,-67,6682,1476524734
E6:71:85:62:0D:A8,-69,-66,6742,1476524794
E6:71:85:62:0D:A8,-67,-65,6802,1476524854
E6:71:85:62:0D:A8,-69,-66,6865,1476524917
E6:71:85:62:0D:A8,-71,-66,6925,1476524977
E6:71:85:62:0D:A8,-68,-66,6985,1476525037
E6:71:85:62:0D:A8,-70,-69,7045,1476525097
E6:71:85:62:0D:A8,-69,-65,7105,1476525157
E6:71:85:62:0D:A8,-71,-67,7168,1476525220
E6:71:85:62:0D:A8,-73,-69,7228,1476525280
E6:71:85:62:0D:A8,-69,-66,7288,1476525340
E6:71:85:62:0D:A8,-69,-67,7348,1476525400
E6:71:85:62:0D:A8,-69,-66,7408,1476525460
E6:71:85:62:0D:A8,-68,-65,7468,1476525520
E6:71:85:62:0D:A8,-69,-66,7528,1476525580
E6:71:85:62:0D:A8,-69,-67,7588,1476525640
E6:71:85:62:0D:A8,-69,-66,7648,1476525700
E6:71:85:62:0D:A8,-70,-68,7711,1476525763
E6:71:85:62:0D:A8,-69,-66,7771,1476525823
E6:71:85:62:0D:A8,-70,-69,7831,1476525883
E6:71:85:62:0D:A8,-69,-66,7891,1476525943
E6:71:85:62:0D:A8,-68,-66,7951,1476526003
E6:71:85:62:0D:A8,-73,-69,8014,1476526066
E6:71:85:62:0D:A8,-69,-67,8074,1476526126
E6:71:85:62:0D:A8,-69,-67,8134,1476526186
E6:71:85:62:0D:A8,-71,-67,8194,1476526246
E6:71:85:62:0D:A8,-71,-69,8254,1476526306
E6:71:85:62:0D:A8,-70,-66,8317,1476526369
E6:71:85:62:0D:A8,-70,-69,8377,1476526429
E6:71:85:62:0D:A8,-69,-68,8437,1476526489
E6:71:85:62:0D:A8,-67,-65,8497,1476526549
E6:71:85:62:0D:A8,-68,-66,8557,1476526609
E6:71:85:62:0D:A8,-68,-66,8620,1476526672
E6:71:85:62:0D:A8,-69,-67,8680,1476526732
E6:71:85:62:0D:A8,-67,-66,8740,1476526792
E6:71:85:62:0D:A8,-66,-66,8800,1476526852
E6:71:85:62:0D:A8,-71,-69,8860,1476526912
