Client_MAC,Rssi0,Rssi1,Connection_Time,EpocTime
E6:71:85:62:0D:A8,-64,-69,20049,1476402454
E6:71:85:62:0D:A8,-64,-68,20109,1476402514
E6:71:85:62:0D:A8,-63,-69,20169,1476402574
E6:71:85:62:0D:A8,-63,-68,20229,1476402634
E6:71:85:62:0D:A8,-65,-70,20289,1476402694
E6:71:85:62:0D:A8,-64,-69,20352,1476402757
E6:71:85:62:0D:A8,-63,-68,20412,1476402817
E6:71:85:62:0D:A8,-63,-68,20472,1476402877
E6:71:85:62:0D:A8,-63,-68,20532,1476402937
E6:71:85:62:0D:A8,-63,-68,20592,1476402997
E6:71:85:62:0D:A8,-64,-69,20655,1476403060
E6:71:85:62:0D:A8,-63,-68,20715,1476403120
E6:71:85:62:0D:A8,-63,-68,20775,1476403180
E6:71:85:62:0D:A8,-63,-68,20835,1476403240
E6:71:85:62:0D:A8,-63,-68,20895,1476403300
E6:71:85:62:0D:A8,-63,-68,20958,1476403363
E6:71:85:62:0D:A8,-63,-68,21018,1476403423
E6:71:85:62:0D:A8,-63,-69,21078,1476403483
E6:71:85:62:0D:A8,-63,-68,21138,1476403543
E6:71:85:62:0D:A8,-63,-68,21198,1476403603
E6:71:85:62:0D:A8,-63,-69,21284,1476403689
E6:71:85:62:0D:A8,-63,-69,21344,1476403749
E6:71:85:62:0D:A8,-63,-68,21404,1476403809
E6:71:85:62:0D:A8,-63,-68,21464,1476403869
E6:71:85:62:0D:A8,-63,-68,21524,1476403930
E6:71:85:62:0D:A8,-63,-68,21584,1476403990
E6:71:85:62:0D:A8,-63,-68,21644,1476404050
E6:71:85:62:0D:A8,-63,-68,21704,1476404110
E6:71:85:62:0D:A8,-63,-68,21764,1476404170
E6:71:85:62:0D:A8,-63,-68,21827,1476404233
E6:71:85:62:0D:A8,-63,-68,21887,1476404293
E6:71:85:62:0D:A8,-63,-68,21947,1476404353
E6:71:85:62:0D:A8,-63,-68,22007,1476404413
E6:71:85:62:0D:A8,-63,-68,22067,1476404473
E6:71:85:62:0D:A8,-63,-67,22130,1476404536
E6:71:85:62:0D:A8,-63,-67,22190,1476404596
E6:71:85:62:0D:A8,-63,-68,22250,1476404656
E6:71:85:62:0D:A8,-62,-67,22310,1476404716
E6:71:85:62:0D:A8,-65,-70,22370,1476404776
E6:71:85:62:0D:A8,-64,-69,22433,1476404839
E6:71:85:62:0D:A8,-63,-68,22493,1476404899
E6:71:85:62:0D:A8,-64,-69,22553,1476404959
E6:71:85:62:0D:A8,-64,-68,22613,1476405019
E6:71:85:62:0D:A8,-63,-68,22673,1476405079
E6:71:85:62:0D:A8,-63,-68,22736,1476405142
E6:71:85:62:0D:A8,-63,-68,22796,1476405202
E6:71:85:62:0D:A8,-63,-68,22856,1476405262
E6:71:85:62:0D:A8,-63,-68,22916,1476405322
E6:71:85:62:0D:A8,-63,-68,22976,1476405382
E6:71:85:62:0D:A8,-63,-68,23061,1476405467
E6:71:85:62:0D:A8,-63,-68,23121,1476405527
E6:71:85:62:0D:A8,-63,-68,23181,1476405587
E6:71:85:62:0D:A8,-63,-68,23241,1476405647
E6:71:85:62:0D:A8,-63,-68,23301,1476405707
E6:71:85:62:0D:A8,-63,-68,23361,1476405767
E6:71:85:62:0D:A8,-63,-68,23421,1476405827
E6:71:85:62:0D:A8,-63,-68,23481,1476405887
E6:71:85:62:0D:A8,-63,-67,23541,1476405947
E6:71:85:62:0D:A8,-63,-68,23604,1476406010
E6:71:85:62:0D:A8,-64,-69,23664,1476406070
E6:71:85:62:0D:A8,-64,-68,23724,1476406130
E6:71:85:62:0D:A8,-64,-68,23784,1476406190
E6:71:85:62:0D:A8,-62,-67,23844,1476406250
E6:71:85:62:0D:A8,-64,-68,23907,1476406313
E6:71:85:62:0D:A8,-63,-68,23967,1476406373
E6:71:85:62:0D:A8,-63,-68,24027,1476406433
E6:71:85:62:0D:A8,-63,-68,24087,1476406493
E6:71:85:62:0D:A8,-64,-69,24147,1476406553
E6:71:85:62:0D:A8,-63,-68,24210,1476406616
E6:71:85:62:0D:A8,-63,-68,24270,1476406676
E6:71:85:62:0D:A8,-63,-68,24331,1476406736
E6:71:85:62:0D:A8,-63,-67,24391,1476406796
E6:71:85:62:0D:A8,-63,-68,24451,1476406856
E6:71:85:62:0D:A8,-63,-68,24514,1476406919
E6:71:85:62:0D:A8,-63,-68,24574,1476406979
E6:71:85:62:0D:A8,-63,-68,24634,1476407039
E6:71:85:62:0D:A8,-63,-68,24694,1476407099
E6:71:85:62:0D:A8,-63,-68,24754,1476407159
E6:71:85:62:0D:A8,-63,-68,24817,1476407222
30:75:12:BF:95:3C,-78,-78,37,1476407282
E6:71:85:62:0D:A8,-63,-67,24877,1476407282
30:75:12:BF:95:3C,-75,-84,97,1476407342
E6:71:85:62:0D:A8,-63,-68,24937,1476407342
30:75:12:BF:95:3C,-76,-84,157,1476407402
E6:71:85:62:0D:A8,-63,-68,24997,1476407402
30:75:12:BF:95:3C,-81,-80,217,1476407462
E6:71:85:62:0D:A8,-63,-68,25057,1476407462
30:75:12:BF:95:3C,-81,-83,277,1476407522
E6:71:85:62:0D:A8,-63,-68,25117,1476407522
30:75:12:BF:95:3C,-73,-82,337,1476407582
E6:71:85:62:0D:A8,-63,-68,25177,1476407582
30:75:12:BF:95:3C,-77,-84,397,1476407642
E6:71:85:62:0D:A8,-63,-68,25237,1476407642
30:75:12:BF:95:3C,-82,-80,457,1476407702
E6:71:85:62:0D:A8,-63,-68,25297,1476407702
30:75:12:BF:95:3C,-85,-85,520,1476407765
E6:71:85:62:0D:A8,-64,-69,25360,1476407765
30:75:12:BF:95:3C,-84,-83,580,1476407825
E6:71:85:62:0D:A8,-63,-68,25420,1476407825
30:75:12:BF:95:3C,-66,-69,640,1476407885
E6:71:85:62:0D:A8,-70,-71,25480,1476407885
30:75:12:BF:95:3C,-77,-81,19,1476407945
E6:71:85:62:0D:A8,-63,-67,25540,1476407945
30:75:12:BF:95:3C,-79,-80,79,1476408005
E6:71:85:62:0D:A8,-63,-68,25600,1476408005
30:75:12:BF:95:3C,-81,-80,142,1476408068
E6:71:85:62:0D:A8,-63,-67,25663,1476408068
30:75:12:BF:95:3C,-81,-78,202,1476408128
E6:71:85:62:0D:A8,-62,-67,25723,1476408128
30:75:12:BF:95:3C,-81,-80,262,1476408188
E6:71:85:62:0D:A8,-63,-68,25783,1476408188
30:75:12:BF:95:3C,-87,-84,322,1476408248
E6:71:85:62:0D:A8,-63,-68,25843,1476408248
30:75:12:BF:95:3C,-85,-83,382,1476408308
E6:71:85:62:0D:A8,-63,-67,25903,1476408308
30:75:12:BF:95:3C,-80,-82,468,1476408394
E6:71:85:62:0D:A8,-63,-68,25989,1476408394
30:75:12:BF:95:3C,-80,-81,528,1476408454
E6:71:85:62:0D:A8,-63,-68,26049,1476408454
30:75:12:BF:95:3C,-79,-79,588,1476408514
E6:71:85:62:0D:A8,-63,-68,26109,1476408514
30:75:12:BF:95:3C,-79,-81,648,1476408574
E6:71:85:62:0D:A8,-63,-68,26169,1476408574
30:75:12:BF:95:3C,-81,-81,708,1476408634
E6:71:85:62:0D:A8,-66,-72,26229,1476408634
30:75:12:BF:95:3C,-75,-78,771,1476408697
E6:71:85:62:0D:A8,-64,-69,26292,1476408697
30:75:12:BF:95:3C,-77,-80,831,1476408757
E6:71:85:62:0D:A8,-64,-69,26352,1476408757
30:75:12:BF:95:3C,-79,-82,891,1476408817
E6:71:85:62:0D:A8,-66,-71,26412,1476408817
30:75:12:BF:95:3C,-78,-83,951,1476408877
E6:71:85:62:0D:A8,-68,-75,26472,1476408877
30:75:12:BF:95:3C,-78,-80,1011,1476408937
E6:71:85:62:0D:A8,-65,-69,26532,1476408937
30:75:12:BF:95:3C,-75,-73,1074,1476409000
E6:71:85:62:0D:A8,-63,-68,26595,1476409000
30:75:12:BF:95:3C,-74,-72,1134,1476409060
E6:71:85:62:0D:A8,-63,-68,26655,1476409060
30:75:12:BF:95:3C,-76,-73,1194,1476409120
E6:71:85:62:0D:A8,-63,-67,26715,1476409120
30:75:12:BF:95:3C,-73,-76,1254,1476409180
E6:71:85:62:0D:A8,-63,-67,26775,1476409180
30:75:12:BF:95:3C,-75,-74,1314,1476409240
E6:71:85:62:0D:A8,-63,-67,26835,1476409240
30:75:12:BF:95:3C,-74,-77,1374,1476409300
E6:71:85:62:0D:A8,-63,-67,26895,1476409300
30:75:12:BF:95:3C,-75,-80,1434,1476409360
E6:71:85:62:0D:A8,-63,-67,26955,1476409360
30:75:12:BF:95:3C,-78,-73,1494,1476409420
E6:71:85:62:0D:A8,-63,-68,27015,1476409420
30:75:12:BF:95:3C,-60,-62,1554,1476409480
E6:71:85:62:0D:A8,-65,-69,27075,1476409480
E6:71:85:62:0D:A8,-69,-71,27138,1476409543
E6:71:85:62:0D:A8,-65,-69,27198,1476409603
E6:71:85:62:0D:A8,-68,-72,27258,1476409664
E6:71:85:62:0D:A8,-67,-70,27318,1476409724
E6:71:85:62:0D:A8,-68,-71,27378,1476409784
E6:71:85:62:0D:A8,-65,-69,27441,1476409847
E6:71:85:62:0D:A8,-64,-70,27501,1476409907
E6:71:85:62:0D:A8,-65,-68,27561,1476409967
E6:71:85:62:0D:A8,-65,-68,27621,1476410027
E6:71:85:62:0D:A8,-65,-68,27681,1476410087
E6:71:85:62:0D:A8,-65,-68,27744,1476410150
E6:71:85:62:0D:A8,-66,-69,27804,1476410210
E6:71:85:62:0D:A8,-66,-69,27864,1476410270
E6:71:85:62:0D:A8,-67,-69,27924,1476410330
E6:71:85:62:0D:A8,-74,-75,27984,1476410390
E6:71:85:62:0D:A8,-71,-72,28070,1476410475
E6:71:85:62:0D:A8,-69,-71,28130,1476410535
E6:71:85:62:0D:A8,-76,-76,28190,1476410595
E6:71:85:62:0D:A8,-72,-75,28250,1476410655
E6:71:85:62:0D:A8,-72,-75,28310,1476410715
E6:71:85:62:0D:A8,-73,-76,28373,1476410778
E6:71:85:62:0D:A8,-73,-75,28433,1476410838
E6:71:85:62:0D:A8,-74,-75,28493,1476410898
E6:71:85:62:0D:A8,-72,-74,28553,1476410958
E6:71:85:62:0D:A8,-72,-75,28613,1476411018
E6:71:85:62:0D:A8,-72,-74,28673,1476411078
E6:71:85:62:0D:A8,-72,-74,28733,1476411138
E6:71:85:62:0D:A8,-65,-70,28793,1476411198
E6:71:85:62:0D:A8,-65,-70,28853,1476411258
E6:71:85:62:0D:A8,-64,-68,28916,1476411321
E6:71:85:62:0D:A8,-75,-78,28976,1476411381
E6:71:85:62:0D:A8,-78,-79,29036,1476411441
E6:71:85:62:0D:A8,-68,-73,29096,1476411501
E6:71:85:62:0D:A8,-72,-76,29156,1476411561
E6:71:85:62:0D:A8,-70,-74,29219,1476411624
E6:71:85:62:0D:A8,-68,-74,29279,1476411684
E6:71:85:62:0D:A8,-71,-73,29339,1476411744
E6:71:85:62:0D:A8,-63,-68,29399,1476411804
E6:71:85:62:0D:A8,-65,-70,29459,1476411864
E6:71:85:62:0D:A8,-76,-78,29522,1476411927
5C:E0:C5:C8:D3:D1,-65,-69,55,1476411987
E6:71:85:62:0D:A8,-65,-70,29582,1476411987
5C:E0:C5:C8:D3:D1,-66,-70,115,1476412047
E6:71:85:62:0D:A8,-67,-71,29642,1476412047
5C:E0:C5:C8:D3:D1,-65,-69,175,1476412107
E6:71:85:62:0D:A8,-63,-68,29702,1476412107
5C:E0:C5:C8:D3:D1,-65,-69,235,1476412167
E6:71:85:62:0D:A8,-63,-68,29762,1476412167
5C:E0:C5:C8:D3:D1,-65,-69,80,1476412252
E6:71:85:62:0D:A8,-65,-70,29847,1476412252
5C:E0:C5:C8:D3:D1,-65,-69,140,1476412312
E6:71:85:62:0D:A8,-71,-74,29907,1476412312
5C:E0:C5:C8:D3:D1,-65,-69,200,1476412372
E6:71:85:62:0D:A8,-63,-68,29967,1476412372
5C:E0:C5:C8:D3:D1,-68,-72,20,1476412432
E6:71:85:62:0D:A8,-64,-68,30027,1476412432
5C:E0:C5:C8:D3:D1,-66,-72,80,1476412492
E6:71:85:62:0D:A8,-64,-68,30087,1476412492
5C:E0:C5:C8:D3:D1,-65,-73,143,1476412555
E6:71:85:62:0D:A8,-63,-68,30150,1476412555
5C:E0:C5:C8:D3:D1,-65,-73,203,1476412615
E6:71:85:62:0D:A8,-63,-69,30210,1476412615
5C:E0:C5:C8:D3:D1,-70,-76,23,1476412675
E6:71:85:62:0D:A8,-64,-69,30270,1476412675
5C:E0:C5:C8:D3:D1,-66,-70,83,1476412735
E6:71:85:62:0D:A8,-66,-70,30330,1476412735
5C:E0:C5:C8:D3:D1,-66,-69,143,1476412795
E6:71:85:62:0D:A8,-63,-68,30390,1476412795
5C:E0:C5:C8:D3:D1,-66,-69,203,1476412855
E6:71:85:62:0D:A8,-67,-73,30450,1476412855
5C:E0:C5:C8:D3:D1,-66,-75,20,1476412915
E6:71:85:62:0D:A8,-64,-69,30510,1476412915
5C:E0:C5:C8:D3:D1,-65,-75,80,1476412975
E6:71:85:62:0D:A8,-66,-71,30570,1476412975
5C:E0:C5:C8:D3:D1,-65,-73,140,1476413035
E6:71:85:62:0D:A8,-63,-68,30630,1476413035
5C:E0:C5:C8:D3:D1,-65,-73,203,1476413098
E6:71:85:62:0D:A8,-69,-76,30693,1476413098
5C:E0:C5:C8:D3:D1,-66,-75,26,1476413158
E6:71:85:62:0D:A8,-65,-71,30753,1476413158
5C:E0:C5:C8:D3:D1,-66,-75,86,1476413218
E6:71:85:62:0D:A8,-65,-71,30813,1476413218
5C:E0:C5:C8:D3:D1,-66,-76,146,1476413278
E6:71:85:62:0D:A8,-65,-71,30873,1476413278
5C:E0:C5:C8:D3:D1,-66,-76,206,1476413339
E6:71:85:62:0D:A8,-71,-73,30933,1476413339
30:75:12:BF:95:3C,-63,-65,30,1476413339
