Client_MAC,Rssi0,Rssi1,Connection_Time,EpocTIME
30:75:12:BF:95:3C,-57,-55,4,1476634109
30:75:12:BF:95:3C,-38,-47,64,1476634169
30:75:12:BF:95:3C,-88,-87,124,1476634229
30:75:12:BF:95:3C,-88,-87,184,1476634289
30:75:12:BF:95:3C,-88,-87,247,1476634352
E6:71:85:62:0D:A8,-73,-71,7,1476634352
30:75:12:BF:95:3C,-88,-87,307,1476634412
E6:71:85:62:0D:A8,-70,-69,33,1476634412
30:75:12:BF:95:3C,-88,-87,367,1476634472
E6:71:85:62:0D:A8,-67,-67,93,1476634472
30:75:12:BF:95:3C,-88,-87,427,1476634532
E6:71:85:62:0D:A8,-69,-69,153,1476634532
E6:71:85:62:0D:A8,-68,-69,213,1476634592
E6:71:85:62:0D:A8,-69,-69,298,1476634677
E6:71:85:62:0D:A8,-67,-67,358,1476634737
E6:71:85:62:0D:A8,-67,-67,418,1476634797
E6:71:85:62:0D:A8,-69,-67,478,1476634857
E6:71:85:62:0D:A8,-66,-66,538,1476634917
E6:71:85:62:0D:A8,-67,-66,601,1476634980
E6:71:85:62:0D:A8,-69,-67,661,1476635040
E6:71:85:62:0D:A8,-70,-69,721,1476635100
E6:71:85:62:0D:A8,-70,-69,781,1476635160
30:75:12:BF:95:3C,-59,-66,45,1476635220
E6:71:85:62:0D:A8,-68,-67,24,1476635220
30:75:12:BF:95:3C,-61,-64,108,1476635283
E6:71:85:62:0D:A8,-68,-67,87,1476635283
5C:E0:C5:C8:D3:D1,-60,-56,6,1476635283
30:75:12:BF:95:3C,-60,-63,168,1476635343
E6:71:85:62:0D:A8,-68,-66,147,1476635343
5C:E0:C5:C8:D3:D1,-59,-57,66,1476635343
30:75:12:BF:95:3C,-60,-66,228,1476635403
E6:71:85:62:0D:A8,-69,-68,207,1476635403
5C:E0:C5:C8:D3:D1,-62,-58,126,1476635403
30:75:12:BF:95:3C,-55,-68,288,1476635463
E6:71:85:62:0D:A8,-67,-66,267,1476635463
5C:E0:C5:C8:D3:D1,-62,-59,186,1476635463
30:75:12:BF:95:3C,-55,-65,348,1476635523
E6:71:85:62:0D:A8,-68,-66,327,1476635523
30:75:12:BF:95:3C,-56,-65,411,1476635586
E6:71:85:62:0D:A8,-68,-67,38,1476635586
30:75:12:BF:95:3C,-55,-66,471,1476635646
E6:71:85:62:0D:A8,-67,-66,98,1476635646
30:75:12:BF:95:3C,-55,-64,531,1476635706
E6:71:85:62:0D:A8,-68,-66,158,1476635706
30:75:12:BF:95:3C,-55,-64,591,1476635766
E6:71:85:62:0D:A8,-68,-66,218,1476635766
30:75:12:BF:95:3C,-56,-63,651,1476635826
E6:71:85:62:0D:A8,-68,-66,278,1476635826
30:75:12:BF:95:3C,-56,-62,711,1476635886
E6:71:85:62:0D:A8,-68,-66,338,1476635886
30:75:12:BF:95:3C,-65,-63,771,1476635946
E6:71:85:62:0D:A8,-69,-67,398,1476635946
30:75:12:BF:95:3C,-89,-87,831,1476636006
E6:71:85:62:0D:A8,-72,-70,458,1476636006
30:75:12:BF:95:3C,-70,-70,38,1476636066
E6:71:85:62:0D:A8,-72,-70,518,1476636066
E6:71:85:62:0D:A8,-70,-67,581,1476636129
E6:71:85:62:0D:A8,-70,-67,641,1476636189
E6:71:85:62:0D:A8,-69,-66,701,1476636249
E6:71:85:62:0D:A8,-68,-65,761,1476636309
E6:71:85:62:0D:A8,-68,-65,821,1476636369
E6:71:85:62:0D:A8,-69,-65,884,1476636432
E6:71:85:62:0D:A8,-69,-65,944,1476636492
E6:71:85:62:0D:A8,-69,-66,1004,1476636552
E6:71:85:62:0D:A8,-68,-64,1064,1476636612
E6:71:85:62:0D:A8,-69,-65,1124,1476636672
E6:71:85:62:0D:A8,-69,-66,1188,1476636736
E6:71:85:62:0D:A8,-69,-65,1248,1476636796
E6:71:85:62:0D:A8,-69,-67,1308,1476636856
E6:71:85:62:0D:A8,-69,-65,1368,1476636916
E6:71:85:62:0D:A8,-69,-65,1428,1476636976
E6:71:85:62:0D:A8,-68,-65,1491,1476637039
E6:71:85:62:0D:A8,-68,-65,1551,1476637099
E6:71:85:62:0D:A8,-68,-65,1611,1476637159
E6:71:85:62:0D:A8,-68,-65,1671,1476637219
E6:71:85:62:0D:A8,-69,-65,1731,1476637279
E6:71:85:62:0D:A8,-69,-65,1817,1476637365
E6:71:85:62:0D:A8,-69,-65,1877,1476637425
E6:71:85:62:0D:A8,-69,-66,1937,1476637485
E6:71:85:62:0D:A8,-69,-66,1997,1476637545
E6:71:85:62:0D:A8,-69,-66,2057,1476637605
E6:71:85:62:0D:A8,-69,-65,2117,1476637665
E6:71:85:62:0D:A8,-69,-66,2177,1476637725
E6:71:85:62:0D:A8,-69,-65,2237,1476637785
E6:71:85:62:0D:A8,-69,-66,2297,1476637845
E6:71:85:62:0D:A8,-68,-65,2360,1476637909
E6:71:85:62:0D:A8,-69,-65,2420,1476637969
E6:71:85:62:0D:A8,-67,-64,2480,1476638029
E6:71:85:62:0D:A8,-69,-66,2540,1476638089
E6:71:85:62:0D:A8,-69,-66,2600,1476638149
E6:71:85:62:0D:A8,-69,-66,2664,1476638212
E6:71:85:62:0D:A8,-68,-65,2724,1476638272
E6:71:85:62:0D:A8,-69,-66,2784,1476638332
E6:71:85:62:0D:A8,-69,-66,2844,1476638392
E6:71:85:62:0D:A8,-69,-66,2904,1476638452
E6:71:85:62:0D:A8,-70,-67,2967,1476638515
E6:71:85:62:0D:A8,-68,-64,3027,1476638575
E6:71:85:62:0D:A8,-68,-65,3087,1476638635
E6:71:85:62:0D:A8,-69,-66,3147,1476638695
E6:71:85:62:0D:A8,-68,-65,3207,1476638755
E6:71:85:62:0D:A8,-68,-65,3292,1476638840
E6:71:85:62:0D:A8,-68,-65,3352,1476638900
E6:71:85:62:0D:A8,-68,-65,3412,1476638960
E6:71:85:62:0D:A8,-69,-66,3472,1476639020
E6:71:85:62:0D:A8,-68,-65,3532,1476639080
E6:71:85:62:0D:A8,-69,-65,3596,1476639144
E6:71:85:62:0D:A8,-68,-65,3656,1476639204
E6:71:85:62:0D:A8,-69,-65,3716,1476639264
E6:71:85:62:0D:A8,-69,-65,3776,1476639324
E6:71:85:62:0D:A8,-69,-65,3836,1476639384
E6:71:85:62:0D:A8,-68,-65,3896,1476639444
E6:71:85:62:0D:A8,-69,-66,3956,1476639504
E6:71:85:62:0D:A8,-69,-66,4016,1476639564
E6:71:85:62:0D:A8,-68,-65,4076,1476639624
E6:71:85:62:0D:A8,-69,-66,4139,1476639687
E6:71:85:62:0D:A8,-69,-66,4199,1476639747
E6:71:85:62:0D:A8,-69,-66,4259,1476639807
E6:71:85:62:0D:A8,-69,-65,4319,1476639867
E6:71:85:62:0D:A8,-68,-65,4379,1476639927
E6:71:85:62:0D:A8,-69,-65,4464,1476640012
E6:71:85:62:0D:A8,-68,-65,4524,1476640073
E6:71:85:62:0D:A8,-68,-65,4584,1476640133
E6:71:85:62:0D:A8,-68,-65,4644,1476640193
E6:71:85:62:0D:A8,-68,-65,4705,1476640253
E6:71:85:62:0D:A8,-69,-66,4768,1476640316
E6:71:85:62:0D:A8,-69,-65,4828,1476640376
E6:71:85:62:0D:A8,-69,-66,4888,1476640436
E6:71:85:62:0D:A8,-69,-65,4948,1476640496
E6:71:85:62:0D:A8,-69,-66,5008,1476640556
E6:71:85:62:0D:A8,-69,-66,5071,1476640619
E6:71:85:62:0D:A8,-69,-66,5131,1476640679
E6:71:85:62:0D:A8,-69,-65,5191,1476640739
E6:71:85:62:0D:A8,-69,-66,5251,1476640799
E6:71:85:62:0D:A8,-69,-66,5311,1476640859
E6:71:85:62:0D:A8,-69,-65,5374,1476640922
E6:71:85:62:0D:A8,-68,-65,5434,1476640982
E6:71:85:62:0D:A8,-69,-65,5494,1476641042
E6:71:85:62:0D:A8,-69,-66,5554,1476641102
E6:71:85:62:0D:A8,-71,-67,5614,1476641162
E6:71:85:62:0D:A8,-69,-65,5674,1476641222
E6:71:85:62:0D:A8,-68,-65,5734,1476641282
E6:71:85:62:0D:A8,-69,-66,5794,1476641342
E6:71:85:62:0D:A8,-69,-66,5854,1476641402
E6:71:85:62:0D:A8,-68,-65,5917,1476641465
E6:71:85:62:0D:A8,-69,-65,5977,1476641525
E6:71:85:62:0D:A8,-68,-65,6037,1476641585
E6:71:85:62:0D:A8,-68,-65,6097,1476641645
E6:71:85:62:0D:A8,-68,-65,6157,1476641705
E6:71:85:62:0D:A8,-69,-66,6220,1476641768
E6:71:85:62:0D:A8,-69,-65,6280,1476641828
E6:71:85:62:0D:A8,-69,-66,6340,1476641888
E6:71:85:62:0D:A8,-69,-65,6400,1476641948
E6:71:85:62:0D:A8,-69,-65,6460,1476642008
E6:71:85:62:0D:A8,-69,-66,6523,1476642071
E6:71:85:62:0D:A8,-69,-65,6583,1476642131
E6:71:85:62:0D:A8,-68,-65,6643,1476642191
E6:71:85:62:0D:A8,-69,-66,6703,1476642251
E6:71:85:62:0D:A8,-68,-65,6763,1476642311
E6:71:85:62:0D:A8,-69,-65,6826,1476642374
E6:71:85:62:0D:A8,-69,-66,6886,1476642434
E6:71:85:62:0D:A8,-69,-65,6946,1476642494
E6:71:85:62:0D:A8,-69,-66,7006,1476642554
E6:71:85:62:0D:A8,-69,-65,7066,1476642614
E6:71:85:62:0D:A8,-69,-66,7129,1476642677
E6:71:85:62:0D:A8,-69,-65,7189,1476642737
E6:71:85:62:0D:A8,-68,-64,7249,1476642797
E6:71:85:62:0D:A8,-68,-65,7309,1476642857
E6:71:85:62:0D:A8,-69,-66,7375,1476642923
E6:71:85:62:0D:A8,-69,-65,7435,1476642983
E6:71:85:62:0D:A8,-69,-66,7495,1476643043
E6:71:85:62:0D:A8,-69,-65,7555,1476643103
E6:71:85:62:0D:A8,-68,-65,7615,1476643163
E6:71:85:62:0D:A8,-68,-65,7679,1476643227
E6:71:85:62:0D:A8,-68,-65,7739,1476643287
E6:71:85:62:0D:A8,-69,-65,7799,1476643347
E6:71:85:62:0D:A8,-68,-65,7859,1476643407
E6:71:85:62:0D:A8,-69,-65,7919,1476643467
E6:71:85:62:0D:A8,-68,-65,8004,1476643552
E6:71:85:62:0D:A8,-69,-66,8064,1476643612
E6:71:85:62:0D:A8,-69,-66,8124,1476643672
E6:71:85:62:0D:A8,-69,-66,8184,1476643732
E6:71:85:62:0D:A8,-68,-66,8244,1476643792
E6:71:85:62:0D:A8,-68,-65,8307,1476643855
E6:71:85:62:0D:A8,-68,-65,8367,1476643915
E6:71:85:62:0D:A8,-68,-66,8427,1476643975
E6:71:85:62:0D:A8,-68,-66,8487,1476644035
E6:71:85:62:0D:A8,-69,-67,8547,1476644095
E6:71:85:62:0D:A8,-69,-67,8610,1476644158
E6:71:85:62:0D:A8,-70,-67,8670,1476644218
E6:71:85:62:0D:A8,-70,-67,8730,1476644278
E6:71:85:62:0D:A8,-70,-67,8790,1476644338
E6:71:85:62:0D:A8,-70,-67,8850,1476644398
E6:71:85:62:0D:A8,-70,-66,8913,1476644461
E6:71:85:62:0D:A8,-69,-66,8973,1476644521
E6:71:85:62:0D:A8,-69,-66,9033,1476644581
E6:71:85:62:0D:A8,-69,-66,9093,1476644641
E6:71:85:62:0D:A8,-69,-65,9160,1476644708
E6:71:85:62:0D:A8,-69,-66,9220,1476644768
E6:71:85:62:0D:A8,-70,-67,9280,1476644828
E6:71:85:62:0D:A8,-70,-67,9340,1476644888
E6:71:85:62:0D:A8,-70,-67,9400,1476644948
E6:71:85:62:0D:A8,-69,-66,9463,1476645011
E6:71:85:62:0D:A8,-69,-66,9523,1476645071
E6:71:85:62:0D:A8,-69,-66,9583,1476645131
E6:71:85:62:0D:A8,-69,-66,9643,1476645191
E6:71:85:62:0D:A8,-69,-66,9703,1476645251
E6:71:85:62:0D:A8,-69,-66,9766,1476645314
E6:71:85:62:0D:A8,-69,-66,9826,1476645374
E6:71:85:62:0D:A8,-69,-66,9886,1476645434
E6:71:85:62:0D:A8,-70,-67,9946,1476645494
E6:71:85:62:0D:A8,-69,-66,10006,1476645554
E6:71:85:62:0D:A8,-70,-66,10069,1476645617
E6:71:85:62:0D:A8,-70,-67,10129,1476645677
E6:71:85:62:0D:A8,-70,-67,10189,1476645737
E6:71:85:62:0D:A8,-70,-67,10249,1476645797
E6:71:85:62:0D:A8,-70,-67,10309,1476645857
E6:71:85:62:0D:A8,-69,-66,10372,1476645920
E6:71:85:62:0D:A8,-69,-66,10432,1476645980
E6:71:85:62:0D:A8,-69,-67,10492,1476646040
E6:71:85:62:0D:A8,-69,-66,10552,1476646100
E6:71:85:62:0D:A8,-69,-66,10612,1476646160
E6:71:85:62:0D:A8,-68,-65,10697,1476646245
E6:71:85:62:0D:A8,-69,-65,10757,1476646305
E6:71:85:62:0D:A8,-68,-65,10817,1476646365
E6:71:85:62:0D:A8,-69,-65,10877,1476646425
E6:71:85:62:0D:A8,-69,-66,10937,1476646485
E6:71:85:62:0D:A8,-69,-65,10997,1476646545
E6:71:85:62:0D:A8,-69,-66,11057,1476646605
E6:71:85:62:0D:A8,-69,-65,11117,1476646665
E6:71:85:62:0D:A8,-69,-66,11177,1476646725
E6:71:85:62:0D:A8,-68,-65,11263,1476646811
E6:71:85:62:0D:A8,-68,-65,11323,1476646871
E6:71:85:62:0D:A8,-68,-65,11383,1476646931
E6:71:85:62:0D:A8,-68,-65,11443,1476646991
E6:71:85:62:0D:A8,-69,-65,11503,1476647051
E6:71:85:62:0D:A8,-68,-65,11566,1476647114
E6:71:85:62:0D:A8,-68,-65,11626,1476647174
E6:71:85:62:0D:A8,-68,-65,11686,1476647234
E6:71:85:62:0D:A8,-68,-64,11746,1476647294
E6:71:85:62:0D:A8,-68,-64,11806,1476647354
