Client_MAC,Rssi0,Rssi1,Connection_Time,EpocTime
E6:71:85:62:0D:A8,-65,-67,11743,1476425724
E6:71:85:62:00:80,-62,-66,11277,1476425724
E6:71:85:62:0D:A8,-66,-68,11803,1476425784
E6:71:85:62:00:80,-62,-66,11337,1476425784
E6:71:85:62:0D:A8,-66,-68,11863,1476425844
E6:71:85:62:00:80,-61,-66,11397,1476425844
E6:71:85:62:0D:A8,-65,-67,11923,1476425904
E6:71:85:62:00:80,-61,-66,11457,1476425904
E6:71:85:62:0D:A8,-66,-68,11983,1476425964
E6:71:85:62:00:80,-62,-66,11517,1476425964
E6:71:85:62:0D:A8,-65,-67,12043,1476426024
E6:71:85:62:00:80,-61,-66,11577,1476426024
E6:71:85:62:0D:A8,-66,-68,12103,1476426084
E6:71:85:62:00:80,-61,-65,11637,1476426084
E6:71:85:62:0D:A8,-65,-68,12163,1476426144
E6:71:85:62:00:80,-61,-66,11697,1476426144
E6:71:85:62:0D:A8,-66,-68,12223,1476426204
E6:71:85:62:00:80,-61,-66,11757,1476426204
E6:71:85:62:0D:A8,-66,-68,12310,1476426291
E6:71:85:62:00:80,-62,-66,11844,1476426291
E6:71:85:62:0D:A8,-65,-67,12370,1476426351
E6:71:85:62:00:80,-62,-65,11904,1476426351
E6:71:85:62:0D:A8,-65,-67,12430,1476426411
E6:71:85:62:00:80,-62,-66,11964,1476426411
E6:71:85:62:0D:A8,-66,-69,12490,1476426471
E6:71:85:62:00:80,-62,-66,12024,1476426471
E6:71:85:62:0D:A8,-66,-68,12550,1476426531
E6:71:85:62:00:80,-62,-65,12084,1476426531
E6:71:85:62:0D:A8,-65,-68,12613,1476426594
E6:71:85:62:00:80,-61,-66,12147,1476426594
E6:71:85:62:0D:A8,-66,-68,12673,1476426654
E6:71:85:62:00:80,-62,-66,12207,1476426654
E6:71:85:62:0D:A8,-65,-67,12733,1476426714
E6:71:85:62:00:80,-62,-66,12267,1476426714
E6:71:85:62:0D:A8,-65,-68,12793,1476426774
E6:71:85:62:00:80,-62,-66,12327,1476426774
E6:71:85:62:0D:A8,-65,-68,12853,1476426834
E6:71:85:62:00:80,-62,-66,12387,1476426834
E6:71:85:62:0D:A8,-65,-68,12916,1476426897
E6:71:85:62:00:80,-62,-65,12450,1476426897
E6:71:85:62:0D:A8,-66,-68,12976,1476426957
E6:71:85:62:00:80,-62,-65,12510,1476426957
E6:71:85:62:0D:A8,-65,-67,13036,1476427017
E6:71:85:62:00:80,-61,-65,12570,1476427017
E6:71:85:62:0D:A8,-65,-68,13096,1476427077
E6:71:85:62:00:80,-61,-65,12630,1476427077
E6:71:85:62:0D:A8,-67,-69,13156,1476427137
E6:71:85:62:00:80,-61,-65,12690,1476427137
E6:71:85:62:0D:A8,-66,-68,13219,1476427200
E6:71:85:62:00:80,-62,-66,12753,1476427200
E6:71:85:62:0D:A8,-66,-68,13279,1476427260
E6:71:85:62:00:80,-62,-66,12813,1476427260
E6:71:85:62:0D:A8,-66,-68,13339,1476427320
E6:71:85:62:00:80,-62,-66,12873,1476427320
E6:71:85:62:0D:A8,-66,-69,13399,1476427380
E6:71:85:62:00:80,-61,-65,12933,1476427380
E6:71:85:62:0D:A8,-65,-68,13459,1476427440
E6:71:85:62:00:80,-62,-66,12993,1476427440
E6:71:85:62:0D:A8,-66,-68,13522,1476427503
E6:71:85:62:00:80,-61,-65,13056,1476427503
E6:71:85:62:0D:A8,-66,-69,13583,1476427563
E6:71:85:62:00:80,-62,-66,13117,1476427563
E6:71:85:62:0D:A8,-66,-68,13643,1476427623
E6:71:85:62:00:80,-62,-66,13177,1476427623
E6:71:85:62:0D:A8,-66,-68,13703,1476427683
E6:71:85:62:00:80,-62,-66,13237,1476427683
E6:71:85:62:0D:A8,-66,-68,13763,1476427743
E6:71:85:62:00:80,-61,-66,13297,1476427743
E6:71:85:62:0D:A8,-66,-68,13823,1476427803
E6:71:85:62:00:80,-62,-66,13357,1476427803
E6:71:85:62:0D:A8,-65,-68,13883,1476427863
E6:71:85:62:00:80,-61,-66,13417,1476427863
E6:71:85:62:0D:A8,-66,-68,13943,1476427923
E6:71:85:62:00:80,-61,-65,13477,1476427923
E6:71:85:62:0D:A8,-66,-69,14003,1476427983
E6:71:85:62:00:80,-62,-66,13537,1476427983
E6:71:85:62:0D:A8,-65,-68,14066,1476428046
E6:71:85:62:00:80,-61,-66,13600,1476428046
E6:71:85:62:0D:A8,-66,-68,14126,1476428106
E6:71:85:62:00:80,-62,-66,13660,1476428106
E6:71:85:62:0D:A8,-64,-67,14186,1476428166
E6:71:85:62:00:80,-61,-66,13720,1476428166
E6:71:85:62:0D:A8,-65,-68,14246,1476428226
E6:71:85:62:00:80,-62,-65,13780,1476428226
E6:71:85:62:0D:A8,-66,-68,14306,1476428286
E6:71:85:62:00:80,-61,-66,13840,1476428286
E6:71:85:62:0D:A8,-65,-68,14369,1476428349
E6:71:85:62:00:80,-62,-66,13903,1476428349
E6:71:85:62:0D:A8,-66,-68,14429,1476428409
E6:71:85:62:00:80,-62,-66,13963,1476428409
E6:71:85:62:0D:A8,-66,-68,14489,1476428469
E6:71:85:62:00:80,-62,-66,14023,1476428469
E6:71:85:62:0D:A8,-66,-68,14549,1476428529
E6:71:85:62:00:80,-62,-66,14083,1476428529
E6:71:85:62:0D:A8,-66,-68,14609,1476428589
E6:71:85:62:00:80,-62,-66,14143,1476428589
E6:71:85:62:0D:A8,-66,-68,14672,1476428652
E6:71:85:62:00:80,-62,-65,14206,1476428652
E6:71:85:62:0D:A8,-66,-69,14732,1476428712
E6:71:85:62:00:80,-61,-65,14266,1476428712
E6:71:85:62:0D:A8,-66,-68,14792,1476428772
E6:71:85:62:00:80,-61,-65,14326,1476428772
E6:71:85:62:0D:A8,-65,-68,14852,1476428832
E6:71:85:62:00:80,-61,-65,14386,1476428832
E6:71:85:62:0D:A8,-64,-67,14912,1476428892
E6:71:85:62:00:80,-61,-65,14446,1476428892
E6:71:85:62:0D:A8,-65,-67,14997,1476428978
E6:71:85:62:00:80,-62,-66,14531,1476428978
E6:71:85:62:0D:A8,-66,-68,15057,1476429038
E6:71:85:62:00:80,-62,-66,14591,1476429038
E6:71:85:62:0D:A8,-65,-68,15117,1476429098
E6:71:85:62:00:80,-62,-66,14651,1476429098
E6:71:85:62:0D:A8,-66,-68,15177,1476429158
E6:71:85:62:00:80,-61,-65,14711,1476429158
E6:71:85:62:0D:A8,-65,-68,15237,1476429218
E6:71:85:62:00:80,-62,-66,14771,1476429218
E6:71:85:62:0D:A8,-65,-68,15300,1476429281
E6:71:85:62:00:80,-61,-65,14834,1476429281
E6:71:85:62:0D:A8,-66,-68,15360,1476429341
E6:71:85:62:00:80,-62,-66,14894,1476429341
E6:71:85:62:0D:A8,-66,-68,15420,1476429401
E6:71:85:62:00:80,-62,-66,14954,1476429401
E6:71:85:62:0D:A8,-65,-68,15480,1476429461
E6:71:85:62:00:80,-62,-66,15014,1476429461
E6:71:85:62:0D:A8,-65,-68,15540,1476429521
E6:71:85:62:00:80,-61,-66,15074,1476429521
E6:71:85:62:0D:A8,-65,-67,15600,1476429581
E6:71:85:62:00:80,-62,-65,15134,1476429581
E6:71:85:62:0D:A8,-65,-67,15660,1476429641
E6:71:85:62:00:80,-62,-66,15194,1476429641
E6:71:85:62:0D:A8,-66,-68,15720,1476429701
E6:71:85:62:00:80,-62,-66,15254,1476429701
E6:71:85:62:0D:A8,-65,-67,15780,1476429761
E6:71:85:62:00:80,-62,-66,15314,1476429761
E6:71:85:62:0D:A8,-66,-68,15843,1476429824
E6:71:85:62:00:80,-61,-66,15377,1476429824
E6:71:85:62:0D:A8,-66,-68,15903,1476429884
E6:71:85:62:00:80,-62,-66,15437,1476429884
E6:71:85:62:0D:A8,-66,-68,15963,1476429944
E6:71:85:62:00:80,-62,-66,15497,1476429944
E6:71:85:62:0D:A8,-65,-68,16024,1476430004
E6:71:85:62:00:80,-62,-66,15558,1476430004
E6:71:85:62:0D:A8,-66,-68,16084,1476430064
E6:71:85:62:00:80,-62,-66,15618,1476430064
E6:71:85:62:0D:A8,-66,-68,16169,1476430149
E6:71:85:62:00:80,-62,-66,15703,1476430149
E6:71:85:62:0D:A8,-65,-67,16229,1476430210
E6:71:85:62:00:80,-62,-66,15763,1476430210
E6:71:85:62:0D:A8,-66,-68,16289,1476430270
E6:71:85:62:00:80,-62,-66,15823,1476430270
E6:71:85:62:0D:A8,-66,-68,16349,1476430330
E6:71:85:62:00:80,-61,-65,15883,1476430330
E6:71:85:62:0D:A8,-65,-67,16409,1476430390
E6:71:85:62:00:80,-62,-66,15943,1476430390
E6:71:85:62:0D:A8,-67,-69,16472,1476430453
E6:71:85:62:00:80,-60,-65,16006,1476430453
E6:71:85:62:0D:A8,-66,-68,16532,1476430513
E6:71:85:62:00:80,-62,-66,16066,1476430513
E6:71:85:62:0D:A8,-65,-68,16592,1476430573
E6:71:85:62:00:80,-62,-66,16126,1476430573
E6:71:85:62:0D:A8,-66,-68,16652,1476430633
E6:71:85:62:00:80,-62,-66,16186,1476430633
E6:71:85:62:0D:A8,-66,-68,16712,1476430693
E6:71:85:62:00:80,-61,-66,16246,1476430693
E6:71:85:62:0D:A8,-65,-67,16775,1476430756
E6:71:85:62:00:80,-62,-66,16309,1476430756
E6:71:85:62:0D:A8,-66,-68,16835,1476430816
E6:71:85:62:00:80,-62,-66,16369,1476430816
E6:71:85:62:0D:A8,-65,-68,16895,1476430876
E6:71:85:62:00:80,-62,-66,16429,1476430876
E6:71:85:62:0D:A8,-66,-68,16955,1476430936
E6:71:85:62:00:80,-62,-66,16489,1476430936
E6:71:85:62:0D:A8,-66,-68,17015,1476430996
E6:71:85:62:00:80,-62,-66,16549,1476430996
E6:71:85:62:0D:A8,-65,-67,17078,1476431059
E6:71:85:62:00:80,-62,-66,16612,1476431059
E6:71:85:62:0D:A8,-65,-67,17138,1476431119
E6:71:85:62:00:80,-62,-66,16672,1476431119
E6:71:85:62:0D:A8,-65,-68,17198,1476431179
E6:71:85:62:00:80,-62,-66,16732,1476431179
E6:71:85:62:0D:A8,-65,-68,17258,1476431239
E6:71:85:62:00:80,-62,-66,16792,1476431239
E6:71:85:62:0D:A8,-65,-68,17318,1476431299
E6:71:85:62:00:80,-61,-65,16852,1476431299
E6:71:85:62:0D:A8,-64,-67,17378,1476431359
E6:71:85:62:00:80,-61,-65,16912,1476431359
E6:71:85:62:0D:A8,-65,-68,17438,1476431419
E6:71:85:62:00:80,-62,-66,16972,1476431419
E6:71:85:62:0D:A8,-66,-68,17498,1476431479
E6:71:85:62:00:80,-62,-66,17032,1476431479
E6:71:85:62:0D:A8,-65,-67,17558,1476431539
E6:71:85:62:00:80,-61,-66,17092,1476431539
E6:71:85:62:0D:A8,-65,-68,17623,1476431603
E6:71:85:62:00:80,-61,-65,17157,1476431603
E6:71:85:62:0D:A8,-65,-68,17683,1476431663
E6:71:85:62:00:80,-62,-66,17217,1476431663
E6:71:85:62:0D:A8,-65,-68,17743,1476431723
E6:71:85:62:00:80,-62,-66,17277,1476431723
E6:71:85:62:0D:A8,-65,-68,17803,1476431783
E6:71:85:62:00:80,-62,-66,17337,1476431783
E6:71:85:62:0D:A8,-66,-68,17863,1476431843
E6:71:85:62:00:80,-61,-65,17397,1476431843
E6:71:85:62:0D:A8,-65,-68,17926,1476431906
E6:71:85:62:00:80,-61,-66,17460,1476431906
E6:71:85:62:0D:A8,-65,-68,17986,1476431966
E6:71:85:62:00:80,-61,-65,17520,1476431966
E6:71:85:62:0D:A8,-65,-68,18046,1476432026
E6:71:85:62:00:80,-61,-66,17580,1476432026
E6:71:85:62:0D:A8,-65,-67,18106,1476432086
E6:71:85:62:00:80,-61,-65,17640,1476432086
E6:71:85:62:0D:A8,-65,-68,18166,1476432146
E6:71:85:62:00:80,-61,-66,17700,1476432146
E6:71:85:62:0D:A8,-65,-67,18252,1476432233
E6:71:85:62:00:80,-61,-65,17786,1476432233
E6:71:85:62:0D:A8,-64,-67,18312,1476432293
E6:71:85:62:00:80,-61,-65,17846,1476432293
E6:71:85:62:0D:A8,-64,-67,18372,1476432353
E6:71:85:62:00:80,-61,-65,17906,1476432353
E6:71:85:62:0D:A8,-65,-68,18432,1476432413
E6:71:85:62:00:80,-61,-65,17966,1476432413
E6:71:85:62:0D:A8,-65,-67,18492,1476432473
E6:71:85:62:00:80,-61,-65,18026,1476432473
E6:71:85:62:0D:A8,-64,-67,18555,1476432536
E6:71:85:62:00:80,-61,-65,18089,1476432536
E6:71:85:62:0D:A8,-63,-66,18615,1476432596
E6:71:85:62:00:80,-61,-65,18149,1476432596
E6:71:85:62:0D:A8,-65,-67,18675,1476432656
E6:71:85:62:00:80,-61,-65,18209,1476432656
E6:71:85:62:0D:A8,-65,-67,18735,1476432716
E6:71:85:62:00:80,-61,-65,18269,1476432716
E6:71:85:62:0D:A8,-65,-67,18795,1476432776
E6:71:85:62:00:80,-61,-65,18329,1476432776
