Client_MAC,Rssi0,Rssi1,Connection_Time,EpocTime
E6:71:85:62:0D:A8,-63,-68,5305,1476387710
E6:71:85:62:0D:A8,-63,-68,5365,1476387770
E6:71:85:62:0D:A8,-64,-69,5425,1476387830
E6:71:85:62:0D:A8,-63,-68,5485,1476387890
E6:71:85:62:0D:A8,-63,-68,5545,1476387950
E6:71:85:62:0D:A8,-62,-68,5605,1476388010
E6:71:85:62:0D:A8,-63,-68,5665,1476388070
E6:71:85:62:0D:A8,-63,-68,5725,1476388130
E6:71:85:62:0D:A8,-63,-69,5785,1476388190
E6:71:85:62:0D:A8,-63,-68,5848,1476388253
E6:71:85:62:0D:A8,-64,-69,5908,1476388313
E6:71:85:62:0D:A8,-63,-68,5968,1476388373
E6:71:85:62:0D:A8,-63,-69,6028,1476388433
E6:71:85:62:0D:A8,-64,-70,6088,1476388493
E6:71:85:62:0D:A8,-63,-68,6151,1476388556
E6:71:85:62:0D:A8,-62,-68,6211,1476388616
E6:71:85:62:0D:A8,-63,-68,6271,1476388676
E6:71:85:62:0D:A8,-63,-68,6331,1476388736
E6:71:85:62:0D:A8,-63,-68,6391,1476388796
E6:71:85:62:0D:A8,-63,-69,6477,1476388882
E6:71:85:62:0D:A8,-63,-69,6537,1476388942
E6:71:85:62:0D:A8,-63,-69,6597,1476389002
E6:71:85:62:0D:A8,-63,-69,6657,1476389062
E6:71:85:62:0D:A8,-64,-69,6717,1476389122
E6:71:85:62:0D:A8,-63,-68,6780,1476389185
E6:71:85:62:0D:A8,-62,-68,6840,1476389245
E6:71:85:62:0D:A8,-63,-68,6900,1476389305
E6:71:85:62:0D:A8,-63,-69,6960,1476389365
E6:71:85:62:0D:A8,-63,-68,7020,1476389425
E6:71:85:62:0D:A8,-62,-68,7083,1476389488
E6:71:85:62:0D:A8,-62,-68,7143,1476389548
E6:71:85:62:0D:A8,-63,-68,7203,1476389608
E6:71:85:62:0D:A8,-63,-68,7263,1476389668
E6:71:85:62:0D:A8,-63,-68,7323,1476389728
E6:71:85:62:0D:A8,-63,-68,7383,1476389788
E6:71:85:62:0D:A8,-63,-68,7443,1476389848
E6:71:85:62:0D:A8,-63,-68,7503,1476389908
E6:71:85:62:0D:A8,-63,-68,7563,1476389968
E6:71:85:62:0D:A8,-62,-68,7626,1476390031
E6:71:85:62:0D:A8,-62,-68,7686,1476390091
E6:71:85:62:0D:A8,-63,-68,7746,1476390151
E6:71:85:62:0D:A8,-63,-68,7806,1476390211
E6:71:85:62:0D:A8,-63,-68,7866,1476390271
E6:71:85:62:0D:A8,-63,-68,7952,1476390358
E6:71:85:62:0D:A8,-63,-68,8012,1476390418
E6:71:85:62:0D:A8,-63,-68,8072,1476390478
E6:71:85:62:0D:A8,-63,-69,8132,1476390538
E6:71:85:62:0D:A8,-63,-69,8192,1476390598
E6:71:85:62:0D:A8,-63,-68,8255,1476390661
E6:71:85:62:0D:A8,-63,-68,8315,1476390721
E6:71:85:62:0D:A8,-63,-68,8375,1476390781
E6:71:85:62:0D:A8,-63,-68,8435,1476390841
E6:71:85:62:0D:A8,-63,-68,8495,1476390901
E6:71:85:62:0D:A8,-63,-69,8558,1476390964
E6:71:85:62:0D:A8,-64,-69,8618,1476391024
E6:71:85:62:0D:A8,-64,-69,8678,1476391084
E6:71:85:62:0D:A8,-63,-69,8738,1476391144
E6:71:85:62:0D:A8,-63,-69,8798,1476391204
E6:71:85:62:0D:A8,-64,-69,8861,1476391267
E6:71:85:62:0D:A8,-63,-69,8921,1476391327
E6:71:85:62:0D:A8,-63,-69,8981,1476391387
E6:71:85:62:0D:A8,-64,-69,9041,1476391447
E6:71:85:62:0D:A8,-63,-69,9101,1476391507
E6:71:85:62:0D:A8,-63,-69,9161,1476391567
E6:71:85:62:0D:A8,-64,-69,9221,1476391627
E6:71:85:62:0D:A8,-63,-69,9281,1476391687
E6:71:85:62:0D:A8,-63,-69,9341,1476391747
E6:71:85:62:0D:A8,-63,-68,9404,1476391810
E6:71:85:62:0D:A8,-64,-70,9464,1476391870
E6:71:85:62:0D:A8,-63,-69,9524,1476391930
E6:71:85:62:0D:A8,-63,-68,9584,1476391990
E6:71:85:62:0D:A8,-63,-68,9644,1476392050
E6:71:85:62:0D:A8,-63,-68,9707,1476392113
E6:71:85:62:0D:A8,-63,-68,9768,1476392173
E6:71:85:62:0D:A8,-63,-69,9828,1476392233
E6:71:85:62:0D:A8,-63,-68,9888,1476392293
E6:71:85:62:0D:A8,-63,-68,9948,1476392353
E6:71:85:62:0D:A8,-63,-69,10033,1476392439
E6:71:85:62:0D:A8,-63,-69,10093,1476392499
E6:71:85:62:0D:A8,-63,-69,10153,1476392559
E6:71:85:62:0D:A8,-63,-68,10213,1476392619
E6:71:85:62:0D:A8,-63,-68,10273,1476392679
E6:71:85:62:0D:A8,-63,-69,10336,1476392742
E6:71:85:62:0D:A8,-63,-69,10396,1476392802
E6:71:85:62:0D:A8,-63,-69,10456,1476392862
E6:71:85:62:0D:A8,-63,-69,10516,1476392922
E6:71:85:62:0D:A8,-63,-69,10576,1476392982
E6:71:85:62:0D:A8,-63,-68,10639,1476393045
E6:71:85:62:0D:A8,-63,-68,10699,1476393105
E6:71:85:62:0D:A8,-63,-68,10759,1476393165
E6:71:85:62:0D:A8,-63,-68,10819,1476393225
E6:71:85:62:0D:A8,-63,-68,10879,1476393285
E6:71:85:62:0D:A8,-63,-68,10939,1476393345
E6:71:85:62:0D:A8,-63,-69,11000,1476393405
E6:71:85:62:0D:A8,-63,-68,11060,1476393465
E6:71:85:62:0D:A8,-63,-68,11120,1476393525
E6:71:85:62:0D:A8,-63,-68,11183,1476393588
E6:71:85:62:0D:A8,-63,-68,11243,1476393648
E6:71:85:62:0D:A8,-63,-68,11303,1476393708
E6:71:85:62:0D:A8,-63,-68,11363,1476393768
E6:71:85:62:0D:A8,-63,-69,11423,1476393828
E6:71:85:62:0D:A8,-63,-68,11507,1476393912
E6:71:85:62:0D:A8,-63,-69,11567,1476393972
E6:71:85:62:0D:A8,-63,-69,11627,1476394032
E6:71:85:62:0D:A8,-63,-68,11687,1476394092
E6:71:85:62:0D:A8,-63,-69,11747,1476394152
E6:71:85:62:0D:A8,-63,-68,11810,1476394215
E6:71:85:62:0D:A8,-63,-68,11870,1476394275
E6:71:85:62:0D:A8,-63,-68,11930,1476394336
E6:71:85:62:0D:A8,-62,-68,11990,1476394396
E6:71:85:62:0D:A8,-63,-68,12050,1476394455
E6:71:85:62:0D:A8,-64,-70,12113,1476394519
E6:71:85:62:0D:A8,-63,-68,12173,1476394579
E6:71:85:62:0D:A8,-62,-68,12233,1476394639
E6:71:85:62:0D:A8,-64,-70,12293,1476394699
E6:71:85:62:0D:A8,-63,-68,12353,1476394759
E6:71:85:62:0D:A8,-63,-69,12416,1476394822
E6:71:85:62:0D:A8,-63,-69,12476,1476394882
E6:71:85:62:0D:A8,-63,-69,12536,1476394942
E6:71:85:62:0D:A8,-63,-69,12596,1476395002
E6:71:85:62:0D:A8,-63,-69,12656,1476395062
E6:71:85:62:0D:A8,-63,-68,12716,1476395122
E6:71:85:62:0D:A8,-63,-69,12776,1476395182
E6:71:85:62:0D:A8,-63,-68,12836,1476395242
E6:71:85:62:0D:A8,-63,-68,12896,1476395302
E6:71:85:62:0D:A8,-63,-68,12959,1476395365
E6:71:85:62:0D:A8,-63,-68,13019,1476395425
E6:71:85:62:0D:A8,-63,-68,13079,1476395485
E6:71:85:62:0D:A8,-63,-69,13139,1476395545
E6:71:85:62:0D:A8,-63,-69,13199,1476395605
E6:71:85:62:0D:A8,-63,-68,13262,1476395668
E6:71:85:62:0D:A8,-63,-68,13322,1476395728
E6:71:85:62:0D:A8,-63,-68,13382,1476395788
E6:71:85:62:0D:A8,-63,-68,13442,1476395848
E6:71:85:62:0D:A8,-63,-68,13502,1476395908
E6:71:85:62:0D:A8,-63,-68,13565,1476395971
E6:71:85:62:0D:A8,-63,-68,13625,1476396031
E6:71:85:62:0D:A8,-63,-68,13685,1476396091
E6:71:85:62:0D:A8,-63,-69,13745,1476396151
E6:71:85:62:0D:A8,-63,-69,13805,1476396211
E6:71:85:62:0D:A8,-63,-69,13868,1476396274
E6:71:85:62:0D:A8,-63,-69,13928,1476396334
E6:71:85:62:0D:A8,-64,-69,13988,1476396394
E6:71:85:62:0D:A8,-63,-69,14048,1476396454
E6:71:85:62:0D:A8,-63,-69,14108,1476396514
E6:71:85:62:0D:A8,-63,-68,14171,1476396577
E6:71:85:62:0D:A8,-63,-68,14231,1476396637
E6:71:85:62:0D:A8,-63,-68,14291,1476396697
E6:71:85:62:0D:A8,-63,-69,14351,1476396757
E6:71:85:62:0D:A8,-63,-68,14411,1476396817
E6:71:85:62:0D:A8,-63,-68,14471,1476396877
E6:71:85:62:0D:A8,-64,-69,14531,1476396937
E6:71:85:62:0D:A8,-63,-69,14591,1476396997
E6:71:85:62:0D:A8,-63,-69,14651,1476397057
E6:71:85:62:0D:A8,-63,-68,14715,1476397120
E6:71:85:62:0D:A8,-63,-68,14775,1476397180
E6:71:85:62:0D:A8,-63,-68,14835,1476397240
E6:71:85:62:0D:A8,-63,-68,14895,1476397300
E6:71:85:62:0D:A8,-63,-68,14955,1476397360
E6:71:85:62:0D:A8,-63,-69,15018,1476397423
E6:71:85:62:0D:A8,-63,-69,15078,1476397483
E6:71:85:62:0D:A8,-63,-68,15138,1476397543
E6:71:85:62:0D:A8,-63,-68,15198,1476397603
E6:71:85:62:0D:A8,-63,-68,15258,1476397663
E6:71:85:62:0D:A8,-64,-69,15321,1476397726
E6:71:85:62:0D:A8,-64,-69,15381,1476397786
E6:71:85:62:0D:A8,-64,-69,15441,1476397846
E6:71:85:62:0D:A8,-63,-69,15501,1476397906
E6:71:85:62:0D:A8,-64,-70,15561,1476397966
E6:71:85:62:0D:A8,-63,-68,15624,1476398029
E6:71:85:62:0D:A8,-63,-68,15684,1476398089
E6:71:85:62:0D:A8,-63,-68,15744,1476398149
E6:71:85:62:0D:A8,-63,-68,15804,1476398209
E6:71:85:62:0D:A8,-63,-68,15864,1476398269
E6:71:85:62:0D:A8,-63,-68,15950,1476398355
E6:71:85:62:0D:A8,-63,-68,16010,1476398415
E6:71:85:62:0D:A8,-63,-69,16070,1476398475
E6:71:85:62:0D:A8,-63,-69,16130,1476398535
E6:71:85:62:0D:A8,-63,-69,16190,1476398595
E6:71:85:62:0D:A8,-63,-68,16250,1476398655
E6:71:85:62:0D:A8,-63,-68,16310,1476398715
E6:71:85:62:0D:A8,-63,-68,16370,1476398775
E6:71:85:62:0D:A8,-63,-68,16430,1476398835
E6:71:85:62:0D:A8,-63,-68,16514,1476398919
E6:71:85:62:0D:A8,-65,-70,16574,1476398979
E6:71:85:62:0D:A8,-63,-68,16634,1476399039
E6:71:85:62:0D:A8,-63,-68,16694,1476399099
E6:71:85:62:0D:A8,-63,-69,16754,1476399159
E6:71:85:62:0D:A8,-63,-68,16817,1476399222
E6:71:85:62:0D:A8,-63,-69,16877,1476399282
E6:71:85:62:0D:A8,-63,-68,16937,1476399342
E6:71:85:62:0D:A8,-63,-68,16997,1476399402
E6:71:85:62:0D:A8,-63,-68,17057,1476399462
E6:71:85:62:0D:A8,-63,-68,17120,1476399525
E6:71:85:62:0D:A8,-64,-69,17180,1476399585
E6:71:85:62:0D:A8,-63,-68,17240,1476399645
E6:71:85:62:0D:A8,-63,-68,17300,1476399705
E6:71:85:62:0D:A8,-63,-68,17360,1476399765
E6:71:85:62:0D:A8,-63,-68,17423,1476399828
E6:71:85:62:0D:A8,-63,-68,17483,1476399888
E6:71:85:62:0D:A8,-63,-68,17543,1476399948
E6:71:85:62:0D:A8,-63,-68,17603,1476400008
E6:71:85:62:0D:A8,-63,-68,17663,1476400068
E6:71:85:62:0D:A8,-63,-68,17726,1476400131
E6:71:85:62:0D:A8,-63,-68,17786,1476400191
E6:71:85:62:0D:A8,-63,-69,17846,1476400251
E6:71:85:62:0D:A8,-63,-68,17906,1476400311
E6:71:85:62:0D:A8,-63,-69,17966,1476400371
E6:71:85:62:0D:A8,-63,-68,18026,1476400431
E6:71:85:62:0D:A8,-63,-68,18086,1476400491
E6:71:85:62:0D:A8,-63,-68,18146,1476400551
E6:71:85:62:0D:A8,-63,-68,18206,1476400611
E6:71:85:62:0D:A8,-63,-67,18292,1476400697
E6:71:85:62:0D:A8,-63,-68,18352,1476400757
E6:71:85:62:0D:A8,-63,-68,18412,1476400817
E6:71:85:62:0D:A8,-63,-68,18472,1476400877
E6:71:85:62:0D:A8,-63,-68,18532,1476400937
E6:71:85:62:0D:A8,-63,-68,18595,1476401000
E6:71:85:62:0D:A8,-63,-68,18655,1476401060
E6:71:85:62:0D:A8,-62,-67,18715,1476401120
E6:71:85:62:0D:A8,-63,-68,18775,1476401180
E6:71:85:62:0D:A8,-63,-68,18835,1476401240
E6:71:85:62:0D:A8,-63,-68,18898,1476401303
E6:71:85:62:0D:A8,-64,-69,18958,1476401363
E6:71:85:62:0D:A8,-63,-69,19018,1476401423
E6:71:85:62:0D:A8,-64,-69,19078,1476401483
E6:71:85:62:0D:A8,-63,-69,19138,1476401543
E6:71:85:62:0D:A8,-63,-68,19201,1476401607
E6:71:85:62:0D:A8,-63,-68,19261,1476401667
E6:71:85:62:0D:A8,-64,-69,19321,1476401727
E6:71:85:62:0D:A8,-63,-68,19381,1476401787
E6:71:85:62:0D:A8,-63,-68,19441,1476401847
E6:71:85:62:0D:A8,-63,-68,19504,1476401910
E6:71:85:62:0D:A8,-63,-68,19564,1476401970
E6:71:85:62:0D:A8,-63,-68,19624,1476402030
E6:71:85:62:0D:A8,-63,-68,19684,1476402090
E6:71:85:62:0D:A8,-63,-68,19744,1476402150
E6:71:85:62:0D:A8,-63,-68,19804,1476402210
E6:71:85:62:0D:A8,-63,-68,19864,1476402270
E6:71:85:62:0D:A8,-63,-68,19924,1476402330
E6:71:85:62:0D:A8,-63,-68,19984,1476402390
