Client_MAC,Rssi0,Rssi1,Connection_Time,EpocTime
60:03:08:69:46:C4,-74,-75,845,1476420410
E6:71:85:62:0D:A8,-65,-68,6429,1476420410
E6:71:85:62:00:80,-62,-66,5963,1476420410
60:03:08:69:46:C4,-74,-75,905,1476420470
E6:71:85:62:0D:A8,-66,-68,6489,1476420470
E6:71:85:62:00:80,-62,-66,6023,1476420470
60:03:08:69:46:C4,-74,-74,965,1476420530
E6:71:85:62:0D:A8,-66,-68,6549,1476420530
E6:71:85:62:00:80,-62,-66,6083,1476420530
60:03:08:69:46:C4,-75,-74,1025,1476420590
E6:71:85:62:0D:A8,-65,-67,6609,1476420590
E6:71:85:62:00:80,-62,-66,6143,1476420590
60:03:08:69:46:C4,-75,-74,1085,1476420650
E6:71:85:62:0D:A8,-66,-68,6669,1476420650
E6:71:85:62:00:80,-61,-65,6203,1476420650
60:03:08:69:46:C4,-75,-77,1145,1476420710
E6:71:85:62:0D:A8,-66,-68,6729,1476420710
E6:71:85:62:00:80,-62,-66,6263,1476420710
60:03:08:69:46:C4,-78,-81,1205,1476420770
E6:71:85:62:0D:A8,-65,-67,6789,1476420770
E6:71:85:62:00:80,-62,-66,6323,1476420770
60:03:08:69:46:C4,-83,-80,1265,1476420830
E6:71:85:62:0D:A8,-66,-68,6849,1476420830
E6:71:85:62:00:80,-62,-66,6383,1476420830
60:03:08:69:46:C4,-81,-80,1325,1476420890
E6:71:85:62:0D:A8,-66,-68,6909,1476420890
E6:71:85:62:00:80,-62,-66,6443,1476420890
60:03:08:69:46:C4,-80,-80,1388,1476420953
E6:71:85:62:0D:A8,-66,-68,6972,1476420953
E6:71:85:62:00:80,-61,-66,6506,1476420953
60:03:08:69:46:C4,-80,-80,1448,1476421013
E6:71:85:62:0D:A8,-66,-68,7032,1476421013
E6:71:85:62:00:80,-62,-66,6566,1476421013
60:03:08:69:46:C4,-79,-82,1508,1476421073
E6:71:85:62:0D:A8,-65,-68,7092,1476421073
E6:71:85:62:00:80,-61,-66,6626,1476421073
60:03:08:69:46:C4,-79,-83,1568,1476421133
E6:71:85:62:0D:A8,-65,-67,7152,1476421133
E6:71:85:62:00:80,-62,-65,6686,1476421133
60:03:08:69:46:C4,-80,-84,1628,1476421193
E6:71:85:62:0D:A8,-65,-68,7212,1476421193
E6:71:85:62:00:80,-61,-65,6746,1476421193
60:03:08:69:46:C4,-80,-84,1691,1476421256
E6:71:85:62:0D:A8,-65,-68,7275,1476421256
E6:71:85:62:00:80,-61,-65,6809,1476421256
60:03:08:69:46:C4,-80,-84,1751,1476421316
E6:71:85:62:0D:A8,-66,-68,7335,1476421316
E6:71:85:62:00:80,-61,-66,6869,1476421316
60:03:08:69:46:C4,-80,-84,1811,1476421376
E6:71:85:62:0D:A8,-66,-68,7395,1476421376
E6:71:85:62:00:80,-61,-66,6929,1476421376
60:03:08:69:46:C4,-80,-84,1871,1476421436
E6:71:85:62:0D:A8,-64,-67,7455,1476421436
E6:71:85:62:00:80,-61,-66,6989,1476421436
60:03:08:69:46:C4,-79,-83,1931,1476421496
E6:71:85:62:0D:A8,-65,-68,7515,1476421496
E6:71:85:62:00:80,-61,-65,7049,1476421496
60:03:08:69:46:C4,-79,-82,1994,1476421559
E6:71:85:62:0D:A8,-65,-68,7578,1476421559
E6:71:85:62:00:80,-62,-65,7112,1476421559
60:03:08:69:46:C4,-80,-82,2054,1476421619
E6:71:85:62:0D:A8,-65,-68,7638,1476421619
E6:71:85:62:00:80,-61,-65,7172,1476421619
60:03:08:69:46:C4,-80,-82,2114,1476421679
E6:71:85:62:0D:A8,-65,-67,7698,1476421679
E6:71:85:62:00:80,-61,-65,7232,1476421679
60:03:08:69:46:C4,-78,-82,2174,1476421739
E6:71:85:62:0D:A8,-65,-68,7758,1476421739
E6:71:85:62:00:80,-61,-65,7292,1476421739
60:03:08:69:46:C4,-78,-82,2234,1476421799
E6:71:85:62:0D:A8,-65,-68,7818,1476421799
E6:71:85:62:00:80,-61,-65,7352,1476421799
60:03:08:69:46:C4,-78,-82,2298,1476421862
E6:71:85:62:0D:A8,-65,-68,7882,1476421862
E6:71:85:62:00:80,-61,-65,7416,1476421862
60:03:08:69:46:C4,-78,-81,2358,1476421922
E6:71:85:62:0D:A8,-65,-68,7942,1476421922
E6:71:85:62:00:80,-61,-65,7476,1476421922
60:03:08:69:46:C4,-76,-83,2418,1476421982
E6:71:85:62:0D:A8,-66,-69,8002,1476421982
E6:71:85:62:00:80,-61,-65,7536,1476421982
60:03:08:69:46:C4,-76,-82,2478,1476422042
E6:71:85:62:0D:A8,-66,-68,8062,1476422042
E6:71:85:62:00:80,-61,-65,7596,1476422042
60:03:08:69:46:C4,-76,-82,2538,1476422102
E6:71:85:62:0D:A8,-66,-69,8122,1476422102
E6:71:85:62:00:80,-61,-65,7656,1476422102
60:03:08:69:46:C4,-76,-82,2601,1476422165
E6:71:85:62:0D:A8,-66,-69,8185,1476422165
E6:71:85:62:00:80,-61,-66,7719,1476422165
60:03:08:69:46:C4,-76,-83,2661,1476422225
E6:71:85:62:0D:A8,-65,-67,8245,1476422225
E6:71:85:62:00:80,-61,-66,7779,1476422225
60:03:08:69:46:C4,-79,-82,2721,1476422285
E6:71:85:62:0D:A8,-66,-68,8305,1476422285
E6:71:85:62:00:80,-61,-65,7839,1476422285
60:03:08:69:46:C4,-78,-81,2781,1476422345
E6:71:85:62:0D:A8,-66,-68,8365,1476422345
E6:71:85:62:00:80,-61,-65,7899,1476422345
60:03:08:69:46:C4,-76,-81,2841,1476422405
E6:71:85:62:0D:A8,-65,-68,8425,1476422405
E6:71:85:62:00:80,-61,-65,7959,1476422405
60:03:08:69:46:C4,-77,-81,2901,1476422465
E6:71:85:62:0D:A8,-66,-69,8485,1476422465
E6:71:85:62:00:80,-61,-66,8019,1476422465
60:03:08:69:46:C4,-77,-81,2961,1476422525
E6:71:85:62:0D:A8,-65,-68,8545,1476422525
E6:71:85:62:00:80,-61,-65,8079,1476422525
60:03:08:69:46:C4,-76,-83,3021,1476422585
E6:71:85:62:0D:A8,-65,-68,8605,1476422585
E6:71:85:62:00:80,-61,-65,8139,1476422585
60:03:08:69:46:C4,-76,-83,3081,1476422645
E6:71:85:62:0D:A8,-65,-68,8665,1476422645
E6:71:85:62:00:80,-61,-65,8199,1476422645
60:03:08:69:46:C4,-78,-83,3144,1476422708
E6:71:85:62:0D:A8,-66,-68,8728,1476422708
E6:71:85:62:00:80,-61,-66,8262,1476422708
60:03:08:69:46:C4,-77,-83,3204,1476422768
E6:71:85:62:0D:A8,-66,-68,8788,1476422768
E6:71:85:62:00:80,-62,-66,8322,1476422768
60:03:08:69:46:C4,-77,-87,3264,1476422828
E6:71:85:62:0D:A8,-66,-68,8848,1476422828
E6:71:85:62:00:80,-62,-66,8382,1476422828
60:03:08:69:46:C4,-82,-85,3324,1476422888
E6:71:85:62:0D:A8,-66,-68,8908,1476422888
E6:71:85:62:00:80,-62,-66,8442,1476422888
60:03:08:69:46:C4,-80,-85,3384,1476422948
E6:71:85:62:0D:A8,-66,-68,8968,1476422948
E6:71:85:62:00:80,-62,-66,8502,1476422948
60:03:08:69:46:C4,-80,-86,3470,1476423035
E6:71:85:62:0D:A8,-66,-69,9054,1476423035
E6:71:85:62:00:80,-61,-65,8588,1476423035
60:03:08:69:46:C4,-79,-83,3530,1476423095
E6:71:85:62:0D:A8,-65,-67,9114,1476423095
E6:71:85:62:00:80,-61,-65,8648,1476423095
60:03:08:69:46:C4,-79,-83,3590,1476423155
E6:71:85:62:0D:A8,-65,-68,9174,1476423155
E6:71:85:62:00:80,-61,-65,8708,1476423155
60:03:08:69:46:C4,-77,-82,3650,1476423215
E6:71:85:62:0D:A8,-65,-67,9234,1476423215
E6:71:85:62:00:80,-61,-65,8768,1476423215
60:03:08:69:46:C4,-80,-82,3710,1476423275
E6:71:85:62:0D:A8,-66,-69,9294,1476423275
E6:71:85:62:00:80,-61,-65,8828,1476423275
60:03:08:69:46:C4,-80,-82,3774,1476423338
E6:71:85:62:0D:A8,-66,-68,9358,1476423338
E6:71:85:62:00:80,-62,-66,8892,1476423338
60:03:08:69:46:C4,-82,-81,3834,1476423398
E6:71:85:62:0D:A8,-66,-68,9418,1476423398
E6:71:85:62:00:80,-61,-65,8952,1476423398
60:03:08:69:46:C4,-80,-82,3894,1476423458
E6:71:85:62:0D:A8,-66,-68,9478,1476423458
E6:71:85:62:00:80,-62,-66,9012,1476423458
60:03:08:69:46:C4,-80,-82,3954,1476423518
E6:71:85:62:0D:A8,-66,-68,9538,1476423518
E6:71:85:62:00:80,-61,-65,9072,1476423518
60:03:08:69:46:C4,-81,-83,4014,1476423578
E6:71:85:62:0D:A8,-66,-68,9598,1476423578
E6:71:85:62:00:80,-60,-64,9132,1476423578
60:03:08:69:46:C4,-77,-82,4077,1476423641
E6:71:85:62:0D:A8,-66,-68,9661,1476423641
E6:71:85:62:00:80,-61,-66,9195,1476423641
60:03:08:69:46:C4,-77,-82,4137,1476423701
E6:71:85:62:0D:A8,-65,-68,9721,1476423701
E6:71:85:62:00:80,-61,-65,9255,1476423701
60:03:08:69:46:C4,-75,-82,4197,1476423761
E6:71:85:62:0D:A8,-67,-69,9781,1476423761
E6:71:85:62:00:80,-60,-64,9315,1476423761
60:03:08:69:46:C4,-74,-83,4257,1476423821
E6:71:85:62:0D:A8,-65,-68,9841,1476423821
E6:71:85:62:00:80,-61,-65,9375,1476423821
60:03:08:69:46:C4,-74,-83,4317,1476423881
E6:71:85:62:0D:A8,-66,-68,9901,1476423881
E6:71:85:62:00:80,-62,-66,9435,1476423881
60:03:08:69:46:C4,-74,-82,4380,1476423944
E6:71:85:62:0D:A8,-66,-68,9964,1476423944
E6:71:85:62:00:80,-61,-65,9498,1476423944
60:03:08:69:46:C4,-73,-81,4440,1476424004
E6:71:85:62:0D:A8,-65,-67,10024,1476424004
E6:71:85:62:00:80,-62,-65,9558,1476424004
60:03:08:69:46:C4,-73,-81,4500,1476424064
E6:71:85:62:0D:A8,-65,-68,10084,1476424064
E6:71:85:62:00:80,-61,-65,9618,1476424064
60:03:08:69:46:C4,-73,-80,4560,1476424124
E6:71:85:62:0D:A8,-65,-67,10144,1476424124
E6:71:85:62:00:80,-59,-63,9678,1476424124
60:03:08:69:46:C4,-75,-82,4620,1476424184
E6:71:85:62:0D:A8,-65,-68,10204,1476424184
E6:71:85:62:00:80,-60,-64,9738,1476424184
60:03:08:69:46:C4,-79,-80,4680,1476424244
E6:71:85:62:0D:A8,-65,-68,10264,1476424244
E6:71:85:62:00:80,-61,-65,9798,1476424244
60:03:08:69:46:C4,-81,-84,4740,1476424304
E6:71:85:62:0D:A8,-65,-68,10324,1476424304
E6:71:85:62:00:80,-61,-65,9858,1476424304
60:03:08:69:46:C4,-81,-86,4800,1476424364
E6:71:85:62:0D:A8,-65,-67,10384,1476424364
E6:71:85:62:00:80,-61,-65,9918,1476424364
60:03:08:69:46:C4,-83,-85,4860,1476424424
E6:71:85:62:0D:A8,-65,-68,10444,1476424424
E6:71:85:62:00:80,-61,-65,9978,1476424424
60:03:08:69:46:C4,-84,-86,4923,1476424487
E6:71:85:62:0D:A8,-66,-68,10507,1476424487
E6:71:85:62:00:80,-61,-65,10041,1476424487
60:03:08:69:46:C4,-84,-86,4983,1476424547
E6:71:85:62:0D:A8,-66,-69,10567,1476424547
E6:71:85:62:00:80,-61,-65,10101,1476424547
60:03:08:69:46:C4,-84,-86,5043,1476424607
E6:71:85:62:0D:A8,-65,-68,10627,1476424607
E6:71:85:62:00:80,-61,-65,10161,1476424607
60:03:08:69:46:C4,-84,-86,5103,1476424667
E6:71:85:62:0D:A8,-65,-68,10687,1476424667
E6:71:85:62:00:80,-61,-65,10221,1476424667
60:03:08:69:46:C4,-84,-86,5163,1476424727
E6:71:85:62:0D:A8,-65,-67,10747,1476424727
E6:71:85:62:00:80,-62,-65,10281,1476424727
E6:71:85:62:0D:A8,-66,-69,10810,1476424790
E6:71:85:62:00:80,-62,-66,10344,1476424790
E6:71:85:62:0D:A8,-66,-69,10870,1476424850
E6:71:85:62:00:80,-61,-65,10404,1476424850
E6:71:85:62:0D:A8,-65,-68,10930,1476424910
E6:71:85:62:00:80,-62,-66,10464,1476424910
E6:71:85:62:0D:A8,-66,-68,10990,1476424970
E6:71:85:62:00:80,-62,-66,10524,1476424970
E6:71:85:62:0D:A8,-66,-69,11050,1476425030
E6:71:85:62:00:80,-61,-66,10584,1476425030
E6:71:85:62:0D:A8,-65,-68,11113,1476425093
E6:71:85:62:00:80,-62,-66,10647,1476425093
E6:71:85:62:0D:A8,-65,-68,11173,1476425153
E6:71:85:62:00:80,-61,-66,10707,1476425153
E6:71:85:62:0D:A8,-65,-68,11233,1476425213
E6:71:85:62:00:80,-62,-66,10767,1476425213
E6:71:85:62:0D:A8,-66,-68,11293,1476425273
E6:71:85:62:00:80,-61,-65,10827,1476425273
E6:71:85:62:0D:A8,-66,-69,11353,1476425333
E6:71:85:62:00:80,-61,-66,10887,1476425333
E6:71:85:62:0D:A8,-66,-68,11416,1476425396
E6:71:85:62:00:80,-62,-65,10950,1476425396
E6:71:85:62:0D:A8,-65,-68,11476,1476425456
E6:71:85:62:00:80,-61,-65,11010,1476425456
E6:71:85:62:0D:A8,-65,-67,11536,1476425516
E6:71:85:62:00:80,-61,-65,11070,1476425516
E6:71:85:62:0D:A8,-65,-68,11596,1476425576
E6:71:85:62:00:80,-61,-65,11130,1476425576
E6:71:85:62:0D:A8,-65,-68,11656,1476425636
E6:71:85:62:00:80,-61,-65,11190,1476425636
