Client_MAC,Rssi0,Rssi1,Connection_Time,EpocTime
60:03:08:69:46:C4,-81,-82,4957,1476444966
E6:71:85:62:0D:A8,-68,-71,30986,1476444966
E6:71:85:62:00:80,-60,-64,30520,1476444966
60:03:08:69:46:C4,-80,-81,5017,1476445026
E6:71:85:62:0D:A8,-68,-70,31046,1476445026
E6:71:85:62:00:80,-59,-63,30580,1476445026
60:03:08:69:46:C4,-81,-81,5077,1476445086
E6:71:85:62:0D:A8,-68,-70,31106,1476445086
E6:71:85:62:00:80,-59,-64,30640,1476445086
60:03:08:69:46:C4,-81,-81,5137,1476445146
E6:71:85:62:0D:A8,-68,-71,31166,1476445146
E6:71:85:62:00:80,-60,-64,30700,1476445146
60:03:08:69:46:C4,-81,-81,5197,1476445206
E6:71:85:62:0D:A8,-68,-70,31226,1476445206
E6:71:85:62:00:80,-61,-65,30760,1476445206
60:03:08:69:46:C4,-81,-81,5260,1476445269
E6:71:85:62:0D:A8,-69,-71,31289,1476445269
E6:71:85:62:00:80,-60,-64,30823,1476445269
60:03:08:69:46:C4,-81,-81,5320,1476445329
E6:71:85:62:0D:A8,-69,-71,31349,1476445329
E6:71:85:62:00:80,-60,-64,30883,1476445329
60:03:08:69:46:C4,-82,-82,5380,1476445389
E6:71:85:62:0D:A8,-69,-71,31409,1476445389
E6:71:85:62:00:80,-61,-66,30943,1476445389
60:03:08:69:46:C4,-81,-82,5440,1476445449
E6:71:85:62:0D:A8,-69,-71,31469,1476445449
E6:71:85:62:00:80,-61,-65,31003,1476445449
60:03:08:69:46:C4,-81,-82,5500,1476445509
E6:71:85:62:0D:A8,-68,-70,31529,1476445509
E6:71:85:62:00:80,-61,-65,31063,1476445509
60:03:08:69:46:C4,-81,-82,5560,1476445569
E6:71:85:62:0D:A8,-69,-71,31589,1476445569
E6:71:85:62:00:80,-61,-66,31123,1476445569
60:03:08:69:46:C4,-81,-82,5620,1476445629
E6:71:85:62:0D:A8,-68,-70,31649,1476445629
E6:71:85:62:00:80,-61,-66,31183,1476445629
60:03:08:69:46:C4,-82,-82,5680,1476445689
E6:71:85:62:0D:A8,-68,-70,31709,1476445689
E6:71:85:62:00:80,-61,-66,31243,1476445689
60:03:08:69:46:C4,-82,-82,5740,1476445749
E6:71:85:62:0D:A8,-68,-70,31769,1476445749
E6:71:85:62:00:80,-62,-66,31303,1476445749
60:03:08:69:46:C4,-82,-82,5803,1476445812
E6:71:85:62:0D:A8,-69,-71,31832,1476445812
E6:71:85:62:00:80,-61,-66,31366,1476445812
60:03:08:69:46:C4,-82,-82,5863,1476445872
E6:71:85:62:0D:A8,-69,-71,31892,1476445872
E6:71:85:62:00:80,-61,-66,31426,1476445872
60:03:08:69:46:C4,-81,-81,5923,1476445932
E6:71:85:62:0D:A8,-69,-71,31952,1476445932
E6:71:85:62:00:80,-61,-65,31486,1476445932
60:03:08:69:46:C4,-81,-81,5983,1476445992
E6:71:85:62:0D:A8,-69,-71,32012,1476445992
E6:71:85:62:00:80,-61,-65,31546,1476445992
60:03:08:69:46:C4,-81,-81,6043,1476446052
E6:71:85:62:0D:A8,-68,-70,32072,1476446052
E6:71:85:62:00:80,-61,-65,31606,1476446052
60:03:08:69:46:C4,-81,-81,6106,1476446115
E6:71:85:62:0D:A8,-69,-71,32135,1476446115
E6:71:85:62:00:80,-61,-66,31669,1476446115
60:03:08:69:46:C4,-81,-81,6166,1476446175
E6:71:85:62:0D:A8,-69,-71,32195,1476446175
E6:71:85:62:00:80,-59,-63,31729,1476446175
60:03:08:69:46:C4,-81,-81,6226,1476446235
E6:71:85:62:0D:A8,-69,-71,32255,1476446235
E6:71:85:62:00:80,-61,-65,31789,1476446235
60:03:08:69:46:C4,-81,-81,6286,1476446295
E6:71:85:62:0D:A8,-68,-70,32315,1476446295
E6:71:85:62:00:80,-61,-66,31849,1476446295
60:03:08:69:46:C4,-81,-81,6346,1476446355
E6:71:85:62:0D:A8,-69,-71,32375,1476446355
E6:71:85:62:00:80,-61,-65,31909,1476446355
60:03:08:69:46:C4,-81,-81,6409,1476446418
E6:71:85:62:0D:A8,-69,-71,32438,1476446418
E6:71:85:62:00:80,-61,-66,31972,1476446418
60:03:08:69:46:C4,-81,-81,6469,1476446478
E6:71:85:62:0D:A8,-69,-71,32498,1476446478
E6:71:85:62:00:80,-61,-65,32032,1476446478
60:03:08:69:46:C4,-81,-81,6529,1476446538
E6:71:85:62:0D:A8,-69,-71,32558,1476446538
E6:71:85:62:00:80,-61,-66,32092,1476446538
60:03:08:69:46:C4,-81,-81,6589,1476446598
E6:71:85:62:0D:A8,-69,-71,32618,1476446598
E6:71:85:62:00:80,-61,-65,32152,1476446598
60:03:08:69:46:C4,-81,-81,6649,1476446658
E6:71:85:62:0D:A8,-68,-71,32678,1476446658
E6:71:85:62:00:80,-61,-66,32212,1476446658
60:03:08:69:46:C4,-81,-81,6712,1476446721
E6:71:85:62:0D:A8,-69,-71,32741,1476446721
E6:71:85:62:00:80,-61,-65,32275,1476446721
60:03:08:69:46:C4,-81,-81,6772,1476446781
E6:71:85:62:0D:A8,-68,-71,32801,1476446781
E6:71:85:62:00:80,-60,-65,32335,1476446781
60:03:08:69:46:C4,-81,-81,6832,1476446841
E6:71:85:62:0D:A8,-68,-71,32861,1476446841
E6:71:85:62:00:80,-61,-65,32395,1476446841
60:03:08:69:46:C4,-81,-81,6892,1476446901
E6:71:85:62:0D:A8,-68,-70,32921,1476446901
E6:71:85:62:00:80,-61,-65,32455,1476446901
60:03:08:69:46:C4,-81,-81,6952,1476446961
E6:71:85:62:0D:A8,-69,-70,32981,1476446961
E6:71:85:62:00:80,-61,-65,32515,1476446961
60:03:08:69:46:C4,-81,-81,7037,1476447047
E6:71:85:62:0D:A8,-69,-71,33066,1476447047
E6:71:85:62:00:80,-61,-66,32600,1476447047
60:03:08:69:46:C4,-81,-81,7097,1476447107
E6:71:85:62:0D:A8,-69,-70,33126,1476447107
E6:71:85:62:00:80,-61,-66,32660,1476447107
60:03:08:69:46:C4,-81,-82,7157,1476447167
E6:71:85:62:0D:A8,-69,-71,33186,1476447167
E6:71:85:62:00:80,-61,-65,32720,1476447167
60:03:08:69:46:C4,-81,-81,7217,1476447227
E6:71:85:62:0D:A8,-68,-71,33246,1476447227
E6:71:85:62:00:80,-61,-65,32780,1476447227
60:03:08:69:46:C4,-82,-82,7277,1476447287
E6:71:85:62:0D:A8,-69,-71,33306,1476447287
E6:71:85:62:00:80,-61,-65,32840,1476447287
60:03:08:69:46:C4,-82,-82,7337,1476447347
E6:71:85:62:0D:A8,-69,-71,33366,1476447347
E6:71:85:62:00:80,-61,-66,32900,1476447347
60:03:08:69:46:C4,-81,-82,7397,1476447407
E6:71:85:62:0D:A8,-69,-70,33426,1476447407
E6:71:85:62:00:80,-61,-66,32960,1476447407
60:03:08:69:46:C4,-81,-82,7457,1476447467
E6:71:85:62:0D:A8,-69,-71,33486,1476447467
E6:71:85:62:00:80,-61,-65,33020,1476447467
60:03:08:69:46:C4,-81,-82,7517,1476447527
E6:71:85:62:0D:A8,-69,-71,33546,1476447527
E6:71:85:62:00:80,-61,-65,33080,1476447527
60:03:08:69:46:C4,-81,-82,7581,1476447590
E6:71:85:62:0D:A8,-69,-71,33610,1476447590
E6:71:85:62:00:80,-61,-66,33144,1476447590
60:03:08:69:46:C4,-81,-82,7641,1476447650
E6:71:85:62:0D:A8,-69,-71,33670,1476447650
E6:71:85:62:00:80,-61,-65,33204,1476447650
60:03:08:69:46:C4,-81,-82,7701,1476447710
E6:71:85:62:0D:A8,-69,-71,33730,1476447710
E6:71:85:62:00:80,-61,-66,33264,1476447710
60:03:08:69:46:C4,-81,-82,7761,1476447770
E6:71:85:62:0D:A8,-69,-71,33790,1476447770
E6:71:85:62:00:80,-62,-66,33324,1476447770
60:03:08:69:46:C4,-81,-82,7821,1476447830
E6:71:85:62:0D:A8,-69,-71,33850,1476447830
E6:71:85:62:00:80,-62,-66,33384,1476447830
60:03:08:69:46:C4,-81,-81,7884,1476447893
E6:71:85:62:0D:A8,-68,-71,33913,1476447893
E6:71:85:62:00:80,-61,-65,33447,1476447893
60:03:08:69:46:C4,-81,-81,7944,1476447953
E6:71:85:62:0D:A8,-68,-70,33973,1476447953
E6:71:85:62:00:80,-61,-65,33507,1476447953
60:03:08:69:46:C4,-81,-81,8004,1476448013
E6:71:85:62:0D:A8,-68,-70,34033,1476448013
E6:71:85:62:00:80,-61,-65,33567,1476448013
60:03:08:69:46:C4,-78,-83,8064,1476448073
E6:71:85:62:0D:A8,-69,-71,34093,1476448073
E6:71:85:62:00:80,-61,-65,33627,1476448073
60:03:08:69:46:C4,-87,-83,8124,1476448133
E6:71:85:62:0D:A8,-69,-70,34153,1476448133
E6:71:85:62:00:80,-61,-65,33687,1476448133
60:03:08:69:46:C4,-86,-83,8187,1476448196
E6:71:85:62:0D:A8,-68,-70,34216,1476448196
E6:71:85:62:00:80,-61,-65,33750,1476448196
60:03:08:69:46:C4,-85,-83,8247,1476448256
E6:71:85:62:0D:A8,-68,-69,34276,1476448256
E6:71:85:62:00:80,-61,-65,33810,1476448256
60:03:08:69:46:C4,-84,-83,8307,1476448316
E6:71:85:62:0D:A8,-69,-70,34336,1476448316
E6:71:85:62:00:80,-61,-66,33870,1476448316
60:03:08:69:46:C4,-84,-83,8367,1476448376
E6:71:85:62:0D:A8,-69,-71,34396,1476448376
E6:71:85:62:00:80,-61,-67,33930,1476448376
60:03:08:69:46:C4,-84,-82,8427,1476448436
E6:71:85:62:0D:A8,-68,-70,34456,1476448436
E6:71:85:62:00:80,-61,-66,33990,1476448436
60:03:08:69:46:C4,-84,-81,8490,1476448499
E6:71:85:62:0D:A8,-69,-71,34519,1476448499
E6:71:85:62:00:80,-61,-66,34053,1476448499
60:03:08:69:46:C4,-84,-81,8550,1476448559
E6:71:85:62:0D:A8,-69,-71,34579,1476448559
E6:71:85:62:00:80,-62,-66,34113,1476448559
60:03:08:69:46:C4,-83,-80,8610,1476448619
E6:71:85:62:0D:A8,-69,-71,34639,1476448619
E6:71:85:62:00:80,-61,-65,34173,1476448619
60:03:08:69:46:C4,-83,-80,8670,1476448679
E6:71:85:62:0D:A8,-68,-71,34699,1476448679
E6:71:85:62:00:80,-62,-66,34233,1476448679
60:03:08:69:46:C4,-83,-80,8730,1476448739
E6:71:85:62:0D:A8,-69,-71,34759,1476448739
E6:71:85:62:00:80,-61,-66,34293,1476448739
60:03:08:69:46:C4,-83,-80,8816,1476448826
E6:71:85:62:0D:A8,-68,-70,34845,1476448826
E6:71:85:62:00:80,-61,-65,34379,1476448826
60:03:08:69:46:C4,-84,-80,8876,1476448886
E6:71:85:62:0D:A8,-68,-71,34905,1476448886
E6:71:85:62:00:80,-61,-65,34439,1476448886
60:03:08:69:46:C4,-84,-80,8936,1476448946
E6:71:85:62:0D:A8,-69,-71,34965,1476448946
E6:71:85:62:00:80,-61,-65,34499,1476448946
60:03:08:69:46:C4,-84,-80,8996,1476449006
E6:71:85:62:0D:A8,-69,-71,35025,1476449006
E6:71:85:62:00:80,-61,-65,34559,1476449006
60:03:08:69:46:C4,-83,-80,9063,1476449072
E6:71:85:62:0D:A8,-69,-71,35092,1476449072
E6:71:85:62:00:80,-62,-66,34626,1476449072
60:03:08:69:46:C4,-83,-80,9123,1476449132
E6:71:85:62:0D:A8,-69,-71,35152,1476449132
E6:71:85:62:00:80,-62,-66,34686,1476449132
60:03:08:69:46:C4,-83,-80,9183,1476449192
E6:71:85:62:0D:A8,-68,-70,35212,1476449192
E6:71:85:62:00:80,-61,-66,34746,1476449192
60:03:08:69:46:C4,-83,-80,9243,1476449252
E6:71:85:62:0D:A8,-68,-70,35272,1476449252
E6:71:85:62:00:80,-61,-66,34806,1476449252
E6:71:85:62:0D:A8,-68,-70,35332,1476449312
E6:71:85:62:00:80,-62,-66,34866,1476449312
E6:71:85:62:0D:A8,-68,-70,35395,1476449375
E6:71:85:62:00:80,-62,-66,34929,1476449375
E6:71:85:62:0D:A8,-68,-71,35455,1476449435
E6:71:85:62:00:80,-61,-66,34989,1476449435
E6:71:85:62:0D:A8,-68,-71,35515,1476449495
E6:71:85:62:00:80,-61,-65,35049,1476449495
E6:71:85:62:0D:A8,-69,-71,35575,1476449555
E6:71:85:62:00:80,-61,-65,35109,1476449555
E6:71:85:62:0D:A8,-68,-70,35635,1476449615
E6:71:85:62:00:80,-61,-65,35169,1476449615
60:03:08:69:46:C4,-83,-80,54,1476449678
E6:71:85:62:0D:A8,-67,-70,35698,1476449678
E6:71:85:62:00:80,-62,-66,35232,1476449678
60:03:08:69:46:C4,-83,-80,114,1476449738
E6:71:85:62:0D:A8,-67,-70,35758,1476449738
E6:71:85:62:00:80,-61,-66,35292,1476449738
60:03:08:69:46:C4,-83,-80,174,1476449798
E6:71:85:62:0D:A8,-68,-71,35818,1476449798
E6:71:85:62:00:80,-62,-66,35352,1476449798
60:03:08:69:46:C4,-83,-80,234,1476449858
E6:71:85:62:0D:A8,-68,-71,35878,1476449858
E6:71:85:62:00:80,-61,-65,35412,1476449858
60:03:08:69:46:C4,-83,-81,294,1476449918
E6:71:85:62:0D:A8,-68,-70,35938,1476449918
E6:71:85:62:00:80,-61,-65,35472,1476449918
