Client_MAC,Rssi0,Rssi1,Connection_Time,EpocTime
A4:77:33:F8:A1:B8,-63,-76,22873,1476504988
54:60:09:F2:D8:92,-81,-83,21367,1476504988
A4:77:33:F8:A1:B8,-62,-74,22933,1476505048
54:60:09:F2:D8:92,-80,-83,21427,1476505048
A4:77:33:F8:A1:B8,-57,-69,22993,1476505108
54:60:09:F2:D8:92,-79,-81,21487,1476505108
A4:77:33:F8:A1:B8,-58,-71,23053,1476505168
54:60:09:F2:D8:92,-81,-82,21547,1476505168
A4:77:33:F8:A1:B8,-59,-71,23113,1476505229
54:60:09:F2:D8:92,-78,-80,21607,1476505229
A4:77:33:F8:A1:B8,-65,-77,23205,1476505321
54:60:09:F2:D8:92,-81,-83,21699,1476505321
A4:77:33:F8:A1:B8,-65,-77,23265,1476505381
54:60:09:F2:D8:92,-82,-84,21759,1476505381
A4:77:33:F8:A1:B8,-62,-74,23325,1476505441
54:60:09:F2:D8:92,-81,-83,21819,1476505441
A4:77:33:F8:A1:B8,-62,-73,23385,1476505501
54:60:09:F2:D8:92,-83,-85,21879,1476505501
A4:77:33:F8:A1:B8,-61,-72,23445,1476505561
54:60:09:F2:D8:92,-83,-85,21939,1476505561
A4:77:33:F8:A1:B8,-65,-77,23508,1476505624
54:60:09:F2:D8:92,-84,-85,22002,1476505624
A4:77:33:F8:A1:B8,-60,-71,23568,1476505684
54:60:09:F2:D8:92,-83,-85,22062,1476505684
A4:77:33:F8:A1:B8,-64,-77,23628,1476505744
54:60:09:F2:D8:92,-83,-86,22122,1476505744
A4:77:33:F8:A1:B8,-62,-73,23688,1476505804
54:60:09:F2:D8:92,-83,-85,22182,1476505804
A4:77:33:F8:A1:B8,-59,-70,23748,1476505864
54:60:09:F2:D8:92,-83,-86,22242,1476505864
A4:77:33:F8:A1:B8,-66,-78,23811,1476505927
54:60:09:F2:D8:92,-84,-85,22305,1476505927
A4:77:33:F8:A1:B8,-61,-72,23871,1476505987
54:60:09:F2:D8:92,-83,-84,22365,1476505987
A4:77:33:F8:A1:B8,-65,-76,23931,1476506047
54:60:09:F2:D8:92,-82,-84,22425,1476506047
A4:77:33:F8:A1:B8,-64,-76,23991,1476506107
54:60:09:F2:D8:92,-83,-84,22485,1476506107
A4:77:33:F8:A1:B8,-57,-68,24051,1476506167
54:60:09:F2:D8:92,-78,-79,22545,1476506167
A4:77:33:F8:A1:B8,-60,-70,24114,1476506230
54:60:09:F2:D8:92,-74,-75,22608,1476506230
A4:77:33:F8:A1:B8,-61,-71,24174,1476506290
54:60:09:F2:D8:92,-84,-85,22668,1476506290
A4:77:33:F8:A1:B8,-60,-71,24234,1476506350
54:60:09:F2:D8:92,-83,-84,22728,1476506350
A4:77:33:F8:A1:B8,-57,-68,24294,1476506410
54:60:09:F2:D8:92,-84,-85,22788,1476506410
A4:77:33:F8:A1:B8,-59,-69,24361,1476506476
54:60:09:F2:D8:92,-84,-85,22855,1476506476
A4:77:33:F8:A1:B8,-58,-68,24421,1476506536
54:60:09:F2:D8:92,-80,-82,22915,1476506536
A4:77:33:F8:A1:B8,-58,-68,24481,1476506596
54:60:09:F2:D8:92,-84,-85,22975,1476506596
A4:77:33:F8:A1:B8,-64,-75,24541,1476506656
54:60:09:F2:D8:92,-84,-86,23035,1476506656
A4:77:33:F8:A1:B8,-62,-73,24601,1476506716
54:60:09:F2:D8:92,-84,-85,23095,1476506716
A4:77:33:F8:A1:B8,-61,-72,24664,1476506779
54:60:09:F2:D8:92,-84,-85,23158,1476506779
A4:77:33:F8:A1:B8,-65,-78,24724,1476506839
54:60:09:F2:D8:92,-80,-81,23218,1476506839
A4:77:33:F8:A1:B8,-62,-74,24784,1476506899
54:60:09:F2:D8:92,-81,-82,23278,1476506899
A4:77:33:F8:A1:B8,-65,-77,24844,1476506959
54:60:09:F2:D8:92,-84,-85,23338,1476506959
A4:77:33:F8:A1:B8,-62,-73,24904,1476507019
54:60:09:F2:D8:92,-84,-85,23398,1476507019
A4:77:33:F8:A1:B8,-63,-74,24967,1476507082
54:60:09:F2:D8:92,-84,-85,23461,1476507082
A4:77:33:F8:A1:B8,-65,-77,25027,1476507142
54:60:09:F2:D8:92,-84,-86,23521,1476507142
A4:77:33:F8:A1:B8,-62,-73,25087,1476507202
54:60:09:F2:D8:92,-84,-86,23581,1476507202
A4:77:33:F8:A1:B8,-66,-78,25147,1476507262
54:60:09:F2:D8:92,-80,-81,23641,1476507262
A4:77:33:F8:A1:B8,-62,-74,25207,1476507322
54:60:09:F2:D8:92,-84,-85,23701,1476507322
A4:77:33:F8:A1:B8,-61,-73,25270,1476507385
54:60:09:F2:D8:92,-84,-85,23764,1476507385
A4:77:33:F8:A1:B8,-66,-78,25330,1476507445
54:60:09:F2:D8:92,-84,-85,23824,1476507445
A4:77:33:F8:A1:B8,-61,-72,25390,1476507505
54:60:09:F2:D8:92,-84,-85,23884,1476507505
A4:77:33:F8:A1:B8,-65,-77,25450,1476507566
54:60:09:F2:D8:92,-84,-85,23944,1476507566
A4:77:33:F8:A1:B8,-57,-68,25510,1476507626
54:60:09:F2:D8:92,-83,-83,24004,1476507626
A4:77:33:F8:A1:B8,-61,-72,25573,1476507689
54:60:09:F2:D8:92,-83,-84,24067,1476507689
A4:77:33:F8:A1:B8,-58,-69,25633,1476507749
54:60:09:F2:D8:92,-80,-81,24127,1476507749
A4:77:33:F8:A1:B8,-61,-73,25693,1476507809
54:60:09:F2:D8:92,-75,-76,24187,1476507809
A4:77:33:F8:A1:B8,-63,-75,25753,1476507869
54:60:09:F2:D8:92,-79,-79,24247,1476507869
A4:77:33:F8:A1:B8,-57,-68,25813,1476507929
54:60:09:F2:D8:92,-84,-85,24307,1476507929
A4:77:33:F8:A1:B8,-59,-70,25876,1476507992
54:60:09:F2:D8:92,-84,-85,24370,1476507992
A4:77:33:F8:A1:B8,-58,-70,25936,1476508052
54:60:09:F2:D8:92,-85,-84,24430,1476508052
A4:77:33:F8:A1:B8,-58,-68,25996,1476508112
54:60:09:F2:D8:92,-85,-84,24490,1476508112
A4:77:33:F8:A1:B8,-57,-67,26056,1476508172
54:60:09:F2:D8:92,-84,-84,24550,1476508172
A4:77:33:F8:A1:B8,-57,-68,26116,1476508232
54:60:09:F2:D8:92,-84,-84,24610,1476508232
A4:77:33:F8:A1:B8,-58,-69,26176,1476508292
54:60:09:F2:D8:92,-84,-84,24670,1476508292
A4:77:33:F8:A1:B8,-62,-73,26236,1476508352
54:60:09:F2:D8:92,-85,-84,24730,1476508352
A4:77:33:F8:A1:B8,-65,-78,26296,1476508412
54:60:09:F2:D8:92,-85,-84,24790,1476508412
A4:77:33:F8:A1:B8,-66,-78,26356,1476508472
54:60:09:F2:D8:92,-85,-84,24850,1476508472
A4:77:33:F8:A1:B8,-61,-72,26419,1476508535
54:60:09:F2:D8:92,-80,-80,24913,1476508535
A4:77:33:F8:A1:B8,-65,-78,26479,1476508595
54:60:09:F2:D8:92,-81,-81,24973,1476508595
A4:77:33:F8:A1:B8,-61,-73,26539,1476508655
54:60:09:F2:D8:92,-85,-84,25033,1476508655
A4:77:33:F8:A1:B8,-62,-74,26599,1476508715
54:60:09:F2:D8:92,-80,-81,25093,1476508715
A4:77:33:F8:A1:B8,-64,-77,26659,1476508775
54:60:09:F2:D8:92,-82,-82,25153,1476508775
A4:77:33:F8:A1:B8,-59,-71,26722,1476508838
54:60:09:F2:D8:92,-84,-84,25216,1476508838
A4:77:33:F8:A1:B8,-65,-78,26782,1476508898
54:60:09:F2:D8:92,-84,-84,25276,1476508898
A4:77:33:F8:A1:B8,-60,-72,26842,1476508958
54:60:09:F2:D8:92,-80,-80,25336,1476508958
A4:77:33:F8:A1:B8,-59,-71,26902,1476509018
54:60:09:F2:D8:92,-84,-84,25396,1476509018
A4:77:33:F8:A1:B8,-57,-68,26962,1476509078
54:60:09:F2:D8:92,-84,-83,25456,1476509078
A4:77:33:F8:A1:B8,-63,-74,27025,1476509141
54:60:09:F2:D8:92,-84,-83,25519,1476509141
A4:77:33:F8:A1:B8,-63,-74,27085,1476509201
54:60:09:F2:D8:92,-82,-83,25579,1476509201
A4:77:33:F8:A1:B8,-59,-70,27145,1476509261
54:60:09:F2:D8:92,-80,-81,25639,1476509261
A4:77:33:F8:A1:B8,-60,-71,27205,1476509321
54:60:09:F2:D8:92,-71,-72,25699,1476509321
A4:77:33:F8:A1:B8,-59,-70,27265,1476509381
54:60:09:F2:D8:92,-84,-85,25759,1476509381
A4:77:33:F8:A1:B8,-61,-72,27328,1476509444
54:60:09:F2:D8:92,-83,-85,25822,1476509444
A4:77:33:F8:A1:B8,-60,-71,27388,1476509504
54:60:09:F2:D8:92,-83,-85,25882,1476509504
A4:77:33:F8:A1:B8,-59,-69,27448,1476509564
54:60:09:F2:D8:92,-77,-80,25942,1476509564
A4:77:33:F8:A1:B8,-58,-69,27508,1476509624
54:60:09:F2:D8:92,-81,-83,26002,1476509624
A4:77:33:F8:A1:B8,-57,-68,27568,1476509684
54:60:09:F2:D8:92,-81,-83,26062,1476509684
A4:77:33:F8:A1:B8,-61,-73,27660,1476509776
54:60:09:F2:D8:92,-79,-82,26154,1476509776
A4:77:33:F8:A1:B8,-64,-76,27720,1476509836
54:60:09:F2:D8:92,-78,-81,26214,1476509836
A4:77:33:F8:A1:B8,-61,-73,27780,1476509896
54:60:09:F2:D8:92,-77,-80,26274,1476509896
A4:77:33:F8:A1:B8,-65,-77,27840,1476509956
54:60:09:F2:D8:92,-79,-81,26334,1476509956
A4:77:33:F8:A1:B8,-58,-69,27900,1476510016
54:60:09:F2:D8:92,-73,-75,26394,1476510016
A4:77:33:F8:A1:B8,-60,-71,27960,1476510076
54:60:09:F2:D8:92,-83,-85,26454,1476510076
A4:77:33:F8:A1:B8,-60,-71,28020,1476510136
54:60:09:F2:D8:92,-84,-85,26514,1476510136
A4:77:33:F8:A1:B8,-59,-71,28080,1476510196
54:60:09:F2:D8:92,-84,-86,26574,1476510196
A4:77:33:F8:A1:B8,-58,-70,28140,1476510256
54:60:09:F2:D8:92,-84,-85,26634,1476510256
A4:77:33:F8:A1:B8,-60,-71,28233,1476510349
54:60:09:F2:D8:92,-84,-85,26727,1476510349
A4:77:33:F8:A1:B8,-62,-73,28293,1476510409
54:60:09:F2:D8:92,-80,-82,26787,1476510409
A4:77:33:F8:A1:B8,-60,-72,28353,1476510469
54:60:09:F2:D8:92,-78,-79,26847,1476510469
A4:77:33:F8:A1:B8,-64,-77,28413,1476510529
54:60:09:F2:D8:92,-79,-81,26907,1476510529
A4:77:33:F8:A1:B8,-58,-70,28473,1476510589
54:60:09:F2:D8:92,-77,-79,26967,1476510589
A4:77:33:F8:A1:B8,-60,-71,28536,1476510652
54:60:09:F2:D8:92,-81,-81,27030,1476510652
A4:77:33:F8:A1:B8,-59,-70,28596,1476510712
54:60:09:F2:D8:92,-77,-78,27090,1476510712
A4:77:33:F8:A1:B8,-58,-70,28656,1476510772
54:60:09:F2:D8:92,-72,-74,27150,1476510772
A4:77:33:F8:A1:B8,-65,-78,28716,1476510832
54:60:09:F2:D8:92,-77,-78,27210,1476510832
A4:77:33:F8:A1:B8,-59,-70,28776,1476510892
54:60:09:F2:D8:92,-82,-83,27270,1476510892
A4:77:33:F8:A1:B8,-60,-70,28839,1476510955
54:60:09:F2:D8:92,-80,-81,27333,1476510955
A4:77:33:F8:A1:B8,-59,-69,28899,1476511015
54:60:09:F2:D8:92,-80,-82,27393,1476511015
A4:77:33:F8:A1:B8,-59,-70,28959,1476511075
54:60:09:F2:D8:92,-80,-82,27453,1476511075
A4:77:33:F8:A1:B8,-65,-77,29019,1476511135
54:60:09:F2:D8:92,-82,-83,27513,1476511135
A4:77:33:F8:A1:B8,-64,-77,29079,1476511195
54:60:09:F2:D8:92,-80,-81,27573,1476511195
A4:77:33:F8:A1:B8,-65,-77,29142,1476511258
54:60:09:F2:D8:92,-84,-85,27636,1476511258
A4:77:33:F8:A1:B8,-61,-71,29202,1476511318
54:60:09:F2:D8:92,-84,-85,27696,1476511318
A4:77:33:F8:A1:B8,-65,-77,29262,1476511378
54:60:09:F2:D8:92,-81,-82,27756,1476511378
A4:77:33:F8:A1:B8,-61,-72,29322,1476511438
54:60:09:F2:D8:92,-81,-82,27816,1476511438
A4:77:33:F8:A1:B8,-61,-72,29382,1476511498
54:60:09:F2:D8:92,-79,-80,27876,1476511498
A4:77:33:F8:A1:B8,-62,-73,29445,1476511561
54:60:09:F2:D8:92,-80,-81,27939,1476511561
A4:77:33:F8:A1:B8,-64,-76,29505,1476511621
54:60:09:F2:D8:92,-80,-81,27999,1476511621
A4:77:33:F8:A1:B8,-60,-71,29565,1476511681
54:60:09:F2:D8:92,-81,-82,28059,1476511681
A4:77:33:F8:A1:B8,-66,-79,29625,1476511741
54:60:09:F2:D8:92,-81,-82,28119,1476511741
A4:77:33:F8:A1:B8,-60,-72,29685,1476511801
54:60:09:F2:D8:92,-82,-83,28179,1476511801
A4:77:33:F8:A1:B8,-60,-71,29745,1476511861
54:60:09:F2:D8:92,-79,-80,28239,1476511861
A4:77:33:F8:A1:B8,-66,-78,29805,1476511921
54:60:09:F2:D8:92,-76,-78,28299,1476511921
A4:77:33:F8:A1:B8,-59,-71,29865,1476511981
54:60:09:F2:D8:92,-81,-83,28359,1476511981
A4:77:33:F8:A1:B8,-58,-70,29925,1476512041
54:60:09:F2:D8:92,-79,-80,28419,1476512041
