Client_MAC,Rssi0,Rssi1,Connection_Time,EpocTime
A4:77:33:F8:A1:B8,-57,-66,40827,1476559081
54:60:09:F2:D8:92,-82,-88,22249,1476559081
A4:77:33:F8:A1:B8,-58,-67,40887,1476559141
54:60:09:F2:D8:92,-81,-88,22309,1476559141
A4:77:33:F8:A1:B8,-56,-64,40947,1476559201
54:60:09:F2:D8:92,-81,-88,22369,1476559201
A4:77:33:F8:A1:B8,-55,-63,41007,1476559261
54:60:09:F2:D8:92,-82,-88,22429,1476559261
A4:77:33:F8:A1:B8,-57,-65,41067,1476559321
54:60:09:F2:D8:92,-81,-88,22489,1476559321
A4:77:33:F8:A1:B8,-64,-72,41130,1476559384
54:60:09:F2:D8:92,-82,-89,22552,1476559384
A4:77:33:F8:A1:B8,-55,-63,41190,1476559444
54:60:09:F2:D8:92,-82,-88,22612,1476559444
A4:77:33:F8:A1:B8,-63,-71,41250,1476559504
54:60:09:F2:D8:92,-82,-88,22672,1476559504
A4:77:33:F8:A1:B8,-62,-70,41310,1476559564
54:60:09:F2:D8:92,-81,-88,22732,1476559564
A4:77:33:F8:A1:B8,-61,-69,41370,1476559624
54:60:09:F2:D8:92,-81,-88,22792,1476559624
A4:77:33:F8:A1:B8,-65,-73,41433,1476559687
54:60:09:F2:D8:92,-81,-88,22855,1476559687
A4:77:33:F8:A1:B8,-59,-68,41493,1476559747
54:60:09:F2:D8:92,-81,-88,22915,1476559747
A4:77:33:F8:A1:B8,-62,-70,41553,1476559807
54:60:09:F2:D8:92,-82,-89,22975,1476559807
A4:77:33:F8:A1:B8,-62,-69,41613,1476559867
54:60:09:F2:D8:92,-82,-88,23035,1476559867
A4:77:33:F8:A1:B8,-59,-67,41673,1476559927
54:60:09:F2:D8:92,-82,-88,23095,1476559927
A4:77:33:F8:A1:B8,-64,-72,41733,1476559987
54:60:09:F2:D8:92,-81,-88,23155,1476559987
A4:77:33:F8:A1:B8,-60,-69,41793,1476560047
54:60:09:F2:D8:92,-81,-88,23215,1476560047
A4:77:33:F8:A1:B8,-57,-66,41853,1476560107
54:60:09:F2:D8:92,-82,-87,23275,1476560107
A4:77:33:F8:A1:B8,-61,-70,41913,1476560167
54:60:09:F2:D8:92,-81,-87,23335,1476560167
A4:77:33:F8:A1:B8,-61,-70,41976,1476560230
54:60:09:F2:D8:92,-81,-87,23398,1476560230
A4:77:33:F8:A1:B8,-64,-72,42036,1476560290
54:60:09:F2:D8:92,-81,-88,23458,1476560290
A4:77:33:F8:A1:B8,-59,-67,42096,1476560350
54:60:09:F2:D8:92,-81,-88,23518,1476560350
A4:77:33:F8:A1:B8,-58,-67,42156,1476560410
54:60:09:F2:D8:92,-82,-88,23578,1476560410
A4:77:33:F8:A1:B8,-61,-69,42216,1476560470
54:60:09:F2:D8:92,-82,-88,23638,1476560470
A4:77:33:F8:A1:B8,-60,-69,42279,1476560533
54:60:09:F2:D8:92,-81,-88,23701,1476560533
A4:77:33:F8:A1:B8,-64,-72,42339,1476560593
54:60:09:F2:D8:92,-82,-88,23761,1476560593
A4:77:33:F8:A1:B8,-56,-65,42399,1476560653
54:60:09:F2:D8:92,-81,-88,23821,1476560653
A4:77:33:F8:A1:B8,-57,-66,42459,1476560713
54:60:09:F2:D8:92,-82,-88,23881,1476560713
A4:77:33:F8:A1:B8,-55,-64,42519,1476560773
54:60:09:F2:D8:92,-82,-88,23941,1476560773
A4:77:33:F8:A1:B8,-58,-67,42613,1476560867
54:60:09:F2:D8:92,-81,-88,24035,1476560867
A4:77:33:F8:A1:B8,-59,-68,42673,1476560927
54:60:09:F2:D8:92,-82,-88,24095,1476560927
A4:77:33:F8:A1:B8,-65,-73,42733,1476560987
54:60:09:F2:D8:92,-81,-88,24155,1476560987
A4:77:33:F8:A1:B8,-61,-69,42793,1476561047
54:60:09:F2:D8:92,-81,-88,24215,1476561047
A4:77:33:F8:A1:B8,-65,-73,42853,1476561107
54:60:09:F2:D8:92,-82,-88,24275,1476561107
A4:77:33:F8:A1:B8,-65,-73,42916,1476561170
54:60:09:F2:D8:92,-81,-87,24338,1476561170
A4:77:33:F8:A1:B8,-65,-73,42976,1476561230
54:60:09:F2:D8:92,-82,-88,24398,1476561230
A4:77:33:F8:A1:B8,-65,-73,43036,1476561290
54:60:09:F2:D8:92,-82,-88,24458,1476561290
A4:77:33:F8:A1:B8,-59,-68,43096,1476561350
54:60:09:F2:D8:92,-81,-87,24518,1476561350
A4:77:33:F8:A1:B8,-59,-68,43156,1476561410
54:60:09:F2:D8:92,-81,-88,24578,1476561410
A4:77:33:F8:A1:B8,-59,-67,43219,1476561473
54:60:09:F2:D8:92,-82,-88,24641,1476561473
54:60:09:F2:D8:92,-81,-88,24701,1476561533
54:60:09:F2:D8:92,-82,-88,24761,1476561593
54:60:09:F2:D8:92,-81,-88,24821,1476561653
54:60:09:F2:D8:92,-81,-88,24881,1476561713
54:60:09:F2:D8:92,-81,-88,24941,1476561773
54:60:09:F2:D8:92,-82,-88,25001,1476561833
54:60:09:F2:D8:92,-82,-88,25061,1476561893
54:60:09:F2:D8:92,-82,-88,25121,1476561953
54:60:09:F2:D8:92,-80,-87,25184,1476562017
54:60:09:F2:D8:92,-78,-86,25244,1476562077
54:60:09:F2:D8:92,-81,-89,25304,1476562137
54:60:09:F2:D8:92,-83,-88,25364,1476562197
54:60:09:F2:D8:92,-84,-87,25424,1476562257
54:60:09:F2:D8:92,-81,-88,25517,1476562349
54:60:09:F2:D8:92,-81,-89,25577,1476562409
54:60:09:F2:D8:92,-81,-88,25637,1476562469
54:60:09:F2:D8:92,-82,-88,25697,1476562529
54:60:09:F2:D8:92,-81,-88,25757,1476562589
54:60:09:F2:D8:92,-82,-88,25820,1476562652
54:60:09:F2:D8:92,-81,-88,25880,1476562712
54:60:09:F2:D8:92,-81,-88,25940,1476562772
54:60:09:F2:D8:92,-82,-88,26000,1476562832
54:60:09:F2:D8:92,-82,-89,26060,1476562892
54:60:09:F2:D8:92,-81,-88,26123,1476562955
54:60:09:F2:D8:92,-81,-88,26183,1476563014
54:60:09:F2:D8:92,-81,-88,26243,1476563074
54:60:09:F2:D8:92,-82,-88,26303,1476563134
54:60:09:F2:D8:92,-82,-89,26363,1476563194
54:60:09:F2:D8:92,-82,-88,26426,1476563257
54:60:09:F2:D8:92,-82,-88,26486,1476563318
54:60:09:F2:D8:92,-80,-87,26546,1476563378
54:60:09:F2:D8:92,-81,-88,26606,1476563438
54:60:09:F2:D8:92,-82,-89,26666,1476563498
54:60:09:F2:D8:92,-82,-88,26726,1476563558
54:60:09:F2:D8:92,-81,-88,26786,1476563618
54:60:09:F2:D8:92,-82,-88,26846,1476563678
54:60:09:F2:D8:92,-81,-88,26906,1476563738
54:60:09:F2:D8:92,-81,-89,26969,1476563801
54:60:09:F2:D8:92,-81,-89,27029,1476563861
54:60:09:F2:D8:92,-81,-88,27089,1476563921
54:60:09:F2:D8:92,-81,-89,27149,1476563981
54:60:09:F2:D8:92,-82,-88,27209,1476564041
54:60:09:F2:D8:92,-82,-88,27272,1476564104
54:60:09:F2:D8:92,-81,-89,27332,1476564164
54:60:09:F2:D8:92,-82,-89,27392,1476564224
54:60:09:F2:D8:92,-82,-89,27452,1476564284
54:60:09:F2:D8:92,-82,-89,27512,1476564344
54:60:09:F2:D8:92,-80,-87,27605,1476564437
54:60:09:F2:D8:92,-82,-89,27665,1476564497
54:60:09:F2:D8:92,-82,-89,27725,1476564557
54:60:09:F2:D8:92,-80,-89,27785,1476564617
54:60:09:F2:D8:92,-80,-90,27845,1476564677
54:60:09:F2:D8:92,-80,-89,27908,1476564740
54:60:09:F2:D8:92,-80,-89,27968,1476564800
54:60:09:F2:D8:92,-80,-89,28028,1476564860
54:60:09:F2:D8:92,-80,-89,28088,1476564920
54:60:09:F2:D8:92,-80,-89,28148,1476564980
54:60:09:F2:D8:92,-79,-88,28211,1476565043
54:60:09:F2:D8:92,-79,-88,28271,1476565103
54:60:09:F2:D8:92,-80,-89,28331,1476565163
54:60:09:F2:D8:92,-80,-88,28391,1476565223
54:60:09:F2:D8:92,-80,-88,28451,1476565283
54:60:09:F2:D8:92,-79,-89,28511,1476565343
54:60:09:F2:D8:92,-79,-88,28571,1476565403
54:60:09:F2:D8:92,-79,-88,28631,1476565463
54:60:09:F2:D8:92,-80,-89,28691,1476565523
54:60:09:F2:D8:92,-79,-90,28754,1476565586
54:60:09:F2:D8:92,-79,-89,28814,1476565646
54:60:09:F2:D8:92,-79,-89,28874,1476565706
54:60:09:F2:D8:92,-80,-89,28934,1476565766
54:60:09:F2:D8:92,-79,-89,28994,1476565826
54:60:09:F2:D8:92,-79,-90,29057,1476565889
54:60:09:F2:D8:92,-79,-90,29117,1476565949
54:60:09:F2:D8:92,-79,-88,29177,1476566009
54:60:09:F2:D8:92,-80,-89,29237,1476566069
54:60:09:F2:D8:92,-80,-89,29297,1476566129
54:60:09:F2:D8:92,-80,-90,29391,1476566223
54:60:09:F2:D8:92,-80,-89,29451,1476566283
54:60:09:F2:D8:92,-80,-89,29511,1476566343
54:60:09:F2:D8:92,-80,-89,29571,1476566403
54:60:09:F2:D8:92,-79,-89,29631,1476566463
54:60:09:F2:D8:92,-80,-88,29694,1476566526
54:60:09:F2:D8:92,-80,-88,29754,1476566586
54:60:09:F2:D8:92,-80,-87,29814,1476566646
54:60:09:F2:D8:92,-80,-87,29874,1476566706
54:60:09:F2:D8:92,-80,-87,29934,1476566766
54:60:09:F2:D8:92,-80,-87,29997,1476566829
54:60:09:F2:D8:92,-80,-87,30057,1476566889
54:60:09:F2:D8:92,-81,-87,30117,1476566949
54:60:09:F2:D8:92,-80,-87,30177,1476567009
54:60:09:F2:D8:92,-79,-87,30237,1476567069
54:60:09:F2:D8:92,-80,-87,30297,1476567129
54:60:09:F2:D8:92,-80,-87,30357,1476567189
54:60:09:F2:D8:92,-80,-88,30417,1476567249
54:60:09:F2:D8:92,-79,-88,30477,1476567309
54:60:09:F2:D8:92,-79,-88,30540,1476567372
54:60:09:F2:D8:92,-80,-88,30600,1476567432
54:60:09:F2:D8:92,-80,-88,30660,1476567492
54:60:09:F2:D8:92,-80,-88,30720,1476567552
54:60:09:F2:D8:92,-80,-88,30780,1476567612
54:60:09:F2:D8:92,-80,-89,30843,1476567675
54:60:09:F2:D8:92,-79,-89,30903,1476567735
54:60:09:F2:D8:92,-80,-89,30963,1476567795
54:60:09:F2:D8:92,-80,-89,31023,1476567855
54:60:09:F2:D8:92,-80,-89,31083,1476567915
54:60:09:F2:D8:92,-79,-89,31146,1476567978
54:60:09:F2:D8:92,-80,-88,31206,1476568038
54:60:09:F2:D8:92,-79,-88,31266,1476568098
54:60:09:F2:D8:92,-79,-89,31326,1476568158
54:60:09:F2:D8:92,-82,-88,31386,1476568218
54:60:09:F2:D8:92,-79,-89,31449,1476568281
54:60:09:F2:D8:92,-80,-89,31509,1476568341
54:60:09:F2:D8:92,-80,-89,31569,1476568401
54:60:09:F2:D8:92,-79,-88,31629,1476568461
54:60:09:F2:D8:92,-79,-88,31689,1476568521
54:60:09:F2:D8:92,-80,-89,31752,1476568584
54:60:09:F2:D8:92,-80,-89,31812,1476568644
54:60:09:F2:D8:92,-80,-89,31872,1476568704
54:60:09:F2:D8:92,-80,-89,31932,1476568764
54:60:09:F2:D8:92,-75,-86,31992,1476568824
54:60:09:F2:D8:92,-79,-89,32052,1476568884
54:60:09:F2:D8:92,-79,-89,32112,1476568944
54:60:09:F2:D8:92,-80,-89,32172,1476569004
54:60:09:F2:D8:92,-79,-89,32232,1476569064
54:60:09:F2:D8:92,-79,-89,32325,1476569157
54:60:09:F2:D8:92,-79,-89,32385,1476569217
54:60:09:F2:D8:92,-80,-89,32445,1476569277
54:60:09:F2:D8:92,-79,-89,32505,1476569337
54:60:09:F2:D8:92,-80,-89,32565,1476569397
54:60:09:F2:D8:92,-79,-88,32628,1476569460
54:60:09:F2:D8:92,-80,-89,32688,1476569520
54:60:09:F2:D8:92,-79,-89,32748,1476569580
54:60:09:F2:D8:92,-80,-89,32808,1476569640
54:60:09:F2:D8:92,-80,-89,32868,1476569700
54:60:09:F2:D8:92,-80,-90,32931,1476569763
54:60:09:F2:D8:92,-79,-90,32991,1476569823
54:60:09:F2:D8:92,-79,-89,33051,1476569883
54:60:09:F2:D8:92,-79,-89,33111,1476569943
54:60:09:F2:D8:92,-80,-89,33171,1476570003
54:60:09:F2:D8:92,-80,-89,33234,1476570066
54:60:09:F2:D8:92,-79,-89,33294,1476570126
54:60:09:F2:D8:92,-79,-90,33354,1476570186
54:60:09:F2:D8:92,-78,-89,33414,1476570246
54:60:09:F2:D8:92,-77,-88,33474,1476570306
54:60:09:F2:D8:92,-79,-89,33537,1476570370
54:60:09:F2:D8:92,-78,-88,33597,1476570430
54:60:09:F2:D8:92,-79,-89,33657,1476570490
54:60:09:F2:D8:92,-79,-89,33718,1476570550
54:60:09:F2:D8:92,-79,-89,33784,1476570616
54:60:09:F2:D8:92,-79,-89,33844,1476570676
54:60:09:F2:D8:92,-78,-89,33904,1476570736
54:60:09:F2:D8:92,-78,-89,33964,1476570796
54:60:09:F2:D8:92,-79,-89,34024,1476570856
