Client_MAC,Rssi0,Rssi1,Connection_Time,EpocTime
A4:77:33:F8:A1:B8,-64,-71,8749,1476527003
54:60:09:F2:D8:92,-84,-86,13704,1476527003
A4:77:33:F8:A1:B8,-62,-64,8809,1476527063
54:60:09:F2:D8:92,-81,-83,13764,1476527063
A4:77:33:F8:A1:B8,-63,-66,8869,1476527123
54:60:09:F2:D8:92,-81,-84,13824,1476527123
A4:77:33:F8:A1:B8,-62,-64,8929,1476527183
54:60:09:F2:D8:92,-80,-83,13884,1476527183
A4:77:33:F8:A1:B8,-65,-74,8989,1476527243
54:60:09:F2:D8:92,-79,-82,13944,1476527243
A4:77:33:F8:A1:B8,-65,-75,9052,1476527306
54:60:09:F2:D8:92,-78,-80,14007,1476527306
A4:77:33:F8:A1:B8,-62,-67,9112,1476527366
54:60:09:F2:D8:92,-76,-80,14067,1476527366
A4:77:33:F8:A1:B8,-64,-71,9172,1476527426
54:60:09:F2:D8:92,-73,-77,14127,1476527426
A4:77:33:F8:A1:B8,-64,-70,9232,1476527486
54:60:09:F2:D8:92,-82,-83,14187,1476527486
A4:77:33:F8:A1:B8,-65,-72,9292,1476527546
54:60:09:F2:D8:92,-84,-86,14247,1476527546
A4:77:33:F8:A1:B8,-63,-68,9355,1476527610
54:60:09:F2:D8:92,-84,-87,14310,1476527610
A4:77:33:F8:A1:B8,-64,-67,9415,1476527670
54:60:09:F2:D8:92,-84,-86,14370,1476527670
A4:77:33:F8:A1:B8,-65,-73,9475,1476527730
54:60:09:F2:D8:92,-84,-87,14430,1476527730
A4:77:33:F8:A1:B8,-64,-68,9535,1476527790
54:60:09:F2:D8:92,-84,-86,14490,1476527790
A4:77:33:F8:A1:B8,-66,-75,9595,1476527850
54:60:09:F2:D8:92,-84,-86,14550,1476527850
A4:77:33:F8:A1:B8,-64,-68,9655,1476527910
54:60:09:F2:D8:92,-83,-87,14610,1476527910
A4:77:33:F8:A1:B8,-64,-69,9715,1476527970
54:60:09:F2:D8:92,-83,-87,14670,1476527970
A4:77:33:F8:A1:B8,-63,-67,9775,1476528030
54:60:09:F2:D8:92,-83,-86,14730,1476528030
A4:77:33:F8:A1:B8,-63,-67,9835,1476528090
54:60:09:F2:D8:92,-84,-86,14790,1476528090
A4:77:33:F8:A1:B8,-63,-64,9898,1476528153
54:60:09:F2:D8:92,-84,-86,14853,1476528153
A4:77:33:F8:A1:B8,-66,-75,9958,1476528213
54:60:09:F2:D8:92,-81,-83,14913,1476528213
A4:77:33:F8:A1:B8,-60,-63,10018,1476528273
54:60:09:F2:D8:92,-81,-84,14973,1476528273
A4:77:33:F8:A1:B8,-63,-64,10078,1476528333
54:60:09:F2:D8:92,-80,-83,15033,1476528333
A4:77:33:F8:A1:B8,-64,-69,10138,1476528393
54:60:09:F2:D8:92,-84,-87,15093,1476528393
A4:77:33:F8:A1:B8,-61,-62,10201,1476528456
54:60:09:F2:D8:92,-83,-86,15156,1476528456
A4:77:33:F8:A1:B8,-65,-74,10261,1476528516
54:60:09:F2:D8:92,-83,-87,15216,1476528516
A4:77:33:F8:A1:B8,-62,-65,10321,1476528576
54:60:09:F2:D8:92,-83,-86,15276,1476528576
A4:77:33:F8:A1:B8,-63,-64,10381,1476528636
54:60:09:F2:D8:92,-81,-84,15336,1476528636
A4:77:33:F8:A1:B8,-63,-64,10441,1476528696
54:60:09:F2:D8:92,-79,-81,15396,1476528696
A4:77:33:F8:A1:B8,-66,-74,10539,1476528793
54:60:09:F2:D8:92,-80,-82,15494,1476528793
A4:77:33:F8:A1:B8,-63,-69,10599,1476528853
54:60:09:F2:D8:92,-80,-82,15554,1476528853
A4:77:33:F8:A1:B8,-63,-68,10659,1476528913
54:60:09:F2:D8:92,-77,-80,15614,1476528913
A4:77:33:F8:A1:B8,-63,-66,10719,1476528973
54:60:09:F2:D8:92,-80,-82,15674,1476528973
A4:77:33:F8:A1:B8,-66,-75,10779,1476529033
54:60:09:F2:D8:92,-79,-82,15734,1476529033
A4:77:33:F8:A1:B8,-61,-63,10842,1476529096
54:60:09:F2:D8:92,-80,-83,15797,1476529096
A4:77:33:F8:A1:B8,-64,-68,10902,1476529156
54:60:09:F2:D8:92,-79,-82,15857,1476529156
A4:77:33:F8:A1:B8,-66,-75,10962,1476529216
54:60:09:F2:D8:92,-78,-81,15917,1476529216
A4:77:33:F8:A1:B8,-60,-62,11022,1476529276
54:60:09:F2:D8:92,-81,-83,15977,1476529276
A4:77:33:F8:A1:B8,-62,-65,11082,1476529336
54:60:09:F2:D8:92,-79,-82,16037,1476529336
A4:77:33:F8:A1:B8,-62,-65,11145,1476529399
54:60:09:F2:D8:92,-81,-83,16100,1476529399
A4:77:33:F8:A1:B8,-64,-66,11205,1476529459
54:60:09:F2:D8:92,-82,-84,16160,1476529459
A4:77:33:F8:A1:B8,-62,-65,11265,1476529519
54:60:09:F2:D8:92,-78,-81,16220,1476529519
A4:77:33:F8:A1:B8,-62,-65,11325,1476529579
54:60:09:F2:D8:92,-81,-84,16280,1476529579
A4:77:33:F8:A1:B8,-62,-64,11385,1476529639
54:60:09:F2:D8:92,-71,-75,16340,1476529639
A4:77:33:F8:A1:B8,-62,-65,11445,1476529699
54:60:09:F2:D8:92,-84,-86,16400,1476529699
A4:77:33:F8:A1:B8,-65,-74,11505,1476529759
54:60:09:F2:D8:92,-84,-87,16460,1476529759
A4:77:33:F8:A1:B8,-63,-68,11565,1476529819
54:60:09:F2:D8:92,-84,-87,16520,1476529819
A4:77:33:F8:A1:B8,-65,-75,11625,1476529879
54:60:09:F2:D8:92,-84,-86,16580,1476529879
A4:77:33:F8:A1:B8,-63,-69,11688,1476529942
54:60:09:F2:D8:92,-84,-87,16643,1476529942
A4:77:33:F8:A1:B8,-66,-75,11748,1476530002
54:60:09:F2:D8:92,-80,-84,16703,1476530002
A4:77:33:F8:A1:B8,-64,-69,11808,1476530062
54:60:09:F2:D8:92,-81,-84,16763,1476530062
A4:77:33:F8:A1:B8,-63,-67,11868,1476530122
54:60:09:F2:D8:92,-80,-83,16823,1476530122
A4:77:33:F8:A1:B8,-64,-69,11928,1476530182
A4:77:33:F8:A1:B8,-62,-64,12023,1476530277
A4:77:33:F8:A1:B8,-61,-63,12083,1476530337
A4:77:33:F8:A1:B8,-60,-62,12143,1476530397
A4:77:33:F8:A1:B8,-64,-69,12203,1476530457
A4:77:33:F8:A1:B8,-65,-74,12263,1476530517
A4:77:33:F8:A1:B8,-66,-74,12326,1476530580
A4:77:33:F8:A1:B8,-65,-72,12386,1476530640
A4:77:33:F8:A1:B8,-64,-69,12446,1476530700
A4:77:33:F8:A1:B8,-64,-72,12506,1476530760
A4:77:33:F8:A1:B8,-64,-69,12566,1476530820
A4:77:33:F8:A1:B8,-65,-75,12629,1476530883
A4:77:33:F8:A1:B8,-64,-69,12689,1476530943
A4:77:33:F8:A1:B8,-64,-70,12749,1476531003
A4:77:33:F8:A1:B8,-63,-67,12809,1476531063
A4:77:33:F8:A1:B8,-63,-67,12869,1476531123
A4:77:33:F8:A1:B8,-65,-74,12932,1476531186
A4:77:33:F8:A1:B8,-62,-66,12992,1476531246
A4:77:33:F8:A1:B8,-64,-67,13052,1476531306
A4:77:33:F8:A1:B8,-62,-64,13112,1476531366
A4:77:33:F8:A1:B8,-63,-68,13172,1476531426
A4:77:33:F8:A1:B8,-65,-74,13232,1476531486
A4:77:33:F8:A1:B8,-62,-66,13292,1476531546
A4:77:33:F8:A1:B8,-63,-67,13352,1476531606
A4:77:33:F8:A1:B8,-61,-62,13412,1476531666
A4:77:33:F8:A1:B8,-61,-64,13475,1476531729
A4:77:33:F8:A1:B8,-61,-63,13535,1476531789
A4:77:33:F8:A1:B8,-62,-64,13595,1476531849
A4:77:33:F8:A1:B8,-62,-65,13655,1476531910
A4:77:33:F8:A1:B8,-60,-62,13715,1476531970
A4:77:33:F8:A1:B8,-66,-74,13811,1476532065
A4:77:33:F8:A1:B8,-65,-75,13871,1476532125
A4:77:33:F8:A1:B8,-62,-66,13931,1476532185
A4:77:33:F8:A1:B8,-64,-70,13991,1476532245
A4:77:33:F8:A1:B8,-63,-68,14051,1476532305
A4:77:33:F8:A1:B8,-65,-74,14114,1476532368
A4:77:33:F8:A1:B8,-63,-66,14174,1476532428
A4:77:33:F8:A1:B8,-62,-65,14234,1476532488
A4:77:33:F8:A1:B8,-63,-67,14294,1476532548
A4:77:33:F8:A1:B8,-63,-64,14354,1476532608
A4:77:33:F8:A1:B8,-63,-67,14417,1476532671
A4:77:33:F8:A1:B8,-63,-65,14477,1476532731
A4:77:33:F8:A1:B8,-62,-63,14537,1476532791
A4:77:33:F8:A1:B8,-65,-74,14597,1476532851
A4:77:33:F8:A1:B8,-63,-68,14657,1476532911
A4:77:33:F8:A1:B8,-65,-75,14720,1476532974
A4:77:33:F8:A1:B8,-65,-75,14780,1476533034
A4:77:33:F8:A1:B8,-64,-70,14840,1476533094
A4:77:33:F8:A1:B8,-65,-74,14900,1476533154
A4:77:33:F8:A1:B8,-64,-70,14960,1476533214
A4:77:33:F8:A1:B8,-65,-75,15020,1476533274
A4:77:33:F8:A1:B8,-63,-67,15080,1476533334
A4:77:33:F8:A1:B8,-63,-67,15140,1476533394
A4:77:33:F8:A1:B8,-64,-67,15200,1476533454
A4:77:33:F8:A1:B8,-64,-68,15263,1476533517
A4:77:33:F8:A1:B8,-66,-75,15323,1476533577
A4:77:33:F8:A1:B8,-64,-67,15383,1476533637
A4:77:33:F8:A1:B8,-64,-66,15443,1476533697
A4:77:33:F8:A1:B8,-63,-67,15503,1476533757
A4:77:33:F8:A1:B8,-66,-74,15599,1476533854
A4:77:33:F8:A1:B8,-65,-73,15659,1476533914
A4:77:33:F8:A1:B8,-64,-71,15719,1476533974
A4:77:33:F8:A1:B8,-65,-74,15779,1476534034
A4:77:33:F8:A1:B8,-64,-70,15839,1476534094
A4:77:33:F8:A1:B8,-65,-71,15903,1476534157
A4:77:33:F8:A1:B8,-65,-73,15963,1476534217
A4:77:33:F8:A1:B8,-64,-70,16023,1476534277
A4:77:33:F8:A1:B8,-65,-74,16083,1476534337
A4:77:33:F8:A1:B8,-64,-70,16143,1476534397
A4:77:33:F8:A1:B8,-65,-74,16206,1476534460
A4:77:33:F8:A1:B8,-64,-69,16266,1476534520
A4:77:33:F8:A1:B8,-64,-66,16326,1476534580
A4:77:33:F8:A1:B8,-63,-64,16386,1476534640
A4:77:33:F8:A1:B8,-63,-67,16446,1476534700
A4:77:33:F8:A1:B8,-65,-74,16509,1476534763
A4:77:33:F8:A1:B8,-63,-65,16569,1476534823
A4:77:33:F8:A1:B8,-63,-64,16629,1476534883
A4:77:33:F8:A1:B8,-63,-64,16689,1476534943
A4:77:33:F8:A1:B8,-66,-75,16749,1476535003
A4:77:33:F8:A1:B8,-66,-75,16809,1476535063
A4:77:33:F8:A1:B8,-65,-74,16869,1476535123
A4:77:33:F8:A1:B8,-65,-71,16929,1476535183
A4:77:33:F8:A1:B8,-64,-71,16989,1476535243
A4:77:33:F8:A1:B8,-66,-73,17052,1476535306
A4:77:33:F8:A1:B8,-66,-74,17112,1476535366
A4:77:33:F8:A1:B8,-65,-73,17172,1476535426
A4:77:33:F8:A1:B8,-62,-65,17232,1476535486
A4:77:33:F8:A1:B8,-64,-67,17292,1476535546
A4:77:33:F8:A1:B8,-65,-72,17355,1476535609
A4:77:33:F8:A1:B8,-66,-73,17415,1476535669
A4:77:33:F8:A1:B8,-64,-67,17475,1476535729
A4:77:33:F8:A1:B8,-63,-67,17535,1476535789
A4:77:33:F8:A1:B8,-64,-68,17595,1476535849
A4:77:33:F8:A1:B8,-65,-71,17658,1476535912
A4:77:33:F8:A1:B8,-65,-73,17718,1476535972
A4:77:33:F8:A1:B8,-64,-65,17778,1476536032
A4:77:33:F8:A1:B8,-64,-65,17838,1476536092
A4:77:33:F8:A1:B8,-62,-62,17898,1476536152
A4:77:33:F8:A1:B8,-64,-65,17961,1476536215
A4:77:33:F8:A1:B8,-66,-73,18021,1476536275
A4:77:33:F8:A1:B8,-64,-64,18081,1476536335
A4:77:33:F8:A1:B8,-64,-63,18141,1476536395
A4:77:33:F8:A1:B8,-65,-64,18201,1476536455
A4:77:33:F8:A1:B8,-64,-62,18264,1476536518
A4:77:33:F8:A1:B8,-68,-75,18324,1476536578
A4:77:33:F8:A1:B8,-68,-75,18384,1476536638
A4:77:33:F8:A1:B8,-66,-67,18444,1476536699
A4:77:33:F8:A1:B8,-68,-73,18511,1476536765
A4:77:33:F8:A1:B8,-67,-71,18571,1476536825
A4:77:33:F8:A1:B8,-69,-75,18631,1476536885
54:60:09:F2:D8:92,-79,-82,53,1476536885
A4:77:33:F8:A1:B8,-65,-68,18691,1476536945
54:60:09:F2:D8:92,-79,-83,113,1476536945
A4:77:33:F8:A1:B8,-68,-73,18751,1476537005
54:60:09:F2:D8:92,-78,-82,173,1476537005
A4:77:33:F8:A1:B8,-66,-66,18846,1476537100
54:60:09:F2:D8:92,-83,-85,268,1476537100
A4:77:33:F8:A1:B8,-66,-67,18906,1476537160
54:60:09:F2:D8:92,-82,-85,328,1476537160
A4:77:33:F8:A1:B8,-68,-75,18966,1476537220
54:60:09:F2:D8:92,-74,-80,388,1476537220
A4:77:33:F8:A1:B8,-66,-65,19026,1476537280
54:60:09:F2:D8:92,-76,-81,448,1476537280
A4:77:33:F8:A1:B8,-64,-63,19086,1476537340
54:60:09:F2:D8:92,-74,-80,508,1476537340
A4:77:33:F8:A1:B8,-65,-63,19149,1476537403
54:60:09:F2:D8:92,-69,-76,571,1476537403
A4:77:33:F8:A1:B8,-64,-62,19209,1476537463
54:60:09:F2:D8:92,-83,-85,631,1476537463
A4:77:33:F8:A1:B8,-65,-64,19269,1476537523
54:60:09:F2:D8:92,-83,-85,691,1476537523
A4:77:33:F8:A1:B8,-68,-74,19329,1476537583
54:60:09:F2:D8:92,-83,-85,751,1476537583
A4:77:33:F8:A1:B8,-69,-75,19389,1476537643
54:60:09:F2:D8:92,-83,-86,811,1476537643
