Client_MAC,Rssi0,Rssi1,Connection_Time,EpocTime
A4:77:33:F8:A1:B8,-68,-73,19452,1476537707
54:60:09:F2:D8:92,-83,-85,874,1476537707
A4:77:33:F8:A1:B8,-68,-75,19512,1476537767
54:60:09:F2:D8:92,-82,-85,934,1476537767
A4:77:33:F8:A1:B8,-68,-74,19572,1476537827
54:60:09:F2:D8:92,-83,-85,994,1476537827
A4:77:33:F8:A1:B8,-68,-75,19632,1476537887
54:60:09:F2:D8:92,-83,-85,1054,1476537887
A4:77:33:F8:A1:B8,-68,-74,19692,1476537947
54:60:09:F2:D8:92,-83,-85,1114,1476537947
A4:77:33:F8:A1:B8,-67,-71,19755,1476538010
54:60:09:F2:D8:92,-83,-86,1177,1476538010
A4:77:33:F8:A1:B8,-68,-75,19815,1476538070
54:60:09:F2:D8:92,-83,-85,1237,1476538070
A4:77:33:F8:A1:B8,-67,-71,19875,1476538130
54:60:09:F2:D8:92,-83,-86,1297,1476538130
A4:77:33:F8:A1:B8,-69,-75,19935,1476538190
54:60:09:F2:D8:92,-83,-86,1357,1476538190
A4:77:33:F8:A1:B8,-69,-75,19995,1476538250
54:60:09:F2:D8:92,-83,-85,1417,1476538250
A4:77:33:F8:A1:B8,-66,-70,20059,1476538313
54:60:09:F2:D8:92,-83,-86,1481,1476538313
A4:77:33:F8:A1:B8,-68,-75,20119,1476538373
54:60:09:F2:D8:92,-83,-85,1541,1476538373
A4:77:33:F8:A1:B8,-66,-68,20179,1476538433
54:60:09:F2:D8:92,-83,-85,1601,1476538433
A4:77:33:F8:A1:B8,-62,-62,20239,1476538493
54:60:09:F2:D8:92,-82,-85,1661,1476538493
A4:77:33:F8:A1:B8,-67,-72,20305,1476538559
54:60:09:F2:D8:92,-83,-85,1727,1476538559
A4:77:33:F8:A1:B8,-66,-69,20365,1476538619
54:60:09:F2:D8:92,-83,-85,1787,1476538619
A4:77:33:F8:A1:B8,-70,-75,20425,1476538679
54:60:09:F2:D8:92,-83,-85,1847,1476538679
A4:77:33:F8:A1:B8,-65,-64,20485,1476538739
54:60:09:F2:D8:92,-83,-85,1907,1476538739
A4:77:33:F8:A1:B8,-66,-67,20545,1476538799
54:60:09:F2:D8:92,-83,-85,1967,1476538799
A4:77:33:F8:A1:B8,-66,-69,20639,1476538894
54:60:09:F2:D8:92,-83,-85,2061,1476538894
A4:77:33:F8:A1:B8,-65,-66,20699,1476538954
54:60:09:F2:D8:92,-83,-85,2121,1476538954
A4:77:33:F8:A1:B8,-69,-73,20759,1476539014
54:60:09:F2:D8:92,-84,-86,2181,1476539014
A4:77:33:F8:A1:B8,-69,-74,20819,1476539074
54:60:09:F2:D8:92,-82,-85,2241,1476539074
A4:77:33:F8:A1:B8,-66,-71,20879,1476539134
54:60:09:F2:D8:92,-82,-85,2301,1476539134
A4:77:33:F8:A1:B8,-66,-70,20943,1476539197
54:60:09:F2:D8:92,-81,-85,2365,1476539197
A4:77:33:F8:A1:B8,-63,-67,21003,1476539257
54:60:09:F2:D8:92,-82,-86,2425,1476539257
A4:77:33:F8:A1:B8,-62,-65,21063,1476539317
54:60:09:F2:D8:92,-81,-86,2485,1476539317
A4:77:33:F8:A1:B8,-63,-67,21123,1476539377
54:60:09:F2:D8:92,-81,-85,2545,1476539377
A4:77:33:F8:A1:B8,-61,-65,21183,1476539437
54:60:09:F2:D8:92,-81,-85,2605,1476539437
A4:77:33:F8:A1:B8,-65,-70,21246,1476539500
54:60:09:F2:D8:92,-81,-86,2668,1476539500
A4:77:33:F8:A1:B8,-62,-66,21306,1476539560
54:60:09:F2:D8:92,-82,-86,2728,1476539560
A4:77:33:F8:A1:B8,-60,-64,21366,1476539620
54:60:09:F2:D8:92,-81,-86,2788,1476539620
A4:77:33:F8:A1:B8,-58,-62,21426,1476539680
54:60:09:F2:D8:92,-81,-85,2848,1476539680
A4:77:33:F8:A1:B8,-57,-66,21486,1476539740
54:60:09:F2:D8:92,-78,-84,2908,1476539740
A4:77:33:F8:A1:B8,-57,-67,21549,1476539803
54:60:09:F2:D8:92,-82,-86,2971,1476539803
A4:77:33:F8:A1:B8,-57,-67,21609,1476539863
54:60:09:F2:D8:92,-80,-88,3031,1476539863
A4:77:33:F8:A1:B8,-57,-66,21669,1476539923
54:60:09:F2:D8:92,-77,-86,3091,1476539923
A4:77:33:F8:A1:B8,-60,-70,21729,1476539983
54:60:09:F2:D8:92,-71,-82,3151,1476539983
A4:77:33:F8:A1:B8,-65,-74,21789,1476540043
54:60:09:F2:D8:92,-77,-87,3211,1476540043
A4:77:33:F8:A1:B8,-60,-70,21852,1476540106
54:60:09:F2:D8:92,-74,-85,3274,1476540106
A4:77:33:F8:A1:B8,-64,-74,21912,1476540166
54:60:09:F2:D8:92,-83,-88,3334,1476540166
A4:77:33:F8:A1:B8,-64,-74,21972,1476540226
54:60:09:F2:D8:92,-82,-88,3394,1476540226
A4:77:33:F8:A1:B8,-62,-71,22032,1476540286
54:60:09:F2:D8:92,-82,-88,3454,1476540286
A4:77:33:F8:A1:B8,-61,-71,22092,1476540346
54:60:09:F2:D8:92,-81,-87,3514,1476540346
A4:77:33:F8:A1:B8,-61,-70,22152,1476540406
54:60:09:F2:D8:92,-78,-88,3574,1476540406
A4:77:33:F8:A1:B8,-64,-74,22212,1476540466
54:60:09:F2:D8:92,-81,-88,3634,1476540466
A4:77:33:F8:A1:B8,-60,-69,22272,1476540526
54:60:09:F2:D8:92,-81,-88,3694,1476540526
A4:77:33:F8:A1:B8,-64,-74,22332,1476540586
54:60:09:F2:D8:92,-80,-88,3754,1476540586
A4:77:33:F8:A1:B8,-56,-65,22425,1476540679
54:60:09:F2:D8:92,-78,-86,3847,1476540679
A4:77:33:F8:A1:B8,-57,-66,22485,1476540739
54:60:09:F2:D8:92,-71,-80,3907,1476540739
A4:77:33:F8:A1:B8,-65,-73,22545,1476540799
54:60:09:F2:D8:92,-73,-82,3967,1476540799
A4:77:33:F8:A1:B8,-62,-71,22605,1476540859
54:60:09:F2:D8:92,-81,-89,4027,1476540859
A4:77:33:F8:A1:B8,-65,-73,22665,1476540919
54:60:09:F2:D8:92,-81,-89,4087,1476540919
A4:77:33:F8:A1:B8,-62,-70,22728,1476540982
54:60:09:F2:D8:92,-81,-88,4150,1476540982
A4:77:33:F8:A1:B8,-59,-68,22788,1476541042
54:60:09:F2:D8:92,-80,-88,4210,1476541042
A4:77:33:F8:A1:B8,-64,-73,22848,1476541102
54:60:09:F2:D8:92,-80,-88,4270,1476541102
A4:77:33:F8:A1:B8,-59,-68,22908,1476541162
54:60:09:F2:D8:92,-81,-89,4330,1476541162
A4:77:33:F8:A1:B8,-61,-70,22968,1476541222
54:60:09:F2:D8:92,-80,-88,4390,1476541222
A4:77:33:F8:A1:B8,-64,-72,23031,1476541285
54:60:09:F2:D8:92,-80,-88,4453,1476541285
A4:77:33:F8:A1:B8,-59,-68,23091,1476541345
54:60:09:F2:D8:92,-81,-89,4513,1476541345
A4:77:33:F8:A1:B8,-64,-72,23151,1476541405
54:60:09:F2:D8:92,-80,-88,4573,1476541405
A4:77:33:F8:A1:B8,-63,-71,23211,1476541465
54:60:09:F2:D8:92,-80,-89,4633,1476541465
A4:77:33:F8:A1:B8,-61,-71,23271,1476541525
54:60:09:F2:D8:92,-80,-89,4693,1476541525
A4:77:33:F8:A1:B8,-64,-73,23334,1476541588
54:60:09:F2:D8:92,-80,-89,4756,1476541588
A4:77:33:F8:A1:B8,-58,-67,23394,1476541648
54:60:09:F2:D8:92,-80,-88,4816,1476541648
A4:77:33:F8:A1:B8,-61,-70,23454,1476541708
54:60:09:F2:D8:92,-81,-88,4876,1476541708
A4:77:33:F8:A1:B8,-58,-67,23514,1476541768
54:60:09:F2:D8:92,-80,-88,4936,1476541768
A4:77:33:F8:A1:B8,-59,-68,23574,1476541828
54:60:09:F2:D8:92,-81,-88,4996,1476541828
A4:77:33:F8:A1:B8,-57,-66,23637,1476541891
54:60:09:F2:D8:92,-80,-88,5059,1476541891
A4:77:33:F8:A1:B8,-56,-66,23697,1476541951
54:60:09:F2:D8:92,-80,-88,5119,1476541951
A4:77:33:F8:A1:B8,-57,-67,23757,1476542011
54:60:09:F2:D8:92,-81,-88,5179,1476542011
A4:77:33:F8:A1:B8,-56,-65,23817,1476542071
54:60:09:F2:D8:92,-80,-88,5239,1476542071
A4:77:33:F8:A1:B8,-55,-65,23877,1476542132
54:60:09:F2:D8:92,-80,-87,5299,1476542132
A4:77:33:F8:A1:B8,-56,-65,23937,1476542191
54:60:09:F2:D8:92,-78,-86,5359,1476542191
A4:77:33:F8:A1:B8,-57,-67,23997,1476542251
54:60:09:F2:D8:92,-72,-80,5419,1476542251
A4:77:33:F8:A1:B8,-65,-73,24057,1476542311
54:60:09:F2:D8:92,-69,-78,5479,1476542311
A4:77:33:F8:A1:B8,-61,-69,24117,1476542371
54:60:09:F2:D8:92,-81,-88,5539,1476542371
A4:77:33:F8:A1:B8,-65,-73,24180,1476542435
54:60:09:F2:D8:92,-81,-89,5602,1476542435
A4:77:33:F8:A1:B8,-59,-68,24240,1476542495
54:60:09:F2:D8:92,-80,-88,5662,1476542495
A4:77:33:F8:A1:B8,-60,-69,24300,1476542555
54:60:09:F2:D8:92,-80,-88,5722,1476542555
A4:77:33:F8:A1:B8,-64,-73,24360,1476542615
54:60:09:F2:D8:92,-76,-84,5782,1476542615
A4:77:33:F8:A1:B8,-60,-69,24420,1476542675
54:60:09:F2:D8:92,-76,-85,5842,1476542675
A4:77:33:F8:A1:B8,-64,-73,24483,1476542738
54:60:09:F2:D8:92,-77,-86,5905,1476542738
A4:77:33:F8:A1:B8,-60,-69,24543,1476542798
54:60:09:F2:D8:92,-80,-89,5965,1476542798
A4:77:33:F8:A1:B8,-58,-68,24603,1476542858
54:60:09:F2:D8:92,-81,-88,6025,1476542858
A4:77:33:F8:A1:B8,-64,-73,24663,1476542918
54:60:09:F2:D8:92,-75,-84,6085,1476542918
A4:77:33:F8:A1:B8,-65,-73,24723,1476542978
54:60:09:F2:D8:92,-81,-89,6145,1476542978
A4:77:33:F8:A1:B8,-64,-73,24786,1476543041
54:60:09:F2:D8:92,-80,-89,6208,1476543041
A4:77:33:F8:A1:B8,-61,-70,24846,1476543101
54:60:09:F2:D8:92,-80,-88,6268,1476543101
A4:77:33:F8:A1:B8,-61,-69,24906,1476543161
54:60:09:F2:D8:92,-81,-88,6328,1476543161
A4:77:33:F8:A1:B8,-65,-73,24966,1476543221
54:60:09:F2:D8:92,-80,-88,6388,1476543221
A4:77:33:F8:A1:B8,-61,-70,25026,1476543281
54:60:09:F2:D8:92,-80,-89,6448,1476543281
A4:77:33:F8:A1:B8,-61,-70,25089,1476543344
54:60:09:F2:D8:92,-81,-89,6511,1476543344
A4:77:33:F8:A1:B8,-59,-68,25149,1476543404
54:60:09:F2:D8:92,-80,-89,6571,1476543404
A4:77:33:F8:A1:B8,-59,-68,25209,1476543464
54:60:09:F2:D8:92,-80,-89,6631,1476543464
A4:77:33:F8:A1:B8,-60,-69,25269,1476543524
54:60:09:F2:D8:92,-80,-89,6691,1476543524
A4:77:33:F8:A1:B8,-57,-66,25329,1476543584
54:60:09:F2:D8:92,-80,-89,6751,1476543584
A4:77:33:F8:A1:B8,-57,-66,25393,1476543647
54:60:09:F2:D8:92,-80,-89,6815,1476543647
A4:77:33:F8:A1:B8,-57,-66,25453,1476543707
54:60:09:F2:D8:92,-80,-89,6875,1476543707
A4:77:33:F8:A1:B8,-59,-68,25513,1476543767
54:60:09:F2:D8:92,-80,-88,6935,1476543767
A4:77:33:F8:A1:B8,-56,-65,25573,1476543827
54:60:09:F2:D8:92,-78,-87,6995,1476543827
A4:77:33:F8:A1:B8,-56,-64,25633,1476543887
54:60:09:F2:D8:92,-75,-84,7055,1476543887
A4:77:33:F8:A1:B8,-64,-72,25693,1476543947
54:60:09:F2:D8:92,-67,-77,7115,1476543947
A4:77:33:F8:A1:B8,-65,-73,25753,1476544007
54:60:09:F2:D8:92,-80,-89,7175,1476544007
A4:77:33:F8:A1:B8,-63,-71,25813,1476544067
54:60:09:F2:D8:92,-81,-88,7235,1476544067
A4:77:33:F8:A1:B8,-63,-71,25873,1476544127
54:60:09:F2:D8:92,-80,-89,7295,1476544127
A4:77:33:F8:A1:B8,-63,-71,25936,1476544190
54:60:09:F2:D8:92,-80,-89,7358,1476544190
A4:77:33:F8:A1:B8,-65,-73,25996,1476544250
54:60:09:F2:D8:92,-80,-89,7418,1476544250
A4:77:33:F8:A1:B8,-63,-71,26056,1476544310
54:60:09:F2:D8:92,-81,-89,7478,1476544310
A4:77:33:F8:A1:B8,-64,-72,26116,1476544370
54:60:09:F2:D8:92,-81,-89,7538,1476544370
A4:77:33:F8:A1:B8,-59,-67,26176,1476544430
54:60:09:F2:D8:92,-80,-88,7598,1476544430
A4:77:33:F8:A1:B8,-64,-72,26239,1476544493
54:60:09:F2:D8:92,-80,-89,7661,1476544493
A4:77:33:F8:A1:B8,-63,-71,26299,1476544553
54:60:09:F2:D8:92,-81,-89,7721,1476544553
AC:CF:85:28:94:E2,-87,-91,56,1476544553
A4:77:33:F8:A1:B8,-61,-68,26359,1476544613
54:60:09:F2:D8:92,-80,-88,7781,1476544613
AC:CF:85:28:94:E2,-87,-91,116,1476544613
A4:77:33:F8:A1:B8,-65,-73,26419,1476544673
54:60:09:F2:D8:92,-81,-88,7841,1476544673
AC:CF:85:28:94:E2,-87,-91,176,1476544673
A4:77:33:F8:A1:B8,-59,-67,26479,1476544733
54:60:09:F2:D8:92,-80,-89,7901,1476544733
AC:CF:85:28:94:E2,-87,-91,236,1476544733
