Client_MAC,Rssi0,Rssi1,Connection_Time,EpocTime
A4:77:33:F8:A1:B8,-58,-69,15714,1476497830
54:60:09:F2:D8:92,-79,-81,14208,1476497830
A4:77:33:F8:A1:B8,-62,-75,15774,1476497890
54:60:09:F2:D8:92,-70,-74,14268,1476497890
A4:77:33:F8:A1:B8,-65,-78,15834,1476497950
54:60:09:F2:D8:92,-79,-82,14328,1476497950
A4:77:33:F8:A1:B8,-66,-79,15894,1476498010
54:60:09:F2:D8:92,-83,-85,14388,1476498010
A4:77:33:F8:A1:B8,-59,-71,15954,1476498070
54:60:09:F2:D8:92,-84,-85,14448,1476498070
A4:77:33:F8:A1:B8,-59,-72,16053,1476498168
54:60:09:F2:D8:92,-83,-85,14547,1476498168
A4:77:33:F8:A1:B8,-56,-68,16113,1476498228
54:60:09:F2:D8:92,-83,-86,14607,1476498228
A4:77:33:F8:A1:B8,-59,-71,16173,1476498288
54:60:09:F2:D8:92,-84,-84,14667,1476498288
A4:77:33:F8:A1:B8,-56,-66,16233,1476498348
54:60:09:F2:D8:92,-83,-84,14727,1476498348
A4:77:33:F8:A1:B8,-58,-70,16293,1476498408
54:60:09:F2:D8:92,-83,-84,14787,1476498408
A4:77:33:F8:A1:B8,-56,-69,16356,1476498471
54:60:09:F2:D8:92,-83,-84,14850,1476498471
A4:77:33:F8:A1:B8,-58,-71,16416,1476498531
54:60:09:F2:D8:92,-83,-84,14910,1476498531
A4:77:33:F8:A1:B8,-58,-70,16476,1476498591
54:60:09:F2:D8:92,-82,-83,14970,1476498591
A4:77:33:F8:A1:B8,-56,-68,16536,1476498651
54:60:09:F2:D8:92,-79,-80,15030,1476498651
A4:77:33:F8:A1:B8,-60,-73,16596,1476498711
54:60:09:F2:D8:92,-73,-74,15090,1476498711
A4:77:33:F8:A1:B8,-64,-77,16659,1476498774
54:60:09:F2:D8:92,-72,-72,15153,1476498774
A4:77:33:F8:A1:B8,-64,-77,16719,1476498834
54:60:09:F2:D8:92,-84,-85,15213,1476498834
A4:77:33:F8:A1:B8,-60,-72,16779,1476498894
54:60:09:F2:D8:92,-84,-84,15273,1476498894
A4:77:33:F8:A1:B8,-63,-76,16839,1476498954
54:60:09:F2:D8:92,-84,-84,15333,1476498954
A4:77:33:F8:A1:B8,-60,-73,16899,1476499014
54:60:09:F2:D8:92,-84,-85,15393,1476499014
A4:77:33:F8:A1:B8,-61,-74,16962,1476499078
54:60:09:F2:D8:92,-84,-85,15456,1476499078
A4:77:33:F8:A1:B8,-66,-79,17022,1476499138
54:60:09:F2:D8:92,-84,-85,15516,1476499138
A4:77:33:F8:A1:B8,-62,-75,17082,1476499198
54:60:09:F2:D8:92,-84,-85,15576,1476499198
A4:77:33:F8:A1:B8,-64,-77,17142,1476499258
54:60:09:F2:D8:92,-83,-84,15636,1476499258
A4:77:33:F8:A1:B8,-59,-72,17202,1476499318
54:60:09:F2:D8:92,-84,-84,15696,1476499318
A4:77:33:F8:A1:B8,-63,-75,17262,1476499378
54:60:09:F2:D8:92,-84,-85,15756,1476499378
A4:77:33:F8:A1:B8,-65,-78,17322,1476499438
54:60:09:F2:D8:92,-83,-84,15816,1476499438
A4:77:33:F8:A1:B8,-58,-70,17382,1476499498
54:60:09:F2:D8:92,-82,-83,15876,1476499498
A4:77:33:F8:A1:B8,-60,-72,17442,1476499557
54:60:09:F2:D8:92,-83,-83,15936,1476499557
A4:77:33:F8:A1:B8,-59,-72,17505,1476499620
54:60:09:F2:D8:92,-82,-84,15999,1476499620
A4:77:33:F8:A1:B8,-59,-71,17565,1476499681
54:60:09:F2:D8:92,-82,-85,16059,1476499681
A4:77:33:F8:A1:B8,-65,-77,17625,1476499741
54:60:09:F2:D8:92,-83,-84,16119,1476499741
A4:77:33:F8:A1:B8,-59,-69,17685,1476499801
54:60:09:F2:D8:92,-83,-84,16179,1476499801
A4:77:33:F8:A1:B8,-59,-71,17745,1476499861
54:60:09:F2:D8:92,-80,-81,16239,1476499861
A4:77:33:F8:A1:B8,-58,-71,17808,1476499924
54:60:09:F2:D8:92,-82,-85,16302,1476499924
A4:77:33:F8:A1:B8,-59,-67,17868,1476499984
54:60:09:F2:D8:92,-83,-85,16362,1476499984
A4:77:33:F8:A1:B8,-59,-70,17928,1476500044
54:60:09:F2:D8:92,-77,-77,16422,1476500044
A4:77:33:F8:A1:B8,-62,-72,17988,1476500104
54:60:09:F2:D8:92,-72,-74,16482,1476500104
A4:77:33:F8:A1:B8,-64,-74,18048,1476500164
54:60:09:F2:D8:92,-78,-80,16542,1476500164
A4:77:33:F8:A1:B8,-63,-75,18146,1476500261
54:60:09:F2:D8:92,-79,-81,16640,1476500261
A4:77:33:F8:A1:B8,-59,-69,18206,1476500321
54:60:09:F2:D8:92,-83,-85,16700,1476500321
A4:77:33:F8:A1:B8,-58,-67,18266,1476500381
54:60:09:F2:D8:92,-83,-84,16760,1476500381
A4:77:33:F8:A1:B8,-61,-70,18326,1476500441
54:60:09:F2:D8:92,-81,-82,16820,1476500441
A4:77:33:F8:A1:B8,-56,-67,18386,1476500501
54:60:09:F2:D8:92,-83,-85,16880,1476500501
A4:77:33:F8:A1:B8,-63,-77,18449,1476500564
54:60:09:F2:D8:92,-81,-81,16943,1476500564
A4:77:33:F8:A1:B8,-60,-72,18509,1476500624
54:60:09:F2:D8:92,-84,-84,17003,1476500624
A4:77:33:F8:A1:B8,-59,-72,18569,1476500684
54:60:09:F2:D8:92,-83,-84,17063,1476500684
A4:77:33:F8:A1:B8,-57,-69,18629,1476500744
54:60:09:F2:D8:92,-83,-84,17123,1476500744
A4:77:33:F8:A1:B8,-57,-68,18689,1476500804
54:60:09:F2:D8:92,-82,-83,17183,1476500804
A4:77:33:F8:A1:B8,-58,-70,18752,1476500867
54:60:09:F2:D8:92,-82,-83,17246,1476500867
A4:77:33:F8:A1:B8,-57,-68,18812,1476500927
54:60:09:F2:D8:92,-75,-77,17306,1476500927
A4:77:33:F8:A1:B8,-66,-78,18872,1476500987
54:60:09:F2:D8:92,-72,-75,17366,1476500987
A4:77:33:F8:A1:B8,-63,-74,18932,1476501047
54:60:09:F2:D8:92,-84,-85,17426,1476501047
A4:77:33:F8:A1:B8,-65,-76,18992,1476501107
54:60:09:F2:D8:92,-84,-84,17486,1476501107
A4:77:33:F8:A1:B8,-63,-75,19052,1476501167
54:60:09:F2:D8:92,-83,-84,17546,1476501167
A4:77:33:F8:A1:B8,-60,-71,19112,1476501227
54:60:09:F2:D8:92,-83,-84,17606,1476501227
A4:77:33:F8:A1:B8,-65,-78,19172,1476501287
54:60:09:F2:D8:92,-85,-85,17666,1476501287
A4:77:33:F8:A1:B8,-62,-74,19232,1476501347
54:60:09:F2:D8:92,-84,-85,17726,1476501347
A4:77:33:F8:A1:B8,-65,-77,19295,1476501410
54:60:09:F2:D8:92,-83,-85,17789,1476501410
A4:77:33:F8:A1:B8,-60,-71,19355,1476501470
54:60:09:F2:D8:92,-84,-85,17849,1476501470
A4:77:33:F8:A1:B8,-60,-72,19415,1476501530
54:60:09:F2:D8:92,-84,-85,17909,1476501530
A4:77:33:F8:A1:B8,-62,-73,19475,1476501590
54:60:09:F2:D8:92,-83,-84,17969,1476501590
A4:77:33:F8:A1:B8,-60,-71,19535,1476501650
54:60:09:F2:D8:92,-84,-84,18029,1476501650
A4:77:33:F8:A1:B8,-64,-76,19629,1476501744
54:60:09:F2:D8:92,-84,-84,18123,1476501744
A4:77:33:F8:A1:B8,-63,-76,19689,1476501804
54:60:09:F2:D8:92,-84,-85,18183,1476501804
A4:77:33:F8:A1:B8,-65,-77,19749,1476501864
54:60:09:F2:D8:92,-84,-84,18243,1476501864
A4:77:33:F8:A1:B8,-65,-78,19809,1476501924
54:60:09:F2:D8:92,-83,-84,18303,1476501924
A4:77:33:F8:A1:B8,-62,-74,19869,1476501984
54:60:09:F2:D8:92,-83,-84,18363,1476501984
A4:77:33:F8:A1:B8,-62,-74,19932,1476502047
54:60:09:F2:D8:92,-77,-78,18426,1476502047
A4:77:33:F8:A1:B8,-64,-77,19992,1476502107
54:60:09:F2:D8:92,-84,-86,18486,1476502107
A4:77:33:F8:A1:B8,-64,-77,20052,1476502167
54:60:09:F2:D8:92,-83,-85,18546,1476502167
A4:77:33:F8:A1:B8,-65,-78,20112,1476502227
54:60:09:F2:D8:92,-83,-86,18606,1476502227
A4:77:33:F8:A1:B8,-61,-71,20172,1476502287
54:60:09:F2:D8:92,-84,-86,18666,1476502287
A4:77:33:F8:A1:B8,-65,-77,20235,1476502350
54:60:09:F2:D8:92,-84,-85,18729,1476502350
A4:77:33:F8:A1:B8,-58,-70,20295,1476502410
54:60:09:F2:D8:92,-83,-85,18789,1476502410
A4:77:33:F8:A1:B8,-64,-79,20355,1476502470
54:60:09:F2:D8:92,-85,-85,18849,1476502470
A4:77:33:F8:A1:B8,-60,-72,20415,1476502530
54:60:09:F2:D8:92,-84,-84,18909,1476502530
A4:77:33:F8:A1:B8,-60,-71,20475,1476502590
54:60:09:F2:D8:92,-82,-83,18969,1476502590
A4:77:33:F8:A1:B8,-64,-76,20538,1476502653
54:60:09:F2:D8:92,-80,-81,19032,1476502653
A4:77:33:F8:A1:B8,-59,-69,20598,1476502713
54:60:09:F2:D8:92,-80,-81,19092,1476502713
A4:77:33:F8:A1:B8,-59,-70,20658,1476502773
54:60:09:F2:D8:92,-84,-84,19152,1476502773
A4:77:33:F8:A1:B8,-61,-72,20718,1476502833
54:60:09:F2:D8:92,-84,-84,19212,1476502833
A4:77:33:F8:A1:B8,-60,-70,20778,1476502893
54:60:09:F2:D8:92,-79,-80,19272,1476502893
A4:77:33:F8:A1:B8,-64,-76,20838,1476502954
54:60:09:F2:D8:92,-83,-83,19332,1476502954
A4:77:33:F8:A1:B8,-61,-71,20898,1476503014
54:60:09:F2:D8:92,-80,-81,19392,1476503014
A4:77:33:F8:A1:B8,-59,-69,20958,1476503074
54:60:09:F2:D8:92,-74,-75,19452,1476503074
A4:77:33:F8:A1:B8,-59,-70,21018,1476503134
54:60:09:F2:D8:92,-84,-84,19512,1476503134
A4:77:33:F8:A1:B8,-57,-67,21081,1476503197
54:60:09:F2:D8:92,-84,-84,19575,1476503197
A4:77:33:F8:A1:B8,-57,-68,21141,1476503257
54:60:09:F2:D8:92,-84,-84,19635,1476503257
A4:77:33:F8:A1:B8,-58,-69,21201,1476503317
54:60:09:F2:D8:92,-83,-83,19695,1476503317
A4:77:33:F8:A1:B8,-65,-77,21261,1476503377
54:60:09:F2:D8:92,-80,-81,19755,1476503377
A4:77:33:F8:A1:B8,-63,-75,21321,1476503437
54:60:09:F2:D8:92,-79,-81,19815,1476503437
A4:77:33:F8:A1:B8,-61,-72,21384,1476503500
54:60:09:F2:D8:92,-81,-82,19878,1476503500
A4:77:33:F8:A1:B8,-65,-77,21444,1476503560
54:60:09:F2:D8:92,-76,-79,19938,1476503560
A4:77:33:F8:A1:B8,-61,-72,21504,1476503620
54:60:09:F2:D8:92,-81,-83,19998,1476503620
A4:77:33:F8:A1:B8,-65,-77,21564,1476503680
54:60:09:F2:D8:92,-80,-83,20058,1476503680
A4:77:33:F8:A1:B8,-61,-73,21624,1476503740
54:60:09:F2:D8:92,-79,-81,20118,1476503740
A4:77:33:F8:A1:B8,-65,-77,21717,1476503832
54:60:09:F2:D8:92,-74,-78,20211,1476503832
A4:77:33:F8:A1:B8,-58,-69,21777,1476503893
54:60:09:F2:D8:92,-80,-82,20271,1476503893
A4:77:33:F8:A1:B8,-59,-70,21837,1476503953
54:60:09:F2:D8:92,-81,-84,20331,1476503953
A4:77:33:F8:A1:B8,-59,-70,21897,1476504013
54:60:09:F2:D8:92,-81,-83,20391,1476504013
A4:77:33:F8:A1:B8,-65,-77,21957,1476504073
54:60:09:F2:D8:92,-81,-83,20451,1476504073
A4:77:33:F8:A1:B8,-66,-78,22020,1476504136
54:60:09:F2:D8:92,-77,-79,20514,1476504136
A4:77:33:F8:A1:B8,-64,-75,22080,1476504196
54:60:09:F2:D8:92,-80,-82,20574,1476504196
A4:77:33:F8:A1:B8,-65,-77,22140,1476504256
54:60:09:F2:D8:92,-81,-83,20634,1476504256
A4:77:33:F8:A1:B8,-60,-72,22200,1476504316
54:60:09:F2:D8:92,-81,-83,20694,1476504316
A4:77:33:F8:A1:B8,-62,-74,22260,1476504376
54:60:09:F2:D8:92,-81,-83,20754,1476504376
A4:77:33:F8:A1:B8,-61,-73,22323,1476504439
54:60:09:F2:D8:92,-81,-84,20817,1476504439
A4:77:33:F8:A1:B8,-65,-77,22383,1476504499
54:60:09:F2:D8:92,-80,-82,20877,1476504499
A4:77:33:F8:A1:B8,-65,-78,22443,1476504559
54:60:09:F2:D8:92,-84,-86,20937,1476504559
A4:77:33:F8:A1:B8,-61,-72,22503,1476504619
54:60:09:F2:D8:92,-84,-85,20997,1476504619
A4:77:33:F8:A1:B8,-65,-78,22569,1476504685
54:60:09:F2:D8:92,-79,-82,21063,1476504685
A4:77:33:F8:A1:B8,-61,-73,22629,1476504745
54:60:09:F2:D8:92,-81,-83,21123,1476504745
A4:77:33:F8:A1:B8,-62,-75,22689,1476504805
54:60:09:F2:D8:92,-79,-81,21183,1476504805
A4:77:33:F8:A1:B8,-65,-77,22749,1476504865
54:60:09:F2:D8:92,-80,-82,21243,1476504865
A4:77:33:F8:A1:B8,-60,-71,22809,1476504925
54:60:09:F2:D8:92,-79,-81,21303,1476504925
