Client_MAC,Rssi0,Rssi1,Connection_Time,EpocTime
54:60:09:F2:D8:92,-79,-89,34087,1476570919
54:60:09:F2:D8:92,-79,-89,34147,1476570979
54:60:09:F2:D8:92,-79,-89,34207,1476571039
54:60:09:F2:D8:92,-79,-89,34267,1476571099
54:60:09:F2:D8:92,-79,-89,34327,1476571159
54:60:09:F2:D8:92,-79,-89,34390,1476571223
54:60:09:F2:D8:92,-79,-89,34450,1476571283
54:60:09:F2:D8:92,-78,-89,34510,1476571343
54:60:09:F2:D8:92,-79,-89,34570,1476571403
54:60:09:F2:D8:92,-79,-89,34630,1476571463
54:60:09:F2:D8:92,-78,-90,34694,1476571526
54:60:09:F2:D8:92,-79,-89,34754,1476571586
54:60:09:F2:D8:92,-79,-89,34814,1476571646
54:60:09:F2:D8:92,-79,-89,34874,1476571706
54:60:09:F2:D8:92,-79,-89,34934,1476571766
54:60:09:F2:D8:92,-78,-89,34997,1476571829
54:60:09:F2:D8:92,-79,-89,35057,1476571889
54:60:09:F2:D8:92,-79,-88,35117,1476571949
54:60:09:F2:D8:92,-79,-88,35177,1476572009
54:60:09:F2:D8:92,-79,-88,35237,1476572069
54:60:09:F2:D8:92,-79,-89,35300,1476572132
54:60:09:F2:D8:92,-79,-89,35360,1476572192
54:60:09:F2:D8:92,-79,-89,35420,1476572252
54:60:09:F2:D8:92,-79,-89,35480,1476572312
54:60:09:F2:D8:92,-79,-89,35546,1476572378
54:60:09:F2:D8:92,-80,-89,35606,1476572438
54:60:09:F2:D8:92,-79,-88,35666,1476572498
54:60:09:F2:D8:92,-79,-89,35726,1476572558
54:60:09:F2:D8:92,-79,-89,35786,1476572618
54:60:09:F2:D8:92,-79,-89,35849,1476572681
54:60:09:F2:D8:92,-79,-88,35909,1476572741
54:60:09:F2:D8:92,-79,-88,35969,1476572801
54:60:09:F2:D8:92,-80,-89,36029,1476572861
54:60:09:F2:D8:92,-78,-89,36089,1476572921
54:60:09:F2:D8:92,-79,-89,36152,1476572984
54:60:09:F2:D8:92,-78,-89,36212,1476573044
54:60:09:F2:D8:92,-79,-89,36272,1476573104
54:60:09:F2:D8:92,-78,-89,36332,1476573164
54:60:09:F2:D8:92,-78,-89,36392,1476573224
54:60:09:F2:D8:92,-79,-89,36455,1476573287
54:60:09:F2:D8:92,-78,-89,36515,1476573347
54:60:09:F2:D8:92,-78,-89,36575,1476573407
54:60:09:F2:D8:92,-79,-89,36635,1476573467
54:60:09:F2:D8:92,-79,-89,36695,1476573527
54:60:09:F2:D8:92,-78,-89,36759,1476573591
54:60:09:F2:D8:92,-79,-89,36819,1476573651
54:60:09:F2:D8:92,-79,-89,36879,1476573711
54:60:09:F2:D8:92,-78,-89,36939,1476573771
54:60:09:F2:D8:92,-79,-89,36999,1476573831
54:60:09:F2:D8:92,-79,-89,37098,1476573930
54:60:09:F2:D8:92,-79,-89,37158,1476573990
54:60:09:F2:D8:92,-79,-89,37218,1476574050
54:60:09:F2:D8:92,-79,-89,37278,1476574110
54:60:09:F2:D8:92,-79,-90,37338,1476574170
54:60:09:F2:D8:92,-79,-89,37398,1476574230
54:60:09:F2:D8:92,-80,-89,37458,1476574290
54:60:09:F2:D8:92,-79,-90,37518,1476574350
54:60:09:F2:D8:92,-79,-90,37578,1476574410
54:60:09:F2:D8:92,-79,-90,37641,1476574473
54:60:09:F2:D8:92,-80,-89,37701,1476574533
54:60:09:F2:D8:92,-79,-90,37761,1476574593
54:60:09:F2:D8:92,-79,-89,37821,1476574653
54:60:09:F2:D8:92,-79,-89,37881,1476574713
54:60:09:F2:D8:92,-80,-89,37975,1476574807
54:60:09:F2:D8:92,-80,-89,38035,1476574867
54:60:09:F2:D8:92,-80,-89,38095,1476574927
54:60:09:F2:D8:92,-79,-89,38155,1476574987
54:60:09:F2:D8:92,-79,-89,38215,1476575047
54:60:09:F2:D8:92,-79,-89,38278,1476575110
54:60:09:F2:D8:92,-79,-89,38338,1476575170
54:60:09:F2:D8:92,-79,-89,38398,1476575230
54:60:09:F2:D8:92,-79,-88,38458,1476575290
54:60:09:F2:D8:92,-79,-89,38518,1476575350
54:60:09:F2:D8:92,-79,-89,38581,1476575413
54:60:09:F2:D8:92,-79,-89,38641,1476575473
54:60:09:F2:D8:92,-79,-88,38701,1476575533
54:60:09:F2:D8:92,-78,-87,38761,1476575593
54:60:09:F2:D8:92,-79,-89,38821,1476575653
54:60:09:F2:D8:92,-78,-90,38884,1476575716
54:60:09:F2:D8:92,-79,-89,38944,1476575776
54:60:09:F2:D8:92,-79,-89,39004,1476575836
54:60:09:F2:D8:92,-79,-89,39064,1476575896
54:60:09:F2:D8:92,-79,-88,39124,1476575956
54:60:09:F2:D8:92,-79,-89,39184,1476576017
54:60:09:F2:D8:92,-80,-89,39244,1476576077
54:60:09:F2:D8:92,-80,-88,39304,1476576137
54:60:09:F2:D8:92,-79,-89,39364,1476576197
54:60:09:F2:D8:92,-80,-89,39428,1476576260
54:60:09:F2:D8:92,-79,-88,39488,1476576320
54:60:09:F2:D8:92,-78,-87,39548,1476576380
54:60:09:F2:D8:92,-78,-87,39608,1476576440
54:60:09:F2:D8:92,-72,-82,39668,1476576500
54:60:09:F2:D8:92,-72,-81,39731,1476576563
54:60:09:F2:D8:92,-68,-78,39791,1476576623
54:60:09:F2:D8:92,-79,-88,39851,1476576683
54:60:09:F2:D8:92,-79,-89,39911,1476576743
54:60:09:F2:D8:92,-80,-89,39971,1476576803
54:60:09:F2:D8:92,-79,-89,40065,1476576897
54:60:09:F2:D8:92,-80,-89,40125,1476576957
54:60:09:F2:D8:92,-80,-89,40185,1476577017
54:60:09:F2:D8:92,-79,-88,40245,1476577077
54:60:09:F2:D8:92,-79,-89,40305,1476577137
54:60:09:F2:D8:92,-79,-88,40368,1476577200
54:60:09:F2:D8:92,-78,-88,40428,1476577260
54:60:09:F2:D8:92,-77,-87,40488,1476577320
54:60:09:F2:D8:92,-73,-83,40548,1476577380
54:60:09:F2:D8:92,-67,-77,40608,1476577440
54:60:09:F2:D8:92,-68,-78,40671,1476577503
54:60:09:F2:D8:92,-80,-88,40731,1476577563
54:60:09:F2:D8:92,-80,-89,40791,1476577623
54:60:09:F2:D8:92,-79,-88,40851,1476577683
54:60:09:F2:D8:92,-79,-89,40911,1476577743
54:60:09:F2:D8:92,-79,-89,40971,1476577803
54:60:09:F2:D8:92,-79,-89,41031,1476577863
54:60:09:F2:D8:92,-80,-89,41091,1476577923
54:60:09:F2:D8:92,-80,-89,41151,1476577983
54:60:09:F2:D8:92,-79,-89,41214,1476578046
54:60:09:F2:D8:92,-79,-88,41274,1476578106
54:60:09:F2:D8:92,-80,-89,41334,1476578166
54:60:09:F2:D8:92,-80,-88,41394,1476578226
54:60:09:F2:D8:92,-79,-89,41454,1476578286
54:60:09:F2:D8:92,-79,-89,41517,1476578349
54:60:09:F2:D8:92,-80,-89,41577,1476578409
54:60:09:F2:D8:92,-78,-88,41637,1476578469
54:60:09:F2:D8:92,-75,-85,41697,1476578529
54:60:09:F2:D8:92,-80,-89,41757,1476578589
54:60:09:F2:D8:92,-80,-89,41853,1476578685
54:60:09:F2:D8:92,-80,-88,41913,1476578745
54:60:09:F2:D8:92,-80,-89,41973,1476578805
54:60:09:F2:D8:92,-80,-89,42033,1476578865
54:60:09:F2:D8:92,-79,-89,42093,1476578925
54:60:09:F2:D8:92,-80,-89,42157,1476578989
54:60:09:F2:D8:92,-80,-89,42217,1476579049
54:60:09:F2:D8:92,-79,-88,42277,1476579109
54:60:09:F2:D8:92,-80,-89,42337,1476579169
54:60:09:F2:D8:92,-79,-89,42397,1476579229
54:60:09:F2:D8:92,-79,-89,42460,1476579292
54:60:09:F2:D8:92,-80,-89,42520,1476579352
54:60:09:F2:D8:92,-80,-89,42580,1476579412
54:60:09:F2:D8:92,-79,-89,42640,1476579472
54:60:09:F2:D8:92,-79,-88,42700,1476579532
54:60:09:F2:D8:92,-80,-88,42760,1476579592
54:60:09:F2:D8:92,-80,-88,42820,1476579652
54:60:09:F2:D8:92,-78,-88,42880,1476579712
54:60:09:F2:D8:92,-78,-87,42940,1476579772
54:60:09:F2:D8:92,-78,-88,43003,1476579835
54:60:09:F2:D8:92,-75,-84,43063,1476579895
54:60:09:F2:D8:92,-71,-80,43123,1476579955
54:60:09:F2:D8:92,-80,-88,43183,1476580015
54:60:09:F2:D8:92,-80,-89,43243,1476580075
AC:CF:85:28:94:E2,-87,-90,16,1476580621
AC:CF:85:28:94:E2,-87,-90,76,1476580681
AC:CF:85:28:94:E2,-87,-90,170,1476580775
AC:CF:85:28:94:E2,-87,-90,230,1476580835
AC:CF:85:28:94:E2,-87,-90,290,1476580895
AC:CF:85:28:94:E2,-76,-79,33,1476580955
AC:CF:85:28:94:E2,-75,-81,93,1476581015
AC:CF:85:28:94:E2,-71,-75,156,1476581078
AC:CF:85:28:94:E2,-46,-41,216,1476581138
AC:CF:85:28:94:E2,-50,-54,276,1476581198
AC:CF:85:28:94:E2,-51,-56,336,1476581258
AC:CF:85:28:94:E2,-51,-55,396,1476581318
AC:CF:85:28:94:E2,-50,-55,456,1476581378
AC:CF:85:28:94:E2,-50,-55,516,1476581438
AC:CF:85:28:94:E2,-50,-55,576,1476581498
AC:CF:85:28:94:E2,-49,-55,636,1476581558
AC:CF:85:28:94:E2,-49,-55,699,1476581621
AC:CF:85:28:94:E2,-49,-55,759,1476581681
AC:CF:85:28:94:E2,-46,-52,819,1476581741
AC:CF:85:28:94:E2,-46,-47,879,1476581801
AC:CF:85:28:94:E2,-47,-45,939,1476581861
AC:CF:85:28:94:E2,-56,-53,1002,1476581924
AC:CF:85:28:94:E2,-56,-52,1062,1476581984
AC:CF:85:28:94:E2,-55,-51,1122,1476582044
AC:CF:85:28:94:E2,-55,-52,1182,1476582104
AC:CF:85:28:94:E2,-55,-52,1242,1476582164
AC:CF:85:28:94:E2,-55,-52,1347,1476582269
AC:CF:85:28:94:E2,-56,-54,1407,1476582329
AC:CF:85:28:94:E2,-56,-54,1467,1476582389
AC:CF:85:28:94:E2,-56,-53,1527,1476582449
AC:CF:85:28:94:E2,-55,-53,1587,1476582509
AC:CF:85:28:94:E2,-54,-51,1650,1476582572
AC:CF:85:28:94:E2,-54,-52,1710,1476582632
AC:CF:85:28:94:E2,-53,-52,1770,1476582692
AC:CF:85:28:94:E2,-52,-52,1830,1476582752
AC:CF:85:28:94:E2,-52,-52,1890,1476582812
AC:CF:85:28:94:E2,-52,-53,1953,1476582875
AC:CF:85:28:94:E2,-57,-56,2013,1476582935
AC:CF:85:28:94:E2,-57,-56,2073,1476582995
AC:CF:85:28:94:E2,-57,-56,2133,1476583055
AC:CF:85:28:94:E2,-57,-55,2193,1476583115
AC:CF:85:28:94:E2,-57,-55,2253,1476583175
AC:CF:85:28:94:E2,-57,-54,2313,1476583235
AC:CF:85:28:94:E2,-56,-54,2373,1476583295
AC:CF:85:28:94:E2,-55,-54,2433,1476583355
AC:CF:85:28:94:E2,-55,-54,2496,1476583418
AC:CF:85:28:94:E2,-55,-54,2556,1476583478
AC:CF:85:28:94:E2,-57,-55,2616,1476583538
AC:CF:85:28:94:E2,-56,-54,2676,1476583598
AC:CF:85:28:94:E2,-55,-53,2736,1476583658
AC:CF:85:28:94:E2,-55,-53,2799,1476583721
AC:CF:85:28:94:E2,-55,-52,2859,1476583781
AC:CF:85:28:94:E2,-53,-53,2919,1476583841
AC:CF:85:28:94:E2,-53,-53,2979,1476583901
AC:CF:85:28:94:E2,-53,-52,3039,1476583961
AC:CF:85:28:94:E2,-51,-50,3138,1476584060
AC:CF:85:28:94:E2,-50,-49,3198,1476584120
AC:CF:85:28:94:E2,-49,-48,3258,1476584180
AC:CF:85:28:94:E2,-52,-51,3318,1476584240
AC:CF:85:28:94:E2,-50,-50,3378,1476584300
AC:CF:85:28:94:E2,-52,-51,3441,1476584363
AC:CF:85:28:94:E2,-51,-50,3501,1476584423
AC:CF:85:28:94:E2,-49,-49,3561,1476584483
AC:CF:85:28:94:E2,-50,-52,3621,1476584543
AC:CF:85:28:94:E2,-49,-56,3681,1476584603
AC:CF:85:28:94:E2,-49,-57,3744,1476584666
AC:CF:85:28:94:E2,-48,-57,3804,1476584726
AC:CF:85:28:94:E2,-48,-57,3864,1476584786
AC:CF:85:28:94:E2,-49,-57,3924,1476584846
AC:CF:85:28:94:E2,-49,-57,3984,1476584906
AC:CF:85:28:94:E2,-49,-57,4044,1476584966
AC:CF:85:28:94:E2,-49,-56,4104,1476585026
AC:CF:85:28:94:E2,-47,-54,4164,1476585086
AC:CF:85:28:94:E2,-46,-52,4224,1476585146
AC:CF:85:28:94:E2,-46,-52,4287,1476585209
AC:CF:85:28:94:E2,-46,-52,4347,1476585269
AC:CF:85:28:94:E2,-45,-52,4407,1476585329
AC:CF:85:28:94:E2,-50,-55,4467,1476585389
AC:CF:85:28:94:E2,-50,-55,4527,1476585449
AC:CF:85:28:94:E2,-49,-55,4590,1476585512
AC:CF:85:28:94:E2,-53,-56,4650,1476585572
AC:CF:85:28:94:E2,-53,-55,4710,1476585632
AC:CF:85:28:94:E2,-56,-53,4770,1476585692
AC:CF:85:28:94:E2,-55,-53,4830,1476585752
