Client_MAC,Rssi0,Rssi1,Connection_Time,EpocTime
A4:77:33:F8:A1:B8,-59,-68,26542,1476544797
54:60:09:F2:D8:92,-80,-88,7964,1476544797
AC:CF:85:28:94:E2,-87,-91,299,1476544797
A4:77:33:F8:A1:B8,-64,-73,26602,1476544857
54:60:09:F2:D8:92,-81,-89,8024,1476544857
A4:77:33:F8:A1:B8,-59,-68,26662,1476544917
54:60:09:F2:D8:92,-81,-89,8084,1476544917
A4:77:33:F8:A1:B8,-65,-73,26722,1476544977
54:60:09:F2:D8:92,-81,-88,8144,1476544977
A4:77:33:F8:A1:B8,-57,-66,26782,1476545037
54:60:09:F2:D8:92,-80,-88,8204,1476545037
A4:77:33:F8:A1:B8,-60,-69,26875,1476545130
54:60:09:F2:D8:92,-81,-88,8297,1476545130
A4:77:33:F8:A1:B8,-62,-70,26935,1476545190
54:60:09:F2:D8:92,-80,-89,8357,1476545190
A4:77:33:F8:A1:B8,-58,-67,26995,1476545250
54:60:09:F2:D8:92,-81,-89,8417,1476545250
A4:77:33:F8:A1:B8,-55,-64,27055,1476545310
54:60:09:F2:D8:92,-81,-88,8477,1476545310
A4:77:33:F8:A1:B8,-59,-67,27115,1476545370
54:60:09:F2:D8:92,-81,-89,8537,1476545370
A4:77:33:F8:A1:B8,-59,-68,27178,1476545433
54:60:09:F2:D8:92,-80,-88,8600,1476545433
A4:77:33:F8:A1:B8,-60,-69,27238,1476545493
54:60:09:F2:D8:92,-80,-89,8660,1476545493
A4:77:33:F8:A1:B8,-59,-68,27298,1476545553
54:60:09:F2:D8:92,-81,-88,8720,1476545553
A4:77:33:F8:A1:B8,-56,-65,27358,1476545613
54:60:09:F2:D8:92,-81,-89,8780,1476545613
A4:77:33:F8:A1:B8,-65,-73,27418,1476545673
54:60:09:F2:D8:92,-81,-89,8840,1476545673
A4:77:33:F8:A1:B8,-58,-67,27478,1476545733
54:60:09:F2:D8:92,-80,-89,8900,1476545733
A4:77:33:F8:A1:B8,-57,-66,27538,1476545793
54:60:09:F2:D8:92,-80,-89,8960,1476545793
A4:77:33:F8:A1:B8,-58,-67,27598,1476545853
54:60:09:F2:D8:92,-80,-88,9020,1476545853
A4:77:33:F8:A1:B8,-57,-66,27658,1476545913
54:60:09:F2:D8:92,-81,-89,9080,1476545913
A4:77:33:F8:A1:B8,-55,-64,27721,1476545976
54:60:09:F2:D8:92,-80,-88,9143,1476545976
A4:77:33:F8:A1:B8,-57,-66,27781,1476546036
54:60:09:F2:D8:92,-81,-88,9203,1476546036
A4:77:33:F8:A1:B8,-58,-67,27841,1476546096
54:60:09:F2:D8:92,-80,-88,9263,1476546096
A4:77:33:F8:A1:B8,-62,-70,27901,1476546156
54:60:09:F2:D8:92,-80,-88,9323,1476546156
A4:77:33:F8:A1:B8,-65,-73,27961,1476546216
54:60:09:F2:D8:92,-78,-87,9383,1476546216
A4:77:33:F8:A1:B8,-58,-67,28053,1476546308
54:60:09:F2:D8:92,-80,-89,9475,1476546308
A4:77:33:F8:A1:B8,-57,-66,28113,1476546368
54:60:09:F2:D8:92,-80,-89,9535,1476546368
A4:77:33:F8:A1:B8,-57,-65,28173,1476546428
54:60:09:F2:D8:92,-80,-89,9595,1476546428
A4:77:33:F8:A1:B8,-58,-67,28233,1476546488
54:60:09:F2:D8:92,-80,-89,9655,1476546488
A4:77:33:F8:A1:B8,-57,-66,28293,1476546548
54:60:09:F2:D8:92,-80,-88,9715,1476546548
A4:77:33:F8:A1:B8,-58,-67,28356,1476546611
54:60:09:F2:D8:92,-80,-88,9778,1476546611
A4:77:33:F8:A1:B8,-57,-66,28416,1476546671
54:60:09:F2:D8:92,-80,-89,9838,1476546671
A4:77:33:F8:A1:B8,-57,-65,28476,1476546731
54:60:09:F2:D8:92,-80,-89,9898,1476546731
A4:77:33:F8:A1:B8,-57,-66,28536,1476546791
54:60:09:F2:D8:92,-82,-86,9958,1476546791
A4:77:33:F8:A1:B8,-65,-73,28596,1476546851
54:60:09:F2:D8:92,-80,-88,10018,1476546851
A4:77:33:F8:A1:B8,-65,-73,28659,1476546914
54:60:09:F2:D8:92,-80,-88,10081,1476546914
A4:77:33:F8:A1:B8,-65,-73,28719,1476546974
54:60:09:F2:D8:92,-81,-88,10141,1476546974
A4:77:33:F8:A1:B8,-65,-73,28779,1476547034
54:60:09:F2:D8:92,-80,-89,10201,1476547034
A4:77:33:F8:A1:B8,-65,-73,28839,1476547094
54:60:09:F2:D8:92,-80,-89,10261,1476547094
A4:77:33:F8:A1:B8,-65,-73,28899,1476547154
54:60:09:F2:D8:92,-80,-88,10321,1476547154
A4:77:33:F8:A1:B8,-65,-72,28962,1476547217
54:60:09:F2:D8:92,-80,-88,10384,1476547217
A4:77:33:F8:A1:B8,-65,-73,29022,1476547277
54:60:09:F2:D8:92,-81,-89,10444,1476547277
A4:77:33:F8:A1:B8,-60,-69,29082,1476547337
54:60:09:F2:D8:92,-80,-89,10504,1476547337
A4:77:33:F8:A1:B8,-65,-73,29142,1476547397
54:60:09:F2:D8:92,-80,-89,10564,1476547397
A4:77:33:F8:A1:B8,-60,-68,29202,1476547457
54:60:09:F2:D8:92,-80,-89,10624,1476547457
A4:77:33:F8:A1:B8,-65,-73,29262,1476547517
54:60:09:F2:D8:92,-81,-89,10684,1476547517
A4:77:33:F8:A1:B8,-61,-69,29322,1476547577
54:60:09:F2:D8:92,-81,-89,10744,1476547577
A4:77:33:F8:A1:B8,-59,-67,29382,1476547637
54:60:09:F2:D8:92,-80,-89,10804,1476547637
A4:77:33:F8:A1:B8,-59,-67,29442,1476547697
54:60:09:F2:D8:92,-81,-89,10864,1476547697
A4:77:33:F8:A1:B8,-58,-67,29505,1476547760
54:60:09:F2:D8:92,-81,-89,10927,1476547760
A4:77:33:F8:A1:B8,-63,-71,29565,1476547820
54:60:09:F2:D8:92,-80,-89,10987,1476547820
A4:77:33:F8:A1:B8,-58,-66,29625,1476547880
54:60:09:F2:D8:92,-80,-89,11047,1476547880
A4:77:33:F8:A1:B8,-55,-64,29685,1476547940
54:60:09:F2:D8:92,-80,-89,11107,1476547940
A4:77:33:F8:A1:B8,-57,-65,29745,1476548000
54:60:09:F2:D8:92,-80,-89,11167,1476548000
A4:77:33:F8:A1:B8,-60,-69,29809,1476548063
54:60:09:F2:D8:92,-80,-89,11231,1476548063
A4:77:33:F8:A1:B8,-58,-66,29869,1476548123
54:60:09:F2:D8:92,-81,-90,11291,1476548123
A4:77:33:F8:A1:B8,-57,-65,29929,1476548183
54:60:09:F2:D8:92,-80,-89,11351,1476548183
A4:77:33:F8:A1:B8,-58,-67,29989,1476548243
54:60:09:F2:D8:92,-80,-89,11411,1476548243
A4:77:33:F8:A1:B8,-57,-65,30049,1476548303
54:60:09:F2:D8:92,-80,-89,11471,1476548303
A4:77:33:F8:A1:B8,-56,-64,30112,1476548366
54:60:09:F2:D8:92,-80,-88,11534,1476548366
A4:77:33:F8:A1:B8,-65,-74,30172,1476548426
54:60:09:F2:D8:92,-81,-89,11594,1476548426
A4:77:33:F8:A1:B8,-65,-74,30232,1476548486
54:60:09:F2:D8:92,-80,-89,11654,1476548486
A4:77:33:F8:A1:B8,-65,-74,30292,1476548546
54:60:09:F2:D8:92,-80,-88,11714,1476548546
A4:77:33:F8:A1:B8,-65,-73,30352,1476548606
54:60:09:F2:D8:92,-80,-89,11774,1476548606
A4:77:33:F8:A1:B8,-65,-73,30415,1476548669
54:60:09:F2:D8:92,-79,-88,11837,1476548669
A4:77:33:F8:A1:B8,-62,-70,30475,1476548729
54:60:09:F2:D8:92,-80,-89,11897,1476548729
A4:77:33:F8:A1:B8,-62,-70,30535,1476548789
54:60:09:F2:D8:92,-81,-89,11957,1476548789
A4:77:33:F8:A1:B8,-65,-73,30595,1476548849
54:60:09:F2:D8:92,-81,-89,12017,1476548849
A4:77:33:F8:A1:B8,-64,-73,30655,1476548909
54:60:09:F2:D8:92,-80,-89,12077,1476548909
A4:77:33:F8:A1:B8,-60,-68,30749,1476549003
54:60:09:F2:D8:92,-81,-89,12171,1476549003
A4:77:33:F8:A1:B8,-58,-66,30809,1476549063
54:60:09:F2:D8:92,-80,-89,12231,1476549063
A4:77:33:F8:A1:B8,-57,-65,30869,1476549123
54:60:09:F2:D8:92,-81,-89,12291,1476549123
A4:77:33:F8:A1:B8,-59,-67,30929,1476549183
54:60:09:F2:D8:92,-80,-89,12351,1476549183
A4:77:33:F8:A1:B8,-61,-70,30989,1476549243
54:60:09:F2:D8:92,-80,-89,12411,1476549243
A4:77:33:F8:A1:B8,-65,-74,31049,1476549303
54:60:09:F2:D8:92,-80,-89,12471,1476549303
A4:77:33:F8:A1:B8,-65,-73,31109,1476549363
54:60:09:F2:D8:92,-80,-89,12531,1476549363
A4:77:33:F8:A1:B8,-62,-70,31169,1476549423
54:60:09:F2:D8:92,-81,-89,12591,1476549423
A4:77:33:F8:A1:B8,-65,-73,31229,1476549483
54:60:09:F2:D8:92,-80,-89,12651,1476549483
A4:77:33:F8:A1:B8,-61,-69,31292,1476549546
54:60:09:F2:D8:92,-80,-89,12714,1476549546
A4:77:33:F8:A1:B8,-62,-70,31352,1476549606
54:60:09:F2:D8:92,-81,-88,12774,1476549606
A4:77:33:F8:A1:B8,-62,-70,31412,1476549666
54:60:09:F2:D8:92,-80,-89,12834,1476549666
A4:77:33:F8:A1:B8,-66,-74,31472,1476549726
54:60:09:F2:D8:92,-81,-88,12894,1476549726
A4:77:33:F8:A1:B8,-65,-72,31532,1476549786
54:60:09:F2:D8:92,-80,-88,12954,1476549786
A4:77:33:F8:A1:B8,-59,-68,31623,1476549878
54:60:09:F2:D8:92,-80,-89,13045,1476549878
A4:77:33:F8:A1:B8,-65,-74,31683,1476549938
54:60:09:F2:D8:92,-80,-89,13105,1476549938
A4:77:33:F8:A1:B8,-62,-70,31743,1476549998
54:60:09:F2:D8:92,-81,-89,13165,1476549998
A4:77:33:F8:A1:B8,-61,-69,31803,1476550058
54:60:09:F2:D8:92,-80,-89,13225,1476550058
A4:77:33:F8:A1:B8,-65,-73,31863,1476550118
54:60:09:F2:D8:92,-80,-89,13285,1476550118
A4:77:33:F8:A1:B8,-61,-69,31927,1476550181
54:60:09:F2:D8:92,-80,-89,13349,1476550181
A4:77:33:F8:A1:B8,-65,-73,31987,1476550241
54:60:09:F2:D8:92,-80,-89,13409,1476550241
A4:77:33:F8:A1:B8,-58,-66,32047,1476550301
54:60:09:F2:D8:92,-80,-89,13469,1476550301
A4:77:33:F8:A1:B8,-61,-69,32107,1476550361
54:60:09:F2:D8:92,-80,-89,13529,1476550361
A4:77:33:F8:A1:B8,-59,-67,32167,1476550421
54:60:09:F2:D8:92,-80,-89,13589,1476550421
A4:77:33:F8:A1:B8,-57,-65,32230,1476550484
54:60:09:F2:D8:92,-80,-89,13652,1476550484
A4:77:33:F8:A1:B8,-65,-73,32290,1476550544
54:60:09:F2:D8:92,-79,-88,13712,1476550544
A4:77:33:F8:A1:B8,-61,-70,32350,1476550604
54:60:09:F2:D8:92,-80,-89,13772,1476550604
A4:77:33:F8:A1:B8,-65,-73,32410,1476550664
54:60:09:F2:D8:92,-80,-89,13832,1476550664
A4:77:33:F8:A1:B8,-59,-67,32470,1476550724
54:60:09:F2:D8:92,-80,-89,13892,1476550724
A4:77:33:F8:A1:B8,-59,-68,32533,1476550787
54:60:09:F2:D8:92,-81,-89,13955,1476550787
A4:77:33:F8:A1:B8,-59,-67,32593,1476550847
54:60:09:F2:D8:92,-80,-89,14015,1476550847
A4:77:33:F8:A1:B8,-60,-68,32653,1476550907
54:60:09:F2:D8:92,-80,-89,14075,1476550907
A4:77:33:F8:A1:B8,-56,-64,32713,1476550967
54:60:09:F2:D8:92,-80,-89,14135,1476550967
A4:77:33:F8:A1:B8,-65,-73,32773,1476551027
54:60:09:F2:D8:92,-80,-89,14195,1476551027
A4:77:33:F8:A1:B8,-65,-73,32833,1476551087
54:60:09:F2:D8:92,-80,-88,14255,1476551087
A4:77:33:F8:A1:B8,-58,-66,32893,1476551147
54:60:09:F2:D8:92,-80,-89,14315,1476551147
A4:77:33:F8:A1:B8,-56,-64,32953,1476551207
54:60:09:F2:D8:92,-80,-89,14375,1476551207
A4:77:33:F8:A1:B8,-59,-67,33013,1476551267
54:60:09:F2:D8:92,-80,-88,14435,1476551267
A4:77:33:F8:A1:B8,-59,-67,33076,1476551330
54:60:09:F2:D8:92,-80,-88,14498,1476551330
A4:77:33:F8:A1:B8,-57,-66,33136,1476551390
54:60:09:F2:D8:92,-80,-89,14558,1476551390
A4:77:33:F8:A1:B8,-59,-67,33196,1476551450
54:60:09:F2:D8:92,-81,-88,14618,1476551450
A4:77:33:F8:A1:B8,-65,-73,33256,1476551510
54:60:09:F2:D8:92,-80,-89,14678,1476551510
A4:77:33:F8:A1:B8,-63,-71,33316,1476551570
54:60:09:F2:D8:92,-80,-88,14738,1476551570
A4:77:33:F8:A1:B8,-60,-68,33379,1476551633
54:60:09:F2:D8:92,-80,-89,14801,1476551633
A4:77:33:F8:A1:B8,-65,-73,33439,1476551693
54:60:09:F2:D8:92,-80,-88,14861,1476551693
A4:77:33:F8:A1:B8,-61,-70,33499,1476551753
54:60:09:F2:D8:92,-80,-89,14921,1476551753
A4:77:33:F8:A1:B8,-62,-71,33559,1476551813
54:60:09:F2:D8:92,-80,-88,14981,1476551813
A4:77:33:F8:A1:B8,-64,-72,33619,1476551873
54:60:09:F2:D8:92,-80,-88,15041,1476551873
