Client_MAC,Rssi0,Rssi1,Connection_Time,EpocTime
A4:77:33:F8:A1:B8,-54,-78,8004,1476490119
54:60:09:F2:D8:92,-75,-74,6498,1476490119
A4:77:33:F8:A1:B8,-66,-77,8064,1476490179
54:60:09:F2:D8:92,-73,-76,6558,1476490179
A4:77:33:F8:A1:B8,-62,-72,8124,1476490239
54:60:09:F2:D8:92,-84,-85,6618,1476490239
A4:77:33:F8:A1:B8,-65,-76,8184,1476490299
54:60:09:F2:D8:92,-83,-85,6678,1476490299
A4:77:33:F8:A1:B8,-63,-74,8244,1476490359
54:60:09:F2:D8:92,-83,-84,6738,1476490359
A4:77:33:F8:A1:B8,-61,-72,8304,1476490419
54:60:09:F2:D8:92,-84,-84,6798,1476490419
A4:77:33:F8:A1:B8,-62,-74,8364,1476490479
54:60:09:F2:D8:92,-84,-84,6858,1476490479
A4:77:33:F8:A1:B8,-60,-71,8424,1476490539
54:60:09:F2:D8:92,-84,-84,6918,1476490539
A4:77:33:F8:A1:B8,-63,-75,8484,1476490599
54:60:09:F2:D8:92,-84,-84,6978,1476490599
A4:77:33:F8:A1:B8,-61,-71,8547,1476490662
54:60:09:F2:D8:92,-84,-84,7041,1476490662
A4:77:33:F8:A1:B8,-62,-74,8607,1476490722
54:60:09:F2:D8:92,-84,-84,7101,1476490722
A4:77:33:F8:A1:B8,-61,-72,8667,1476490782
54:60:09:F2:D8:92,-84,-85,7161,1476490782
A4:77:33:F8:A1:B8,-60,-70,8727,1476490842
54:60:09:F2:D8:92,-83,-84,7221,1476490842
A4:77:33:F8:A1:B8,-61,-72,8787,1476490902
54:60:09:F2:D8:92,-84,-84,7281,1476490902
A4:77:33:F8:A1:B8,-64,-77,8883,1476490998
54:60:09:F2:D8:92,-75,-76,7377,1476490998
A4:77:33:F8:A1:B8,-65,-78,8943,1476491058
54:60:09:F2:D8:92,-84,-84,7437,1476491058
A4:77:33:F8:A1:B8,-61,-73,9003,1476491118
54:60:09:F2:D8:92,-84,-84,7497,1476491118
A4:77:33:F8:A1:B8,-61,-72,9063,1476491178
54:60:09:F2:D8:92,-84,-84,7557,1476491178
A4:77:33:F8:A1:B8,-65,-78,9123,1476491238
54:60:09:F2:D8:92,-84,-84,7617,1476491238
A4:77:33:F8:A1:B8,-64,-78,9186,1476491301
54:60:09:F2:D8:92,-83,-84,7680,1476491301
A4:77:33:F8:A1:B8,-65,-78,9246,1476491361
54:60:09:F2:D8:92,-83,-84,7740,1476491361
A4:77:33:F8:A1:B8,-63,-76,9306,1476491421
54:60:09:F2:D8:92,-83,-84,7800,1476491421
A4:77:33:F8:A1:B8,-61,-72,9366,1476491481
54:60:09:F2:D8:92,-84,-84,7860,1476491481
A4:77:33:F8:A1:B8,-60,-71,9426,1476491541
54:60:09:F2:D8:92,-84,-84,7920,1476491541
A4:77:33:F8:A1:B8,-59,-70,9489,1476491605
54:60:09:F2:D8:92,-83,-84,7983,1476491605
A4:77:33:F8:A1:B8,-58,-69,9549,1476491665
54:60:09:F2:D8:92,-84,-84,8043,1476491665
A4:77:33:F8:A1:B8,-64,-76,9609,1476491725
54:60:09:F2:D8:92,-84,-84,8103,1476491725
A4:77:33:F8:A1:B8,-57,-67,9669,1476491785
54:60:09:F2:D8:92,-84,-84,8163,1476491785
A4:77:33:F8:A1:B8,-59,-69,9729,1476491845
54:60:09:F2:D8:92,-79,-80,8223,1476491845
A4:77:33:F8:A1:B8,-59,-69,9792,1476491908
54:60:09:F2:D8:92,-84,-84,8286,1476491908
A4:77:33:F8:A1:B8,-56,-67,9852,1476491968
54:60:09:F2:D8:92,-84,-84,8346,1476491968
A4:77:33:F8:A1:B8,-65,-78,9912,1476492028
54:60:09:F2:D8:92,-83,-84,8406,1476492028
A4:77:33:F8:A1:B8,-57,-67,9972,1476492088
54:60:09:F2:D8:92,-84,-84,8466,1476492088
A4:77:33:F8:A1:B8,-60,-71,10032,1476492148
54:60:09:F2:D8:92,-83,-84,8526,1476492148
A4:77:33:F8:A1:B8,-59,-70,10092,1476492208
54:60:09:F2:D8:92,-83,-84,8586,1476492208
A4:77:33:F8:A1:B8,-57,-68,10152,1476492268
54:60:09:F2:D8:92,-81,-81,8646,1476492268
A4:77:33:F8:A1:B8,-65,-78,10212,1476492328
54:60:09:F2:D8:92,-76,-77,8706,1476492328
A4:77:33:F8:A1:B8,-62,-74,10272,1476492388
54:60:09:F2:D8:92,-74,-74,8766,1476492388
A4:77:33:F8:A1:B8,-65,-79,10335,1476492451
54:60:09:F2:D8:92,-73,-73,8829,1476492451
A4:77:33:F8:A1:B8,-61,-73,10395,1476492511
54:60:09:F2:D8:92,-83,-84,8889,1476492511
A4:77:33:F8:A1:B8,-65,-78,10455,1476492571
54:60:09:F2:D8:92,-84,-84,8949,1476492571
A4:77:33:F8:A1:B8,-65,-79,10515,1476492631
54:60:09:F2:D8:92,-83,-85,9009,1476492631
A4:77:33:F8:A1:B8,-62,-75,10575,1476492691
54:60:09:F2:D8:92,-83,-84,9069,1476492691
A4:77:33:F8:A1:B8,-63,-75,10638,1476492754
54:60:09:F2:D8:92,-83,-85,9132,1476492754
A4:77:33:F8:A1:B8,-61,-73,10698,1476492814
54:60:09:F2:D8:92,-84,-84,9192,1476492814
A4:77:33:F8:A1:B8,-59,-71,10758,1476492874
54:60:09:F2:D8:92,-83,-84,9252,1476492874
A4:77:33:F8:A1:B8,-62,-74,10818,1476492934
54:60:09:F2:D8:92,-83,-84,9312,1476492934
A4:77:33:F8:A1:B8,-58,-69,10878,1476492994
54:60:09:F2:D8:92,-84,-84,9372,1476492994
A4:77:33:F8:A1:B8,-64,-77,10941,1476493057
54:60:09:F2:D8:92,-84,-84,9435,1476493057
A4:77:33:F8:A1:B8,-58,-69,11001,1476493117
54:60:09:F2:D8:92,-83,-84,9495,1476493117
A4:77:33:F8:A1:B8,-59,-71,11061,1476493177
54:60:09:F2:D8:92,-83,-84,9555,1476493177
A4:77:33:F8:A1:B8,-60,-72,11121,1476493237
54:60:09:F2:D8:92,-84,-85,9615,1476493237
A4:77:33:F8:A1:B8,-59,-72,11181,1476493297
54:60:09:F2:D8:92,-84,-85,9675,1476493297
A4:77:33:F8:A1:B8,-60,-71,11245,1476493360
54:60:09:F2:D8:92,-83,-84,9739,1476493360
A4:77:33:F8:A1:B8,-58,-69,11305,1476493420
54:60:09:F2:D8:92,-84,-84,9799,1476493420
A4:77:33:F8:A1:B8,-60,-72,11365,1476493480
54:60:09:F2:D8:92,-84,-84,9859,1476493480
A4:77:33:F8:A1:B8,-57,-68,11425,1476493540
54:60:09:F2:D8:92,-84,-84,9919,1476493540
A4:77:33:F8:A1:B8,-56,-67,11485,1476493600
54:60:09:F2:D8:92,-84,-84,9979,1476493600
A4:77:33:F8:A1:B8,-61,-73,11589,1476493704
54:60:09:F2:D8:92,-84,-84,10083,1476493704
A4:77:33:F8:A1:B8,-65,-78,11649,1476493764
54:60:09:F2:D8:92,-84,-84,10143,1476493764
A4:77:33:F8:A1:B8,-62,-73,11709,1476493824
54:60:09:F2:D8:92,-84,-84,10203,1476493824
A4:77:33:F8:A1:B8,-64,-76,11769,1476493884
54:60:09:F2:D8:92,-84,-85,10263,1476493884
A4:77:33:F8:A1:B8,-56,-67,11829,1476493944
54:60:09:F2:D8:92,-81,-82,10323,1476493944
A4:77:33:F8:A1:B8,-65,-78,11889,1476494004
54:60:09:F2:D8:92,-84,-85,10383,1476494004
A4:77:33:F8:A1:B8,-59,-72,11949,1476494064
54:60:09:F2:D8:92,-83,-85,10443,1476494064
A4:77:33:F8:A1:B8,-59,-70,12009,1476494124
54:60:09:F2:D8:92,-83,-86,10503,1476494124
A4:77:33:F8:A1:B8,-64,-78,12069,1476494184
54:60:09:F2:D8:92,-83,-85,10563,1476494184
A4:77:33:F8:A1:B8,-65,-78,12171,1476494286
54:60:09:F2:D8:92,-77,-79,10665,1476494286
A4:77:33:F8:A1:B8,-65,-78,12231,1476494346
54:60:09:F2:D8:92,-73,-74,10725,1476494346
A4:77:33:F8:A1:B8,-62,-75,12291,1476494406
54:60:09:F2:D8:92,-81,-83,10785,1476494406
A4:77:33:F8:A1:B8,-60,-73,12351,1476494466
54:60:09:F2:D8:92,-80,-82,10845,1476494466
A4:77:33:F8:A1:B8,-65,-79,12411,1476494526
54:60:09:F2:D8:92,-83,-86,10905,1476494526
A4:77:33:F8:A1:B8,-63,-76,12474,1476494589
54:60:09:F2:D8:92,-83,-86,10968,1476494589
A4:77:33:F8:A1:B8,-64,-78,12534,1476494649
54:60:09:F2:D8:92,-83,-86,11028,1476494649
A4:77:33:F8:A1:B8,-65,-79,12594,1476494709
54:60:09:F2:D8:92,-84,-86,11088,1476494709
A4:77:33:F8:A1:B8,-60,-72,12654,1476494769
54:60:09:F2:D8:92,-83,-84,11148,1476494769
A4:77:33:F8:A1:B8,-64,-77,12714,1476494829
54:60:09:F2:D8:92,-83,-84,11208,1476494829
A4:77:33:F8:A1:B8,-59,-70,12777,1476494892
54:60:09:F2:D8:92,-82,-85,11271,1476494892
A4:77:33:F8:A1:B8,-65,-78,12837,1476494952
54:60:09:F2:D8:92,-83,-84,11331,1476494952
A4:77:33:F8:A1:B8,-58,-68,12897,1476495012
54:60:09:F2:D8:92,-83,-84,11391,1476495012
A4:77:33:F8:A1:B8,-60,-71,12957,1476495073
54:60:09:F2:D8:92,-83,-85,11451,1476495073
A4:77:33:F8:A1:B8,-65,-77,13017,1476495133
54:60:09:F2:D8:92,-83,-85,11511,1476495133
A4:77:33:F8:A1:B8,-58,-68,13080,1476495196
54:60:09:F2:D8:92,-83,-85,11574,1476495196
A4:77:33:F8:A1:B8,-58,-69,13140,1476495256
54:60:09:F2:D8:92,-83,-85,11634,1476495256
A4:77:33:F8:A1:B8,-59,-70,13200,1476495316
54:60:09:F2:D8:92,-83,-85,11694,1476495316
A4:77:33:F8:A1:B8,-59,-69,13260,1476495376
54:60:09:F2:D8:92,-83,-85,11754,1476495376
A4:77:33:F8:A1:B8,-58,-69,13320,1476495436
54:60:09:F2:D8:92,-83,-85,11814,1476495436
A4:77:33:F8:A1:B8,-56,-68,13383,1476495499
54:60:09:F2:D8:92,-83,-84,11877,1476495499
A4:77:33:F8:A1:B8,-58,-70,13443,1476495559
54:60:09:F2:D8:92,-82,-84,11937,1476495559
A4:77:33:F8:A1:B8,-58,-69,13503,1476495619
54:60:09:F2:D8:92,-83,-83,11997,1476495619
A4:77:33:F8:A1:B8,-59,-72,13563,1476495679
54:60:09:F2:D8:92,-82,-82,12057,1476495679
A4:77:33:F8:A1:B8,-59,-72,13623,1476495739
54:60:09:F2:D8:92,-78,-78,12117,1476495739
A4:77:33:F8:A1:B8,-63,-76,13683,1476495799
54:60:09:F2:D8:92,-74,-73,12177,1476495799
A4:77:33:F8:A1:B8,-65,-79,13743,1476495859
54:60:09:F2:D8:92,-84,-84,12237,1476495859
A4:77:33:F8:A1:B8,-64,-77,13803,1476495919
54:60:09:F2:D8:92,-84,-83,12297,1476495919
A4:77:33:F8:A1:B8,-60,-72,13863,1476495979
54:60:09:F2:D8:92,-83,-84,12357,1476495979
A4:77:33:F8:A1:B8,-63,-76,13926,1476496042
54:60:09:F2:D8:92,-84,-84,12420,1476496042
A4:77:33:F8:A1:B8,-60,-73,13986,1476496102
54:60:09:F2:D8:92,-83,-85,12480,1476496102
A4:77:33:F8:A1:B8,-65,-79,14046,1476496162
54:60:09:F2:D8:92,-84,-85,12540,1476496162
A4:77:33:F8:A1:B8,-60,-72,14106,1476496222
54:60:09:F2:D8:92,-84,-85,12600,1476496222
A4:77:33:F8:A1:B8,-61,-73,14166,1476496282
54:60:09:F2:D8:92,-84,-85,12660,1476496282
A4:77:33:F8:A1:B8,-66,-79,14230,1476496345
54:60:09:F2:D8:92,-83,-84,12724,1476496345
A4:77:33:F8:A1:B8,-58,-69,14290,1476496405
54:60:09:F2:D8:92,-83,-84,12784,1476496405
A4:77:33:F8:A1:B8,-57,-68,14350,1476496465
54:60:09:F2:D8:92,-83,-84,12844,1476496465
A4:77:33:F8:A1:B8,-61,-73,14410,1476496525
54:60:09:F2:D8:92,-83,-84,12904,1476496525
A4:77:33:F8:A1:B8,-60,-71,14470,1476496585
54:60:09:F2:D8:92,-82,-84,12964,1476496585
A4:77:33:F8:A1:B8,-65,-78,14533,1476496648
54:60:09:F2:D8:92,-83,-84,13027,1476496648
A4:77:33:F8:A1:B8,-59,-71,14593,1476496708
54:60:09:F2:D8:92,-83,-84,13087,1476496708
A4:77:33:F8:A1:B8,-57,-69,14653,1476496768
54:60:09:F2:D8:92,-83,-84,13147,1476496768
A4:77:33:F8:A1:B8,-58,-70,14713,1476496828
54:60:09:F2:D8:92,-83,-84,13207,1476496828
A4:77:33:F8:A1:B8,-58,-69,14773,1476496888
54:60:09:F2:D8:92,-83,-84,13267,1476496888
A4:77:33:F8:A1:B8,-63,-76,14868,1476496983
54:60:09:F2:D8:92,-83,-84,13362,1476496983
A4:77:33:F8:A1:B8,-65,-78,14928,1476497043
54:60:09:F2:D8:92,-84,-84,13422,1476497043
A4:77:33:F8:A1:B8,-59,-70,14988,1476497103
54:60:09:F2:D8:92,-83,-85,13482,1476497103
A4:77:33:F8:A1:B8,-65,-78,15048,1476497163
54:60:09:F2:D8:92,-84,-85,13542,1476497163
A4:77:33:F8:A1:B8,-58,-69,15108,1476497223
54:60:09:F2:D8:92,-84,-85,13602,1476497223
A4:77:33:F8:A1:B8,-62,-73,15171,1476497286
54:60:09:F2:D8:92,-84,-84,13665,1476497286
A4:77:33:F8:A1:B8,-65,-78,15231,1476497346
54:60:09:F2:D8:92,-84,-85,13725,1476497346
A4:77:33:F8:A1:B8,-58,-69,15291,1476497406
54:60:09:F2:D8:92,-84,-85,13785,1476497406
A4:77:33:F8:A1:B8,-58,-69,15351,1476497466
54:60:09:F2:D8:92,-84,-85,13845,1476497466
A4:77:33:F8:A1:B8,-59,-70,15411,1476497526
54:60:09:F2:D8:92,-83,-86,13905,1476497526
A4:77:33:F8:A1:B8,-65,-78,15471,1476497586
54:60:09:F2:D8:92,-84,-85,13965,1476497586
A4:77:33:F8:A1:B8,-59,-71,15531,1476497646
54:60:09:F2:D8:92,-83,-85,14025,1476497646
A4:77:33:F8:A1:B8,-57,-67,15591,1476497706
54:60:09:F2:D8:92,-82,-84,14085,1476497706
A4:77:33:F8:A1:B8,-56,-67,15651,1476497766
54:60:09:F2:D8:92,-79,-81,14145,1476497766
