Client_MAC,Rssi0,Rssi1,Connection_Time,EpocTime
AC:CF:85:28:94:E2,-54,-52,4894,1476585816
AC:CF:85:28:94:E2,-55,-53,4954,1476585876
AC:CF:85:28:94:E2,-55,-53,5014,1476585936
AC:CF:85:28:94:E2,-56,-53,5074,1476585996
AC:CF:85:28:94:E2,-56,-54,5134,1476586056
AC:CF:85:28:94:E2,-55,-52,5197,1476586119
AC:CF:85:28:94:E2,-56,-54,5257,1476586179
AC:CF:85:28:94:E2,-55,-54,5317,1476586239
AC:CF:85:28:94:E2,-55,-54,5377,1476586299
AC:CF:85:28:94:E2,-55,-54,5437,1476586359
AC:CF:85:28:94:E2,-54,-53,5530,1476586452
AC:CF:85:28:94:E2,-53,-52,5590,1476586512
AC:CF:85:28:94:E2,-53,-52,5650,1476586572
AC:CF:85:28:94:E2,-56,-55,5710,1476586632
AC:CF:85:28:94:E2,-56,-55,5770,1476586692
AC:CF:85:28:94:E2,-55,-54,5830,1476586752
AC:CF:85:28:94:E2,-55,-54,5890,1476586812
AC:CF:85:28:94:E2,-54,-53,5950,1476586872
AC:CF:85:28:94:E2,-54,-53,6010,1476586932
AC:CF:85:28:94:E2,-56,-55,6073,1476586995
AC:CF:85:28:94:E2,-55,-55,6133,1476587055
AC:CF:85:28:94:E2,-54,-54,6193,1476587115
AC:CF:85:28:94:E2,-54,-53,6253,1476587175
AC:CF:85:28:94:E2,-53,-53,6313,1476587235
AC:CF:85:28:94:E2,-56,-55,6405,1476587327
AC:CF:85:28:94:E2,-56,-55,6465,1476587387
AC:CF:85:28:94:E2,-56,-56,6525,1476587447
AC:CF:85:28:94:E2,-55,-55,6585,1476587507
AC:CF:85:28:94:E2,-55,-54,6645,1476587567
AC:CF:85:28:94:E2,-56,-55,6708,1476587630
AC:CF:85:28:94:E2,-56,-55,6768,1476587690
AC:CF:85:28:94:E2,-56,-56,6828,1476587750
AC:CF:85:28:94:E2,-56,-55,6888,1476587810
AC:CF:85:28:94:E2,-55,-55,6948,1476587870
AC:CF:85:28:94:E2,-57,-55,7012,1476587934
AC:CF:85:28:94:E2,-55,-54,7072,1476587994
AC:CF:85:28:94:E2,-58,-56,7132,1476588054
AC:CF:85:28:94:E2,-56,-55,7192,1476588114
AC:CF:85:28:94:E2,-55,-54,7252,1476588174
AC:CF:85:28:94:E2,-55,-54,7315,1476588237
AC:CF:85:28:94:E2,-56,-55,7375,1476588297
AC:CF:85:28:94:E2,-55,-54,7435,1476588357
AC:CF:85:28:94:E2,-55,-55,7495,1476588417
AC:CF:85:28:94:E2,-56,-55,7555,1476588477
AC:CF:85:28:94:E2,-55,-54,7615,1476588537
AC:CF:85:28:94:E2,-54,-54,7675,1476588597
AC:CF:85:28:94:E2,-54,-54,7735,1476588657
AC:CF:85:28:94:E2,-53,-53,7795,1476588717
AC:CF:85:28:94:E2,-54,-53,7858,1476588780
AC:CF:85:28:94:E2,-57,-55,7918,1476588840
AC:CF:85:28:94:E2,-55,-53,7978,1476588900
AC:CF:85:28:94:E2,-54,-53,8038,1476588960
AC:CF:85:28:94:E2,-54,-53,8098,1476589020
AC:CF:85:28:94:E2,-53,-52,8161,1476589083
AC:CF:85:28:94:E2,-54,-53,8221,1476589143
AC:CF:85:28:94:E2,-55,-55,8281,1476589203
AC:CF:85:28:94:E2,-55,-54,8341,1476589263
AC:CF:85:28:94:E2,-55,-54,8401,1476589323
AC:CF:85:28:94:E2,-54,-53,8464,1476589386
AC:CF:85:28:94:E2,-54,-53,8524,1476589446
AC:CF:85:28:94:E2,-54,-53,8584,1476589506
AC:CF:85:28:94:E2,-54,-53,8644,1476589566
AC:CF:85:28:94:E2,-54,-52,8704,1476589626
AC:CF:85:28:94:E2,-53,-52,8796,1476589718
AC:CF:85:28:94:E2,-52,-51,8856,1476589778
AC:CF:85:28:94:E2,-51,-51,8916,1476589838
AC:CF:85:28:94:E2,-52,-52,8976,1476589898
AC:CF:85:28:94:E2,-52,-52,9036,1476589958
AC:CF:85:28:94:E2,-52,-53,9099,1476590021
AC:CF:85:28:94:E2,-52,-52,9159,1476590081
AC:CF:85:28:94:E2,-51,-52,9219,1476590141
AC:CF:85:28:94:E2,-52,-52,9279,1476590201
AC:CF:85:28:94:E2,-54,-53,9339,1476590261
AC:CF:85:28:94:E2,-53,-53,9399,1476590321
AC:CF:85:28:94:E2,-53,-52,9459,1476590381
AC:CF:85:28:94:E2,-52,-51,9519,1476590441
AC:CF:85:28:94:E2,-52,-51,9579,1476590501
AC:CF:85:28:94:E2,-52,-51,9642,1476590564
AC:CF:85:28:94:E2,-51,-50,9702,1476590624
AC:CF:85:28:94:E2,-53,-52,9762,1476590684
AC:CF:85:28:94:E2,-53,-51,9822,1476590744
AC:CF:85:28:94:E2,-52,-51,9882,1476590804
AC:CF:85:28:94:E2,-52,-52,9945,1476590867
AC:CF:85:28:94:E2,-52,-51,10005,1476590927
AC:CF:85:28:94:E2,-52,-50,10065,1476590987
AC:CF:85:28:94:E2,-52,-49,10125,1476591047
AC:CF:85:28:94:E2,-52,-49,10185,1476591107
AC:CF:85:28:94:E2,-52,-49,10248,1476591170
AC:CF:85:28:94:E2,-52,-49,10308,1476591230
AC:CF:85:28:94:E2,-59,-55,10368,1476591290
AC:CF:85:28:94:E2,-58,-54,10428,1476591350
AC:CF:85:28:94:E2,-58,-53,10488,1476591410
AC:CF:85:28:94:E2,-57,-52,10581,1476591503
AC:CF:85:28:94:E2,-54,-51,10641,1476591563
AC:CF:85:28:94:E2,-53,-51,10701,1476591623
AC:CF:85:28:94:E2,-53,-51,10761,1476591683
AC:CF:85:28:94:E2,-52,-50,10821,1476591743
AC:CF:85:28:94:E2,-52,-50,10884,1476591806
AC:CF:85:28:94:E2,-56,-54,10944,1476591866
AC:CF:85:28:94:E2,-56,-53,11004,1476591926
AC:CF:85:28:94:E2,-55,-53,11064,1476591986
AC:CF:85:28:94:E2,-54,-52,59,1476592052
AC:CF:85:28:94:E2,-54,-52,119,1476592112
AC:CF:85:28:94:E2,-53,-52,179,1476592172
AC:CF:85:28:94:E2,-51,-50,239,1476592232
AC:CF:85:28:94:E2,-50,-49,299,1476592292
AC:CF:85:28:94:E2,-50,-49,362,1476592356
AC:CF:85:28:94:E2,-50,-49,422,1476592416
AC:CF:85:28:94:E2,-50,-48,482,1476592476
AC:CF:85:28:94:E2,-50,-49,542,1476592536
AC:CF:85:28:94:E2,-53,-51,602,1476592596
AC:CF:85:28:94:E2,-53,-51,665,1476592659
AC:CF:85:28:94:E2,-55,-52,725,1476592719
AC:CF:85:28:94:E2,-54,-52,785,1476592779
AC:CF:85:28:94:E2,-53,-51,845,1476592839
AC:CF:85:28:94:E2,-53,-51,905,1476592899
AC:CF:85:28:94:E2,-55,-52,997,1476592990
AC:CF:85:28:94:E2,-55,-52,1057,1476593050
AC:CF:85:28:94:E2,-55,-52,1117,1476593110
AC:CF:85:28:94:E2,-54,-52,1177,1476593170
AC:CF:85:28:94:E2,-54,-52,1237,1476593230
AC:CF:85:28:94:E2,-53,-51,1300,1476593294
AC:CF:85:28:94:E2,-53,-51,1360,1476593354
AC:CF:85:28:94:E2,-54,-51,1420,1476593414
AC:CF:85:28:94:E2,-54,-51,1480,1476593474
AC:CF:85:28:94:E2,-53,-51,1540,1476593534
AC:CF:85:28:94:E2,-52,-50,1603,1476593597
AC:CF:85:28:94:E2,-52,-49,1663,1476593657
AC:CF:85:28:94:E2,-51,-49,1723,1476593717
AC:CF:85:28:94:E2,-51,-49,1783,1476593777
AC:CF:85:28:94:E2,-51,-49,1849,1476593843
AC:CF:85:28:94:E2,-51,-49,1909,1476593903
AC:CF:85:28:94:E2,-51,-49,1969,1476593963
AC:CF:85:28:94:E2,-53,-50,2029,1476594023
AC:CF:85:28:94:E2,-52,-50,2089,1476594083
AC:CF:85:28:94:E2,-52,-50,2152,1476594146
AC:CF:85:28:94:E2,-52,-50,2212,1476594206
AC:CF:85:28:94:E2,-52,-50,2272,1476594266
AC:CF:85:28:94:E2,-51,-49,2332,1476594326
AC:CF:85:28:94:E2,-52,-50,2392,1476594386
AC:CF:85:28:94:E2,-52,-50,2455,1476594449
AC:CF:85:28:94:E2,-52,-50,2515,1476594509
AC:CF:85:28:94:E2,-52,-50,2575,1476594569
AC:CF:85:28:94:E2,-52,-49,2635,1476594629
AC:CF:85:28:94:E2,-52,-49,2695,1476594689
AC:CF:85:28:94:E2,-53,-50,2758,1476594752
AC:CF:85:28:94:E2,-53,-51,2818,1476594812
AC:CF:85:28:94:E2,-53,-51,2878,1476594872
AC:CF:85:28:94:E2,-53,-51,2938,1476594932
AC:CF:85:28:94:E2,-52,-50,2998,1476594992
AC:CF:85:28:94:E2,-52,-49,3091,1476595085
AC:CF:85:28:94:E2,-52,-49,3151,1476595145
AC:CF:85:28:94:E2,-52,-49,3211,1476595205
AC:CF:85:28:94:E2,-52,-49,3271,1476595265
AC:CF:85:28:94:E2,-52,-49,3331,1476595325
AC:CF:85:28:94:E2,-51,-49,3394,1476595388
AC:CF:85:28:94:E2,-54,-51,3454,1476595448
AC:CF:85:28:94:E2,-54,-51,3514,1476595508
AC:CF:85:28:94:E2,-54,-51,3574,1476595568
AC:CF:85:28:94:E2,-54,-51,3634,1476595628
AC:CF:85:28:94:E2,-53,-51,3694,1476595688
AC:CF:85:28:94:E2,-53,-51,3754,1476595748
AC:CF:85:28:94:E2,-53,-51,3814,1476595808
AC:CF:85:28:94:E2,-54,-51,3874,1476595868
AC:CF:85:28:94:E2,-54,-52,3937,1476595931
AC:CF:85:28:94:E2,-54,-52,3997,1476595991
AC:CF:85:28:94:E2,-54,-51,4057,1476596051
AC:CF:85:28:94:E2,-53,-51,4117,1476596111
AC:CF:85:28:94:E2,-54,-51,4177,1476596171
AC:CF:85:28:94:E2,-54,-51,4240,1476596234
AC:CF:85:28:94:E2,-54,-51,4300,1476596294
AC:CF:85:28:94:E2,-53,-50,4360,1476596354
AC:CF:85:28:94:E2,-53,-50,4420,1476596414
AC:CF:85:28:94:E2,-53,-50,4480,1476596474
AC:CF:85:28:94:E2,-52,-49,4573,1476596567
AC:CF:85:28:94:E2,-52,-49,4633,1476596627
AC:CF:85:28:94:E2,-52,-49,4693,1476596687
AC:CF:85:28:94:E2,-52,-49,4753,1476596747
AC:CF:85:28:94:E2,-52,-49,4813,1476596807
AC:CF:85:28:94:E2,-53,-49,4876,1476596870
AC:CF:85:28:94:E2,-53,-50,4936,1476596930
AC:CF:85:28:94:E2,-53,-50,4996,1476596990
54:60:09:F2:D8:92,-80,-86,58,1476596990
AC:CF:85:28:94:E2,-53,-50,5056,1476597050
54:60:09:F2:D8:92,-80,-87,118,1476597050
AC:CF:85:28:94:E2,-53,-50,5116,1476597110
54:60:09:F2:D8:92,-79,-87,178,1476597110
AC:CF:85:28:94:E2,-52,-50,5179,1476597173
54:60:09:F2:D8:92,-79,-87,241,1476597173
AC:CF:85:28:94:E2,-52,-49,5239,1476597233
54:60:09:F2:D8:92,-80,-87,301,1476597233
AC:CF:85:28:94:E2,-52,-49,5299,1476597293
54:60:09:F2:D8:92,-80,-87,361,1476597293
AC:CF:85:28:94:E2,-51,-50,5359,1476597353
54:60:09:F2:D8:92,-80,-87,421,1476597353
AC:CF:85:28:94:E2,-51,-49,5419,1476597413
54:60:09:F2:D8:92,-80,-87,481,1476597413
AC:CF:85:28:94:E2,-51,-49,5479,1476597473
54:60:09:F2:D8:92,-80,-87,541,1476597473
AC:CF:85:28:94:E2,-51,-49,5539,1476597533
54:60:09:F2:D8:92,-79,-86,601,1476597533
AC:CF:85:28:94:E2,-51,-49,5599,1476597593
54:60:09:F2:D8:92,-79,-87,661,1476597593
AC:CF:85:28:94:E2,-52,-50,5659,1476597653
54:60:09:F2:D8:92,-80,-87,721,1476597653
AC:CF:85:28:94:E2,-52,-50,5722,1476597716
54:60:09:F2:D8:92,-79,-87,784,1476597716
AC:CF:85:28:94:E2,-52,-50,5782,1476597776
54:60:09:F2:D8:92,-80,-87,844,1476597776
AC:CF:85:28:94:E2,-52,-51,5842,1476597836
54:60:09:F2:D8:92,-79,-87,904,1476597836
AC:CF:85:28:94:E2,-52,-50,5902,1476597896
54:60:09:F2:D8:92,-80,-87,964,1476597896
AC:CF:85:28:94:E2,-52,-50,5962,1476597956
54:60:09:F2:D8:92,-80,-87,1024,1476597956
AC:CF:85:28:94:E2,-52,-50,6026,1476598019
54:60:09:F2:D8:92,-79,-87,1088,1476598019
AC:CF:85:28:94:E2,-52,-51,6086,1476598079
54:60:09:F2:D8:92,-80,-86,1148,1476598079
AC:CF:85:28:94:E2,-51,-51,6146,1476598139
54:60:09:F2:D8:92,-80,-86,1208,1476598139
AC:CF:85:28:94:E2,-51,-50,6206,1476598199
54:60:09:F2:D8:92,-80,-86,1268,1476598199
AC:CF:85:28:94:E2,-50,-50,6266,1476598259
54:60:09:F2:D8:92,-80,-87,1328,1476598259
AC:CF:85:28:94:E2,-49,-49,6329,1476598322
54:60:09:F2:D8:92,-79,-85,1391,1476598322
AC:CF:85:28:94:E2,-50,-49,6389,1476598382
54:60:09:F2:D8:92,-78,-85,1451,1476598382
AC:CF:85:28:94:E2,-50,-49,6449,1476598442
54:60:09:F2:D8:92,-73,-80,1511,1476598442
AC:CF:85:28:94:E2,-50,-50,6509,1476598502
54:60:09:F2:D8:92,-70,-77,1571,1476598502
AC:CF:85:28:94:E2,-50,-50,6569,1476598562
54:60:09:F2:D8:92,-80,-87,1631,1476598562
AC:CF:85:28:94:E2,-49,-50,6632,1476598626
54:60:09:F2:D8:92,-80,-86,1694,1476598626
AC:CF:85:28:94:E2,-49,-49,6692,1476598686
54:60:09:F2:D8:92,-80,-87,1754,1476598686
AC:CF:85:28:94:E2,-49,-49,6752,1476598746
54:60:09:F2:D8:92,-81,-87,1814,1476598746
AC:CF:85:28:94:E2,-49,-49,6812,1476598806
54:60:09:F2:D8:92,-80,-86,1874,1476598806
AC:CF:85:28:94:E2,-49,-49,6872,1476598866
54:60:09:F2:D8:92,-80,-87,1934,1476598866
