Client_MAC,Rssi0,Rssi1,Connection_Time,EpocTime
A4:77:33:F8:A1:B8,-58,-68,1264,1476519519
54:60:09:F2:D8:92,-84,-84,6219,1476519519
A4:77:33:F8:A1:B8,-62,-73,1324,1476519579
54:60:09:F2:D8:92,-84,-85,6279,1476519579
A4:77:33:F8:A1:B8,-65,-76,1384,1476519639
54:60:09:F2:D8:92,-84,-85,6339,1476519639
A4:77:33:F8:A1:B8,-64,-75,1444,1476519699
54:60:09:F2:D8:92,-80,-81,6399,1476519699
A4:77:33:F8:A1:B8,-65,-76,1504,1476519759
54:60:09:F2:D8:92,-81,-82,6459,1476519759
A4:77:33:F8:A1:B8,-60,-70,1597,1476519851
54:60:09:F2:D8:92,-81,-82,6552,1476519851
A4:77:33:F8:A1:B8,-57,-68,1657,1476519911
54:60:09:F2:D8:92,-81,-82,6612,1476519911
A4:77:33:F8:A1:B8,-64,-75,1717,1476519971
54:60:09:F2:D8:92,-82,-83,6672,1476519971
A4:77:33:F8:A1:B8,-58,-68,1777,1476520031
54:60:09:F2:D8:92,-80,-81,6732,1476520031
A4:77:33:F8:A1:B8,-59,-69,1837,1476520091
54:60:09:F2:D8:92,-80,-81,6792,1476520091
A4:77:33:F8:A1:B8,-58,-69,1900,1476520154
54:60:09:F2:D8:92,-83,-84,6855,1476520154
A4:77:33:F8:A1:B8,-59,-69,1960,1476520214
54:60:09:F2:D8:92,-81,-82,6915,1476520214
A4:77:33:F8:A1:B8,-57,-67,2020,1476520274
54:60:09:F2:D8:92,-82,-83,6975,1476520274
A4:77:33:F8:A1:B8,-62,-73,2080,1476520334
54:60:09:F2:D8:92,-84,-85,7035,1476520334
A4:77:33:F8:A1:B8,-65,-76,2140,1476520394
54:60:09:F2:D8:92,-85,-84,7095,1476520394
A4:77:33:F8:A1:B8,-63,-74,2203,1476520458
54:60:09:F2:D8:92,-84,-84,7158,1476520458
A4:77:33:F8:A1:B8,-65,-76,2263,1476520518
54:60:09:F2:D8:92,-84,-84,7218,1476520518
A4:77:33:F8:A1:B8,-63,-73,2323,1476520578
54:60:09:F2:D8:92,-80,-81,7278,1476520578
A4:77:33:F8:A1:B8,-65,-75,2383,1476520638
54:60:09:F2:D8:92,-84,-84,7338,1476520638
A4:77:33:F8:A1:B8,-60,-71,2443,1476520698
54:60:09:F2:D8:92,-84,-84,7398,1476520698
A4:77:33:F8:A1:B8,-63,-72,2503,1476520758
54:60:09:F2:D8:92,-83,-84,7458,1476520758
A4:77:33:F8:A1:B8,-61,-72,2563,1476520818
54:60:09:F2:D8:92,-81,-83,7518,1476520818
A4:77:33:F8:A1:B8,-62,-72,2623,1476520878
54:60:09:F2:D8:92,-78,-78,7578,1476520878
A4:77:33:F8:A1:B8,-63,-73,2683,1476520938
54:60:09:F2:D8:92,-74,-76,7638,1476520938
A4:77:33:F8:A1:B8,-62,-73,2746,1476521001
54:60:09:F2:D8:92,-74,-73,7701,1476521001
A4:77:33:F8:A1:B8,-62,-73,2806,1476521061
54:60:09:F2:D8:92,-84,-85,7761,1476521061
A4:77:33:F8:A1:B8,-65,-76,2866,1476521121
54:60:09:F2:D8:92,-82,-84,7821,1476521121
A4:77:33:F8:A1:B8,-62,-71,2926,1476521181
54:60:09:F2:D8:92,-80,-83,7881,1476521181
A4:77:33:F8:A1:B8,-62,-73,2986,1476521241
54:60:09:F2:D8:92,-80,-82,7941,1476521241
A4:77:33:F8:A1:B8,-62,-71,3049,1476521304
54:60:09:F2:D8:92,-82,-84,8004,1476521304
A4:77:33:F8:A1:B8,-60,-69,3109,1476521364
54:60:09:F2:D8:92,-81,-82,8064,1476521364
A4:77:33:F8:A1:B8,-64,-75,3169,1476521424
54:60:09:F2:D8:92,-82,-83,8124,1476521424
A4:77:33:F8:A1:B8,-60,-71,3229,1476521484
54:60:09:F2:D8:92,-82,-82,8184,1476521484
A4:77:33:F8:A1:B8,-59,-70,3289,1476521544
54:60:09:F2:D8:92,-80,-81,8244,1476521544
A4:77:33:F8:A1:B8,-59,-69,3352,1476521607
54:60:09:F2:D8:92,-81,-82,8307,1476521607
A4:77:33:F8:A1:B8,-60,-70,3412,1476521667
54:60:09:F2:D8:92,-80,-81,8367,1476521667
A4:77:33:F8:A1:B8,-59,-70,3472,1476521727
54:60:09:F2:D8:92,-81,-82,8427,1476521727
A4:77:33:F8:A1:B8,-59,-70,3532,1476521787
54:60:09:F2:D8:92,-80,-81,8487,1476521787
A4:77:33:F8:A1:B8,-60,-70,3592,1476521847
54:60:09:F2:D8:92,-80,-81,8547,1476521847
A4:77:33:F8:A1:B8,-62,-73,3684,1476521939
54:60:09:F2:D8:92,-81,-83,8639,1476521939
A4:77:33:F8:A1:B8,-60,-70,3744,1476521999
54:60:09:F2:D8:92,-78,-79,8699,1476521999
A4:77:33:F8:A1:B8,-59,-70,3804,1476522059
54:60:09:F2:D8:92,-81,-82,8759,1476522059
A4:77:33:F8:A1:B8,-65,-77,3864,1476522119
54:60:09:F2:D8:92,-78,-79,8819,1476522119
A4:77:33:F8:A1:B8,-58,-68,3924,1476522179
54:60:09:F2:D8:92,-80,-81,8879,1476522179
A4:77:33:F8:A1:B8,-62,-73,3988,1476522242
54:60:09:F2:D8:92,-79,-81,8943,1476522242
A4:77:33:F8:A1:B8,-58,-68,4048,1476522302
54:60:09:F2:D8:92,-76,-78,9003,1476522302
A4:77:33:F8:A1:B8,-62,-73,4108,1476522362
54:60:09:F2:D8:92,-81,-82,9063,1476522362
A4:77:33:F8:A1:B8,-60,-71,4168,1476522422
54:60:09:F2:D8:92,-81,-82,9123,1476522422
A4:77:33:F8:A1:B8,-60,-70,4228,1476522482
54:60:09:F2:D8:92,-81,-81,9183,1476522482
A4:77:33:F8:A1:B8,-62,-72,4288,1476522542
54:60:09:F2:D8:92,-82,-83,9243,1476522542
A4:77:33:F8:A1:B8,-60,-69,4348,1476522602
54:60:09:F2:D8:92,-81,-82,9303,1476522602
A4:77:33:F8:A1:B8,-58,-68,4408,1476522662
54:60:09:F2:D8:92,-80,-81,9363,1476522662
A4:77:33:F8:A1:B8,-59,-69,4468,1476522722
54:60:09:F2:D8:92,-79,-80,9423,1476522722
A4:77:33:F8:A1:B8,-60,-70,4531,1476522785
54:60:09:F2:D8:92,-82,-83,9486,1476522785
A4:77:33:F8:A1:B8,-66,-77,4591,1476522845
54:60:09:F2:D8:92,-79,-79,9546,1476522845
A4:77:33:F8:A1:B8,-61,-72,4651,1476522905
54:60:09:F2:D8:92,-78,-79,9606,1476522905
A4:77:33:F8:A1:B8,-65,-76,4711,1476522965
54:60:09:F2:D8:92,-83,-84,9666,1476522965
A4:77:33:F8:A1:B8,-59,-69,4771,1476523025
54:60:09:F2:D8:92,-84,-85,9726,1476523025
A4:77:33:F8:A1:B8,-65,-77,4834,1476523088
54:60:09:F2:D8:92,-81,-85,9789,1476523088
A4:77:33:F8:A1:B8,-62,-71,4894,1476523148
54:60:09:F2:D8:92,-82,-83,9849,1476523148
A4:77:33:F8:A1:B8,-63,-72,4954,1476523208
54:60:09:F2:D8:92,-81,-82,9909,1476523208
A4:77:33:F8:A1:B8,-65,-76,5014,1476523268
54:60:09:F2:D8:92,-74,-76,9969,1476523268
A4:77:33:F8:A1:B8,-62,-70,5074,1476523328
54:60:09:F2:D8:92,-84,-85,10029,1476523328
A4:77:33:F8:A1:B8,-64,-75,5137,1476523391
54:60:09:F2:D8:92,-79,-81,10092,1476523391
A4:77:33:F8:A1:B8,-61,-71,5197,1476523451
54:60:09:F2:D8:92,-84,-85,10152,1476523451
A4:77:33:F8:A1:B8,-60,-71,5257,1476523511
54:60:09:F2:D8:92,-80,-81,10212,1476523511
A4:77:33:F8:A1:B8,-60,-70,5317,1476523571
54:60:09:F2:D8:92,-84,-84,10272,1476523571
A4:77:33:F8:A1:B8,-59,-69,5377,1476523631
54:60:09:F2:D8:92,-84,-85,10332,1476523631
A4:77:33:F8:A1:B8,-63,-73,5470,1476523725
54:60:09:F2:D8:92,-84,-85,10425,1476523725
A4:77:33:F8:A1:B8,-62,-72,5530,1476523785
54:60:09:F2:D8:92,-84,-86,10485,1476523785
A4:77:33:F8:A1:B8,-62,-73,5590,1476523845
54:60:09:F2:D8:92,-84,-86,10545,1476523845
A4:77:33:F8:A1:B8,-63,-74,5651,1476523905
54:60:09:F2:D8:92,-83,-84,10606,1476523905
A4:77:33:F8:A1:B8,-65,-76,5711,1476523965
54:60:09:F2:D8:92,-79,-82,10666,1476523965
A4:77:33:F8:A1:B8,-61,-71,5774,1476524028
54:60:09:F2:D8:92,-80,-81,10729,1476524028
A4:77:33:F8:A1:B8,-65,-76,5834,1476524088
54:60:09:F2:D8:92,-73,-73,10789,1476524088
A4:77:33:F8:A1:B8,-61,-71,5894,1476524148
54:60:09:F2:D8:92,-81,-82,10849,1476524148
A4:77:33:F8:A1:B8,-64,-75,5954,1476524208
54:60:09:F2:D8:92,-79,-80,10909,1476524208
A4:77:33:F8:A1:B8,-65,-76,6014,1476524268
54:60:09:F2:D8:92,-82,-82,10969,1476524268
A4:77:33:F8:A1:B8,-61,-72,6074,1476524328
54:60:09:F2:D8:92,-81,-81,11029,1476524328
A4:77:33:F8:A1:B8,-59,-69,6134,1476524388
54:60:09:F2:D8:92,-81,-81,11089,1476524388
A4:77:33:F8:A1:B8,-59,-70,6194,1476524448
54:60:09:F2:D8:92,-79,-80,11149,1476524448
A4:77:33:F8:A1:B8,-60,-70,6254,1476524508
54:60:09:F2:D8:92,-85,-84,11209,1476524508
A4:77:33:F8:A1:B8,-65,-76,6317,1476524571
54:60:09:F2:D8:92,-85,-84,11272,1476524571
A4:77:33:F8:A1:B8,-59,-69,6377,1476524631
54:60:09:F2:D8:92,-84,-84,11332,1476524631
A4:77:33:F8:A1:B8,-59,-68,6437,1476524691
54:60:09:F2:D8:92,-84,-85,11392,1476524691
A4:77:33:F8:A1:B8,-60,-70,6497,1476524751
54:60:09:F2:D8:92,-79,-80,11452,1476524751
A4:77:33:F8:A1:B8,-65,-76,6557,1476524811
54:60:09:F2:D8:92,-80,-81,11512,1476524811
A4:77:33:F8:A1:B8,-60,-68,6620,1476524874
54:60:09:F2:D8:92,-82,-83,11575,1476524874
A4:77:33:F8:A1:B8,-61,-70,6680,1476524934
54:60:09:F2:D8:92,-85,-86,11635,1476524934
A4:77:33:F8:A1:B8,-60,-69,6740,1476524994
54:60:09:F2:D8:92,-81,-82,11695,1476524994
A4:77:33:F8:A1:B8,-59,-69,6800,1476525054
54:60:09:F2:D8:92,-81,-82,11755,1476525054
A4:77:33:F8:A1:B8,-59,-69,6860,1476525114
54:60:09:F2:D8:92,-84,-85,11815,1476525114
A4:77:33:F8:A1:B8,-62,-72,6953,1476525208
54:60:09:F2:D8:92,-83,-83,11908,1476525208
A4:77:33:F8:A1:B8,-60,-71,7013,1476525268
54:60:09:F2:D8:92,-83,-84,11968,1476525268
A4:77:33:F8:A1:B8,-58,-69,7073,1476525328
54:60:09:F2:D8:92,-79,-80,12028,1476525328
A4:77:33:F8:A1:B8,-61,-71,7133,1476525388
54:60:09:F2:D8:92,-79,-81,12088,1476525388
A4:77:33:F8:A1:B8,-62,-73,7193,1476525448
54:60:09:F2:D8:92,-80,-81,12148,1476525448
A4:77:33:F8:A1:B8,-60,-70,7257,1476525511
54:60:09:F2:D8:92,-84,-85,12212,1476525511
A4:77:33:F8:A1:B8,-61,-70,7317,1476525571
54:60:09:F2:D8:92,-84,-86,12272,1476525571
A4:77:33:F8:A1:B8,-65,-77,7377,1476525631
54:60:09:F2:D8:92,-84,-85,12332,1476525631
A4:77:33:F8:A1:B8,-60,-70,7437,1476525691
54:60:09:F2:D8:92,-83,-84,12392,1476525691
A4:77:33:F8:A1:B8,-57,-68,7497,1476525751
54:60:09:F2:D8:92,-84,-85,12452,1476525751
A4:77:33:F8:A1:B8,-61,-70,7560,1476525814
54:60:09:F2:D8:92,-84,-84,12515,1476525814
A4:77:33:F8:A1:B8,-59,-69,7620,1476525874
54:60:09:F2:D8:92,-84,-84,12575,1476525874
A4:77:33:F8:A1:B8,-58,-68,7680,1476525934
54:60:09:F2:D8:92,-81,-81,12635,1476525934
A4:77:33:F8:A1:B8,-58,-67,7740,1476525994
54:60:09:F2:D8:92,-84,-84,12695,1476525994
A4:77:33:F8:A1:B8,-58,-68,7800,1476526054
54:60:09:F2:D8:92,-84,-85,12755,1476526054
A4:77:33:F8:A1:B8,-58,-67,7860,1476526114
54:60:09:F2:D8:92,-84,-85,12815,1476526114
A4:77:33:F8:A1:B8,-68,-75,7920,1476526174
54:60:09:F2:D8:92,-84,-86,12875,1476526174
A4:77:33:F8:A1:B8,-64,-70,7980,1476526234
54:60:09:F2:D8:92,-81,-84,12935,1476526234
A4:77:33:F8:A1:B8,-65,-75,8040,1476526294
54:60:09:F2:D8:92,-75,-79,12995,1476526294
A4:77:33:F8:A1:B8,-65,-74,8103,1476526357
54:60:09:F2:D8:92,-76,-80,13058,1476526357
A4:77:33:F8:A1:B8,-64,-69,8163,1476526417
54:60:09:F2:D8:92,-74,-80,13118,1476526417
A4:77:33:F8:A1:B8,-64,-68,8223,1476526477
54:60:09:F2:D8:92,-84,-86,13178,1476526477
A4:77:33:F8:A1:B8,-62,-66,8283,1476526537
54:60:09:F2:D8:92,-84,-85,13238,1476526537
A4:77:33:F8:A1:B8,-65,-72,8343,1476526597
54:60:09:F2:D8:92,-84,-84,13298,1476526597
A4:77:33:F8:A1:B8,-65,-74,8406,1476526660
54:60:09:F2:D8:92,-85,-85,13361,1476526660
A4:77:33:F8:A1:B8,-64,-72,8466,1476526720
54:60:09:F2:D8:92,-84,-85,13421,1476526720
A4:77:33:F8:A1:B8,-62,-67,8526,1476526780
54:60:09:F2:D8:92,-84,-85,13481,1476526780
A4:77:33:F8:A1:B8,-63,-68,8586,1476526840
54:60:09:F2:D8:92,-84,-86,13541,1476526840
A4:77:33:F8:A1:B8,-63,-69,8646,1476526900
54:60:09:F2:D8:92,-85,-86,13601,1476526900
