Client_MAC,Rssi0,Rssi1,Connection_Time,EpocTIME
A4:77:33:F8:A1:B8,-62,-74,33,1476482144
A4:77:33:F8:A1:B8,-54,-64,93,1476482204
A4:77:33:F8:A1:B8,-59,-70,153,1476482264
AC:CF:85:28:94:E2,-89,-91,28,1476482264
A4:77:33:F8:A1:B8,-62,-74,213,1476482324
AC:CF:85:28:94:E2,-89,-91,88,1476482324
A4:77:33:F8:A1:B8,-62,-74,276,1476482387
AC:CF:85:28:94:E2,-89,-91,151,1476482387
A4:77:33:F8:A1:B8,-57,-67,336,1476482447
AC:CF:85:28:94:E2,-89,-91,211,1476482447
A4:77:33:F8:A1:B8,-53,-63,396,1476482507
AC:CF:85:28:94:E2,-89,-91,271,1476482507
A4:77:33:F8:A1:B8,-55,-65,456,1476482567
A4:77:33:F8:A1:B8,-57,-67,516,1476482627
A4:77:33:F8:A1:B8,-52,-61,579,1476482691
A4:77:33:F8:A1:B8,-54,-63,639,1476482751
A4:77:33:F8:A1:B8,-54,-63,699,1476482811
A4:77:33:F8:A1:B8,-59,-70,759,1476482871
A4:77:33:F8:A1:B8,-62,-74,819,1476482931
A4:77:33:F8:A1:B8,-58,-68,882,1476482994
A4:77:33:F8:A1:B8,-59,-69,942,1476483054
A4:77:33:F8:A1:B8,-62,-74,1002,1476483114
AC:CF:85:28:94:E2,-85,-85,20,1476483114
A4:77:33:F8:A1:B8,-60,-71,1062,1476483174
AC:CF:85:28:94:E2,-85,-85,80,1476483174
A4:77:33:F8:A1:B8,-62,-74,1129,1476483240
AC:CF:85:28:94:E2,-85,-85,147,1476483240
A4:77:33:F8:A1:B8,-58,-69,1189,1476483300
AC:CF:85:28:94:E2,-85,-85,207,1476483300
A4:77:33:F8:A1:B8,-55,-65,1249,1476483360
AC:CF:85:28:94:E2,-85,-85,267,1476483360
A4:77:33:F8:A1:B8,-62,-74,1309,1476483420
A4:77:33:F8:A1:B8,-55,-66,1369,1476483480
A4:77:33:F8:A1:B8,-61,-73,1432,1476483543
A4:77:33:F8:A1:B8,-57,-67,1492,1476483603
A4:77:33:F8:A1:B8,-56,-66,1552,1476483663
54:60:09:F2:D8:92,-82,-85,46,1476483663
A4:77:33:F8:A1:B8,-52,-61,1612,1476483723
54:60:09:F2:D8:92,-77,-82,106,1476483723
A4:77:33:F8:A1:B8,-51,-60,1672,1476483783
54:60:09:F2:D8:92,-83,-85,166,1476483783
A4:77:33:F8:A1:B8,-55,-65,1735,1476483846
54:60:09:F2:D8:92,-83,-86,229,1476483846
A4:77:33:F8:A1:B8,-56,-66,1795,1476483906
54:60:09:F2:D8:92,-83,-86,289,1476483906
A4:77:33:F8:A1:B8,-53,-62,1855,1476483966
54:60:09:F2:D8:92,-82,-85,349,1476483966
A4:77:33:F8:A1:B8,-54,-63,1915,1476484026
54:60:09:F2:D8:92,-82,-85,409,1476484026
A4:77:33:F8:A1:B8,-56,-65,1975,1476484086
54:60:09:F2:D8:92,-82,-86,469,1476484086
A4:77:33:F8:A1:B8,-56,-66,2038,1476484149
54:60:09:F2:D8:92,-82,-85,532,1476484149
A4:77:33:F8:A1:B8,-56,-66,2098,1476484209
54:60:09:F2:D8:92,-82,-86,592,1476484209
A4:77:33:F8:A1:B8,-54,-63,2158,1476484269
54:60:09:F2:D8:92,-82,-86,652,1476484269
A4:77:33:F8:A1:B8,-54,-63,2218,1476484329
54:60:09:F2:D8:92,-79,-83,712,1476484329
A4:77:33:F8:A1:B8,-53,-62,2278,1476484389
54:60:09:F2:D8:92,-82,-86,772,1476484389
A4:77:33:F8:A1:B8,-51,-61,2341,1476484452
54:60:09:F2:D8:92,-82,-85,835,1476484452
A4:77:33:F8:A1:B8,-54,-63,2401,1476484512
54:60:09:F2:D8:92,-82,-85,895,1476484512
A4:77:33:F8:A1:B8,-60,-71,2461,1476484572
54:60:09:F2:D8:92,-81,-84,955,1476484572
A4:77:33:F8:A1:B8,-60,-71,2521,1476484632
54:60:09:F2:D8:92,-78,-82,1015,1476484632
A4:77:33:F8:A1:B8,-58,-68,2581,1476484692
54:60:09:F2:D8:92,-73,-79,1075,1476484692
A4:77:33:F8:A1:B8,-56,-65,2675,1476484786
54:60:09:F2:D8:92,-83,-85,1169,1476484786
A4:77:33:F8:A1:B8,-62,-74,2735,1476484846
54:60:09:F2:D8:92,-83,-86,1229,1476484846
A4:77:33:F8:A1:B8,-56,-66,2795,1476484906
54:60:09:F2:D8:92,-82,-86,1289,1476484906
A4:77:33:F8:A1:B8,-55,-65,2855,1476484966
54:60:09:F2:D8:92,-83,-86,1349,1476484966
A4:77:33:F8:A1:B8,-55,-64,2921,1476485032
54:60:09:F2:D8:92,-83,-85,1415,1476485032
A4:77:33:F8:A1:B8,-55,-65,2981,1476485092
54:60:09:F2:D8:92,-82,-86,1475,1476485092
A4:77:33:F8:A1:B8,-55,-65,3041,1476485152
54:60:09:F2:D8:92,-83,-86,1535,1476485152
A4:77:33:F8:A1:B8,-62,-74,3101,1476485212
54:60:09:F2:D8:92,-83,-85,1595,1476485212
A4:77:33:F8:A1:B8,-52,-61,3161,1476485272
54:60:09:F2:D8:92,-82,-86,1655,1476485272
A4:77:33:F8:A1:B8,-52,-61,3224,1476485336
54:60:09:F2:D8:92,-82,-86,1718,1476485336
A4:77:33:F8:A1:B8,-54,-63,3284,1476485396
54:60:09:F2:D8:92,-82,-86,1778,1476485396
A4:77:33:F8:A1:B8,-61,-73,3344,1476485456
54:60:09:F2:D8:92,-81,-85,1838,1476485456
A4:77:33:F8:A1:B8,-60,-71,3404,1476485516
54:60:09:F2:D8:92,-82,-86,1898,1476485516
A4:77:33:F8:A1:B8,-60,-71,3464,1476485576
54:60:09:F2:D8:92,-71,-77,1958,1476485576
A4:77:33:F8:A1:B8,-62,-74,3527,1476485639
54:60:09:F2:D8:92,-72,-77,2021,1476485639
A4:77:33:F8:A1:B8,-58,-68,3587,1476485699
54:60:09:F2:D8:92,-82,-86,2081,1476485699
A4:77:33:F8:A1:B8,-61,-71,3647,1476485759
54:60:09:F2:D8:92,-83,-86,2141,1476485759
A4:77:33:F8:A1:B8,-58,-68,3707,1476485819
54:60:09:F2:D8:92,-83,-86,2201,1476485819
A4:77:33:F8:A1:B8,-61,-73,3767,1476485879
54:60:09:F2:D8:92,-83,-86,2261,1476485879
A4:77:33:F8:A1:B8,-62,-74,3830,1476485942
54:60:09:F2:D8:92,-82,-85,2324,1476485942
A4:77:33:F8:A1:B8,-58,-68,3890,1476486002
54:60:09:F2:D8:92,-82,-85,2384,1476486002
A4:77:33:F8:A1:B8,-62,-74,3950,1476486062
54:60:09:F2:D8:92,-82,-86,2444,1476486062
A4:77:33:F8:A1:B8,-61,-72,4010,1476486122
54:60:09:F2:D8:92,-83,-86,2504,1476486122
A4:77:33:F8:A1:B8,-62,-74,4070,1476486182
54:60:09:F2:D8:92,-75,-80,2564,1476486182
A4:77:33:F8:A1:B8,-62,-74,4163,1476486275
54:60:09:F2:D8:92,-75,-80,2657,1476486275
A4:77:33:F8:A1:B8,-62,-74,4223,1476486335
54:60:09:F2:D8:92,-73,-78,2717,1476486335
A4:77:33:F8:A1:B8,-62,-74,4283,1476486395
54:60:09:F2:D8:92,-71,-77,2777,1476486395
A4:77:33:F8:A1:B8,-59,-70,4343,1476486455
54:60:09:F2:D8:92,-83,-86,2837,1476486455
A4:77:33:F8:A1:B8,-58,-68,4403,1476486515
54:60:09:F2:D8:92,-83,-86,2897,1476486515
A4:77:33:F8:A1:B8,-63,-74,4466,1476486578
54:60:09:F2:D8:92,-82,-86,2960,1476486578
A4:77:33:F8:A1:B8,-61,-72,4526,1476486638
54:60:09:F2:D8:92,-82,-86,3020,1476486638
A4:77:33:F8:A1:B8,-57,-66,4586,1476486698
54:60:09:F2:D8:92,-83,-86,3080,1476486698
A4:77:33:F8:A1:B8,-62,-74,4646,1476486758
54:60:09:F2:D8:92,-83,-86,3140,1476486758
A4:77:33:F8:A1:B8,-58,-67,4706,1476486818
54:60:09:F2:D8:92,-83,-86,3200,1476486818
A4:77:33:F8:A1:B8,-58,-67,4766,1476486878
54:60:09:F2:D8:92,-82,-86,3260,1476486878
A4:77:33:F8:A1:B8,-58,-67,4826,1476486938
54:60:09:F2:D8:92,-83,-86,3320,1476486938
A4:77:33:F8:A1:B8,-56,-65,4886,1476486998
54:60:09:F2:D8:92,-82,-86,3380,1476486998
A4:77:33:F8:A1:B8,-60,-71,4946,1476487058
54:60:09:F2:D8:92,-83,-86,3440,1476487058
A4:77:33:F8:A1:B8,-62,-73,5009,1476487121
54:60:09:F2:D8:92,-83,-86,3503,1476487121
A4:77:33:F8:A1:B8,-56,-66,5069,1476487181
54:60:09:F2:D8:92,-83,-87,3563,1476487181
A4:77:33:F8:A1:B8,-54,-63,5129,1476487241
54:60:09:F2:D8:92,-82,-85,3623,1476487241
A4:77:33:F8:A1:B8,-55,-65,5190,1476487301
54:60:09:F2:D8:92,-83,-86,3684,1476487301
A4:77:33:F8:A1:B8,-57,-67,5250,1476487361
54:60:09:F2:D8:92,-83,-86,3744,1476487361
A4:77:33:F8:A1:B8,-62,-73,5343,1476487454
54:60:09:F2:D8:92,-83,-86,3837,1476487454
A4:77:33:F8:A1:B8,-58,-68,5403,1476487514
54:60:09:F2:D8:92,-82,-85,3897,1476487514
A4:77:33:F8:A1:B8,-62,-74,5463,1476487574
54:60:09:F2:D8:92,-82,-85,3957,1476487574
A4:77:33:F8:A1:B8,-59,-69,5523,1476487634
54:60:09:F2:D8:92,-83,-85,4017,1476487634
A4:77:33:F8:A1:B8,-62,-73,5583,1476487694
54:60:09:F2:D8:92,-82,-86,4077,1476487694
A4:77:33:F8:A1:B8,-57,-68,5646,1476487757
54:60:09:F2:D8:92,-83,-86,4140,1476487757
A4:77:33:F8:A1:B8,-56,-66,5706,1476487817
54:60:09:F2:D8:92,-82,-86,4200,1476487817
A4:77:33:F8:A1:B8,-62,-74,5766,1476487877
54:60:09:F2:D8:92,-82,-86,4260,1476487877
A4:77:33:F8:A1:B8,-56,-67,5826,1476487937
54:60:09:F2:D8:92,-82,-86,4320,1476487937
A4:77:33:F8:A1:B8,-56,-66,5886,1476487997
54:60:09:F2:D8:92,-82,-86,4380,1476487997
A4:77:33:F8:A1:B8,-56,-66,5949,1476488060
54:60:09:F2:D8:92,-82,-86,4443,1476488060
A4:77:33:F8:A1:B8,-58,-68,6009,1476488120
54:60:09:F2:D8:92,-83,-86,4503,1476488120
A4:77:33:F8:A1:B8,-62,-73,6069,1476488180
54:60:09:F2:D8:92,-82,-86,4563,1476488180
A4:77:33:F8:A1:B8,-54,-63,6129,1476488240
54:60:09:F2:D8:92,-82,-86,4623,1476488240
A4:77:33:F8:A1:B8,-51,-60,6188,1476488300
54:60:09:F2:D8:92,-82,-86,4682,1476488300
A4:77:33:F8:A1:B8,-53,-62,6251,1476488363
54:60:09:F2:D8:92,-82,-86,4745,1476488363
A4:77:33:F8:A1:B8,-55,-65,6311,1476488423
54:60:09:F2:D8:92,-82,-86,4805,1476488423
A4:77:33:F8:A1:B8,-61,-72,6371,1476488483
54:60:09:F2:D8:92,-82,-85,4865,1476488483
A4:77:33:F8:A1:B8,-54,-63,6430,1476488543
54:60:09:F2:D8:92,-77,-81,4924,1476488543
A4:77:33:F8:A1:B8,-54,-64,6490,1476488603
54:60:09:F2:D8:92,-73,-76,4984,1476488603
A4:77:33:F8:A1:B8,-62,-74,6550,1476488663
54:60:09:F2:D8:92,-83,-85,5044,1476488663
A4:77:33:F8:A1:B8,-62,-74,6610,1476488723
54:60:09:F2:D8:92,-83,-86,5104,1476488723
A4:77:33:F8:A1:B8,-58,-68,6669,1476488783
54:60:09:F2:D8:92,-82,-85,5163,1476488783
A4:77:33:F8:A1:B8,-60,-71,6729,1476488843
54:60:09:F2:D8:92,-82,-86,5223,1476488843
A4:77:33:F8:A1:B8,-55,-65,6792,1476488906
54:60:09:F2:D8:92,-82,-86,5286,1476488906
A4:77:33:F8:A1:B8,-62,-73,6852,1476488966
54:60:09:F2:D8:92,-83,-87,5346,1476488966
A4:77:33:F8:A1:B8,-62,-73,6912,1476489026
54:60:09:F2:D8:92,-83,-86,5406,1476489026
A4:77:33:F8:A1:B8,-56,-67,6972,1476489086
54:60:09:F2:D8:92,-84,-86,5466,1476489086
A4:77:33:F8:A1:B8,-56,-67,7032,1476489146
54:60:09:F2:D8:92,-83,-85,5526,1476489146
A4:77:33:F8:A1:B8,-60,-76,7095,1476489210
54:60:09:F2:D8:92,-84,-86,5589,1476489210
A4:77:33:F8:A1:B8,-56,-70,7155,1476489270
54:60:09:F2:D8:92,-80,-83,5649,1476489270
A4:77:33:F8:A1:B8,-58,-74,7215,1476489330
54:60:09:F2:D8:92,-84,-86,5709,1476489330
A4:77:33:F8:A1:B8,-55,-70,7275,1476489390
54:60:09:F2:D8:92,-84,-86,5769,1476489390
A4:77:33:F8:A1:B8,-59,-76,7335,1476489450
54:60:09:F2:D8:92,-84,-86,5829,1476489450
A4:77:33:F8:A1:B8,-60,-76,7398,1476489513
54:60:09:F2:D8:92,-80,-83,5892,1476489513
A4:77:33:F8:A1:B8,-53,-69,7458,1476489573
54:60:09:F2:D8:92,-84,-86,5952,1476489573
A4:77:33:F8:A1:B8,-57,-72,7518,1476489633
54:60:09:F2:D8:92,-83,-86,6012,1476489633
A4:77:33:F8:A1:B8,-53,-68,7578,1476489693
54:60:09:F2:D8:92,-84,-86,6072,1476489693
A4:77:33:F8:A1:B8,-54,-69,7638,1476489753
54:60:09:F2:D8:92,-84,-86,6132,1476489753
A4:77:33:F8:A1:B8,-57,-73,7700,1476489816
54:60:09:F2:D8:92,-80,-85,6194,1476489816
A4:77:33:F8:A1:B8,-55,-70,7760,1476489876
54:60:09:F2:D8:92,-82,-86,6254,1476489876
A4:77:33:F8:A1:B8,-54,-78,7820,1476489936
54:60:09:F2:D8:92,-83,-84,6314,1476489936
A4:77:33:F8:A1:B8,-56,-78,7880,1476489996
54:60:09:F2:D8:92,-81,-82,6374,1476489996
A4:77:33:F8:A1:B8,-51,-73,7940,1476490056
54:60:09:F2:D8:92,-73,-75,6434,1476490056
