Client_MAC,Rssi0,Rssi1,Connection_Time,EpocTime
A4:77:33:F8:A1:B8,-63,-72,33682,1476551937
54:60:09:F2:D8:92,-80,-89,15104,1476551937
A4:77:33:F8:A1:B8,-58,-66,33742,1476551997
54:60:09:F2:D8:92,-80,-89,15164,1476551997
A4:77:33:F8:A1:B8,-65,-73,33802,1476552057
54:60:09:F2:D8:92,-80,-89,15224,1476552057
A4:77:33:F8:A1:B8,-61,-69,33862,1476552117
54:60:09:F2:D8:92,-80,-88,15284,1476552117
A4:77:33:F8:A1:B8,-66,-73,33922,1476552177
54:60:09:F2:D8:92,-80,-89,15344,1476552177
A4:77:33:F8:A1:B8,-65,-73,33985,1476552240
54:60:09:F2:D8:92,-81,-87,15407,1476552240
A4:77:33:F8:A1:B8,-57,-65,34045,1476552300
54:60:09:F2:D8:92,-81,-87,15467,1476552300
A4:77:33:F8:A1:B8,-65,-73,34105,1476552360
54:60:09:F2:D8:92,-82,-87,15527,1476552360
A4:77:33:F8:A1:B8,-59,-68,34165,1476552420
54:60:09:F2:D8:92,-82,-87,15587,1476552420
A4:77:33:F8:A1:B8,-64,-73,34226,1476552480
54:60:09:F2:D8:92,-82,-88,15648,1476552480
A4:77:33:F8:A1:B8,-63,-72,34319,1476552573
54:60:09:F2:D8:92,-81,-87,15741,1476552573
A4:77:33:F8:A1:B8,-61,-70,34379,1476552633
54:60:09:F2:D8:92,-81,-84,15801,1476552633
A4:77:33:F8:A1:B8,-65,-73,34439,1476552693
54:60:09:F2:D8:92,-81,-87,15861,1476552693
A4:77:33:F8:A1:B8,-58,-66,34499,1476552753
54:60:09:F2:D8:92,-81,-87,15921,1476552753
A4:77:33:F8:A1:B8,-58,-67,34559,1476552813
54:60:09:F2:D8:92,-81,-86,15981,1476552813
A4:77:33:F8:A1:B8,-66,-74,34619,1476552873
54:60:09:F2:D8:92,-80,-86,16041,1476552873
A4:77:33:F8:A1:B8,-59,-67,34679,1476552933
54:60:09:F2:D8:92,-82,-88,16101,1476552933
A4:77:33:F8:A1:B8,-62,-70,34739,1476552993
54:60:09:F2:D8:92,-81,-88,16161,1476552993
A4:77:33:F8:A1:B8,-59,-67,34799,1476553053
54:60:09:F2:D8:92,-81,-88,16221,1476553053
A4:77:33:F8:A1:B8,-58,-67,34862,1476553116
54:60:09:F2:D8:92,-81,-88,16284,1476553116
A4:77:33:F8:A1:B8,-58,-66,34922,1476553176
54:60:09:F2:D8:92,-81,-87,16344,1476553176
A4:77:33:F8:A1:B8,-60,-68,34982,1476553236
54:60:09:F2:D8:92,-81,-88,16404,1476553236
A4:77:33:F8:A1:B8,-58,-66,35042,1476553296
54:60:09:F2:D8:92,-82,-87,16464,1476553296
A4:77:33:F8:A1:B8,-55,-64,35102,1476553356
54:60:09:F2:D8:92,-81,-87,16524,1476553356
A4:77:33:F8:A1:B8,-59,-67,35165,1476553419
54:60:09:F2:D8:92,-81,-88,16587,1476553419
A4:77:33:F8:A1:B8,-57,-66,35225,1476553479
54:60:09:F2:D8:92,-81,-88,16647,1476553479
A4:77:33:F8:A1:B8,-57,-66,35285,1476553539
54:60:09:F2:D8:92,-81,-88,16707,1476553539
A4:77:33:F8:A1:B8,-58,-67,35345,1476553599
54:60:09:F2:D8:92,-81,-87,16767,1476553599
A4:77:33:F8:A1:B8,-59,-67,35405,1476553659
54:60:09:F2:D8:92,-82,-87,16827,1476553659
A4:77:33:F8:A1:B8,-58,-66,35468,1476553722
54:60:09:F2:D8:92,-81,-87,16890,1476553722
A4:77:33:F8:A1:B8,-61,-69,35528,1476553782
54:60:09:F2:D8:92,-82,-87,16950,1476553782
A4:77:33:F8:A1:B8,-65,-73,35588,1476553842
54:60:09:F2:D8:92,-81,-88,17010,1476553842
A4:77:33:F8:A1:B8,-61,-69,35648,1476553902
54:60:09:F2:D8:92,-81,-87,17070,1476553902
A4:77:33:F8:A1:B8,-62,-70,35708,1476553962
54:60:09:F2:D8:92,-82,-87,17130,1476553962
A4:77:33:F8:A1:B8,-57,-66,35804,1476554058
54:60:09:F2:D8:92,-81,-88,17226,1476554058
A4:77:33:F8:A1:B8,-57,-66,35864,1476554118
54:60:09:F2:D8:92,-81,-87,17286,1476554118
A4:77:33:F8:A1:B8,-57,-66,35924,1476554178
54:60:09:F2:D8:92,-82,-87,17346,1476554178
A4:77:33:F8:A1:B8,-60,-68,35984,1476554238
54:60:09:F2:D8:92,-81,-88,17406,1476554238
A4:77:33:F8:A1:B8,-57,-66,36044,1476554298
54:60:09:F2:D8:92,-81,-88,17466,1476554298
A4:77:33:F8:A1:B8,-57,-65,36107,1476554362
54:60:09:F2:D8:92,-81,-88,17529,1476554362
A4:77:33:F8:A1:B8,-58,-66,36167,1476554422
54:60:09:F2:D8:92,-81,-87,17589,1476554422
A4:77:33:F8:A1:B8,-57,-66,36227,1476554482
54:60:09:F2:D8:92,-82,-87,17649,1476554482
A4:77:33:F8:A1:B8,-57,-66,36287,1476554542
54:60:09:F2:D8:92,-81,-87,17709,1476554542
A4:77:33:F8:A1:B8,-57,-66,36347,1476554602
54:60:09:F2:D8:92,-81,-87,17769,1476554602
A4:77:33:F8:A1:B8,-65,-73,36407,1476554662
54:60:09:F2:D8:92,-81,-88,17829,1476554662
A4:77:33:F8:A1:B8,-64,-72,36467,1476554722
54:60:09:F2:D8:92,-82,-88,17889,1476554722
A4:77:33:F8:A1:B8,-62,-70,36527,1476554782
54:60:09:F2:D8:92,-82,-87,17949,1476554782
A4:77:33:F8:A1:B8,-62,-70,36587,1476554842
54:60:09:F2:D8:92,-81,-88,18009,1476554842
A4:77:33:F8:A1:B8,-65,-72,36650,1476554905
54:60:09:F2:D8:92,-82,-88,18072,1476554905
A4:77:33:F8:A1:B8,-65,-73,36710,1476554965
54:60:09:F2:D8:92,-82,-88,18132,1476554965
A4:77:33:F8:A1:B8,-61,-69,36770,1476555025
54:60:09:F2:D8:92,-82,-88,18192,1476555025
A4:77:33:F8:A1:B8,-59,-68,36830,1476555085
54:60:09:F2:D8:92,-81,-88,18252,1476555085
A4:77:33:F8:A1:B8,-64,-72,36890,1476555145
54:60:09:F2:D8:92,-82,-88,18312,1476555145
A4:77:33:F8:A1:B8,-64,-72,36953,1476555208
54:60:09:F2:D8:92,-81,-88,18375,1476555208
A4:77:33:F8:A1:B8,-65,-73,37013,1476555268
54:60:09:F2:D8:92,-82,-87,18435,1476555268
A4:77:33:F8:A1:B8,-65,-73,37073,1476555328
54:60:09:F2:D8:92,-82,-88,18495,1476555328
A4:77:33:F8:A1:B8,-65,-73,37133,1476555388
54:60:09:F2:D8:92,-81,-88,18555,1476555388
A4:77:33:F8:A1:B8,-65,-72,37193,1476555448
54:60:09:F2:D8:92,-82,-87,18615,1476555448
A4:77:33:F8:A1:B8,-60,-69,37257,1476555511
54:60:09:F2:D8:92,-81,-88,18679,1476555511
A4:77:33:F8:A1:B8,-58,-67,37317,1476555571
54:60:09:F2:D8:92,-82,-88,18739,1476555571
A4:77:33:F8:A1:B8,-62,-70,37377,1476555631
54:60:09:F2:D8:92,-81,-88,18799,1476555631
A4:77:33:F8:A1:B8,-57,-66,37437,1476555691
54:60:09:F2:D8:92,-82,-88,18859,1476555691
A4:77:33:F8:A1:B8,-62,-70,37497,1476555751
54:60:09:F2:D8:92,-81,-87,18919,1476555751
A4:77:33:F8:A1:B8,-61,-69,37589,1476555844
54:60:09:F2:D8:92,-82,-88,19011,1476555844
A4:77:33:F8:A1:B8,-59,-68,37649,1476555904
54:60:09:F2:D8:92,-81,-88,19071,1476555904
A4:77:33:F8:A1:B8,-65,-73,37709,1476555964
54:60:09:F2:D8:92,-82,-88,19131,1476555964
A4:77:33:F8:A1:B8,-63,-71,37769,1476556024
54:60:09:F2:D8:92,-82,-87,19191,1476556024
A4:77:33:F8:A1:B8,-65,-73,37829,1476556084
54:60:09:F2:D8:92,-81,-88,19251,1476556084
A4:77:33:F8:A1:B8,-60,-68,37892,1476556147
54:60:09:F2:D8:92,-81,-88,19314,1476556147
A4:77:33:F8:A1:B8,-59,-68,37952,1476556207
54:60:09:F2:D8:92,-81,-88,19374,1476556207
A4:77:33:F8:A1:B8,-62,-70,38012,1476556267
54:60:09:F2:D8:92,-81,-88,19434,1476556267
A4:77:33:F8:A1:B8,-60,-69,38072,1476556327
54:60:09:F2:D8:92,-82,-87,19494,1476556327
A4:77:33:F8:A1:B8,-64,-72,38132,1476556387
54:60:09:F2:D8:92,-82,-88,19554,1476556387
A4:77:33:F8:A1:B8,-59,-67,38192,1476556447
54:60:09:F2:D8:92,-81,-88,19614,1476556447
A4:77:33:F8:A1:B8,-57,-65,38252,1476556507
54:60:09:F2:D8:92,-81,-87,19674,1476556507
A4:77:33:F8:A1:B8,-59,-67,38312,1476556567
54:60:09:F2:D8:92,-82,-87,19734,1476556567
A4:77:33:F8:A1:B8,-59,-67,38372,1476556627
54:60:09:F2:D8:92,-82,-88,19794,1476556627
A4:77:33:F8:A1:B8,-65,-73,38436,1476556690
54:60:09:F2:D8:92,-82,-88,19858,1476556690
A4:77:33:F8:A1:B8,-57,-65,38496,1476556750
54:60:09:F2:D8:92,-81,-88,19918,1476556750
A4:77:33:F8:A1:B8,-60,-68,38556,1476556810
54:60:09:F2:D8:92,-81,-88,19978,1476556810
A4:77:33:F8:A1:B8,-57,-66,38616,1476556870
54:60:09:F2:D8:92,-82,-88,20038,1476556870
A4:77:33:F8:A1:B8,-55,-63,38676,1476556930
54:60:09:F2:D8:92,-81,-88,20098,1476556930
A4:77:33:F8:A1:B8,-57,-66,38739,1476556993
54:60:09:F2:D8:92,-82,-88,20161,1476556993
A4:77:33:F8:A1:B8,-65,-73,38799,1476557053
54:60:09:F2:D8:92,-82,-87,20221,1476557053
A4:77:33:F8:A1:B8,-65,-73,38859,1476557113
54:60:09:F2:D8:92,-82,-88,20281,1476557113
A4:77:33:F8:A1:B8,-65,-73,38919,1476557173
54:60:09:F2:D8:92,-82,-88,20341,1476557173
A4:77:33:F8:A1:B8,-65,-73,38979,1476557233
54:60:09:F2:D8:92,-82,-88,20401,1476557233
A4:77:33:F8:A1:B8,-65,-73,39042,1476557296
54:60:09:F2:D8:92,-81,-88,20464,1476557296
A4:77:33:F8:A1:B8,-62,-70,39102,1476557356
54:60:09:F2:D8:92,-82,-87,20524,1476557356
A4:77:33:F8:A1:B8,-65,-73,39162,1476557416
54:60:09:F2:D8:92,-82,-87,20584,1476557416
A4:77:33:F8:A1:B8,-62,-70,39222,1476557476
54:60:09:F2:D8:92,-82,-87,20644,1476557476
A4:77:33:F8:A1:B8,-63,-71,39282,1476557536
54:60:09:F2:D8:92,-81,-88,20704,1476557536
A4:77:33:F8:A1:B8,-59,-67,39374,1476557628
54:60:09:F2:D8:92,-82,-87,20796,1476557628
A4:77:33:F8:A1:B8,-58,-66,39434,1476557688
54:60:09:F2:D8:92,-82,-88,20856,1476557688
A4:77:33:F8:A1:B8,-58,-66,39494,1476557748
54:60:09:F2:D8:92,-81,-88,20916,1476557748
A4:77:33:F8:A1:B8,-62,-70,39554,1476557808
54:60:09:F2:D8:92,-82,-88,20976,1476557808
A4:77:33:F8:A1:B8,-62,-70,39614,1476557868
54:60:09:F2:D8:92,-83,-87,21036,1476557868
A4:77:33:F8:A1:B8,-65,-73,39677,1476557931
54:60:09:F2:D8:92,-81,-88,21099,1476557931
A4:77:33:F8:A1:B8,-61,-69,39737,1476557991
54:60:09:F2:D8:92,-81,-88,21159,1476557991
A4:77:33:F8:A1:B8,-65,-73,39797,1476558051
54:60:09:F2:D8:92,-81,-88,21219,1476558051
A4:77:33:F8:A1:B8,-59,-66,39857,1476558111
54:60:09:F2:D8:92,-82,-88,21279,1476558111
A4:77:33:F8:A1:B8,-58,-66,39917,1476558171
54:60:09:F2:D8:92,-82,-88,21339,1476558171
A4:77:33:F8:A1:B8,-65,-72,39977,1476558231
54:60:09:F2:D8:92,-78,-86,21399,1476558231
A4:77:33:F8:A1:B8,-59,-67,40037,1476558291
54:60:09:F2:D8:92,-82,-89,21459,1476558291
A4:77:33:F8:A1:B8,-65,-73,40097,1476558351
54:60:09:F2:D8:92,-81,-89,21519,1476558351
A4:77:33:F8:A1:B8,-60,-68,40157,1476558411
54:60:09:F2:D8:92,-81,-88,21579,1476558411
A4:77:33:F8:A1:B8,-60,-67,40220,1476558474
54:60:09:F2:D8:92,-82,-88,21642,1476558474
A4:77:33:F8:A1:B8,-65,-73,40280,1476558534
54:60:09:F2:D8:92,-81,-89,21702,1476558534
A4:77:33:F8:A1:B8,-59,-66,40340,1476558594
54:60:09:F2:D8:92,-81,-88,21762,1476558594
A4:77:33:F8:A1:B8,-60,-68,40400,1476558654
54:60:09:F2:D8:92,-81,-88,21822,1476558654
A4:77:33:F8:A1:B8,-58,-66,40460,1476558714
54:60:09:F2:D8:92,-82,-89,21882,1476558714
A4:77:33:F8:A1:B8,-60,-68,40523,1476558778
54:60:09:F2:D8:92,-82,-88,21945,1476558778
A4:77:33:F8:A1:B8,-65,-72,40583,1476558838
54:60:09:F2:D8:92,-82,-88,22005,1476558838
A4:77:33:F8:A1:B8,-56,-63,40643,1476558898
54:60:09:F2:D8:92,-82,-89,22065,1476558898
A4:77:33:F8:A1:B8,-58,-66,40703,1476558958
54:60:09:F2:D8:92,-82,-88,22125,1476558958
A4:77:33:F8:A1:B8,-57,-65,40763,1476559018
54:60:09:F2:D8:92,-82,-88,22185,1476559018
