Client_MAC,Rssi0,Rssi1,Connection_Time,EpocTime
A4:77:33:F8:A1:B8,-64,-76,30018,1476512134
54:60:09:F2:D8:92,-80,-81,28512,1476512134
A4:77:33:F8:A1:B8,-61,-73,30078,1476512194
54:60:09:F2:D8:92,-79,-81,28572,1476512194
A4:77:33:F8:A1:B8,-66,-78,30138,1476512254
54:60:09:F2:D8:92,-79,-80,28632,1476512254
A4:77:33:F8:A1:B8,-59,-71,30198,1476512314
54:60:09:F2:D8:92,-80,-81,28692,1476512314
A4:77:33:F8:A1:B8,-65,-78,30258,1476512374
54:60:09:F2:D8:92,-80,-81,28752,1476512374
A4:77:33:F8:A1:B8,-64,-75,30321,1476512437
54:60:09:F2:D8:92,-84,-85,28815,1476512437
A4:77:33:F8:A1:B8,-61,-73,30381,1476512497
54:60:09:F2:D8:92,-84,-85,28875,1476512497
A4:77:33:F8:A1:B8,-65,-78,30441,1476512557
54:60:09:F2:D8:92,-84,-85,28935,1476512557
A4:77:33:F8:A1:B8,-62,-73,30501,1476512617
54:60:09:F2:D8:92,-84,-85,28995,1476512617
A4:77:33:F8:A1:B8,-59,-71,30561,1476512677
54:60:09:F2:D8:92,-84,-84,29055,1476512677
A4:77:33:F8:A1:B8,-66,-78,30624,1476512740
54:60:09:F2:D8:92,-81,-82,29118,1476512740
A4:77:33:F8:A1:B8,-59,-71,30684,1476512800
54:60:09:F2:D8:92,-78,-78,29178,1476512800
A4:77:33:F8:A1:B8,-59,-71,30744,1476512860
54:60:09:F2:D8:92,-75,-76,29238,1476512860
A4:77:33:F8:A1:B8,-59,-71,30804,1476512920
54:60:09:F2:D8:92,-74,-73,29298,1476512920
A4:77:33:F8:A1:B8,-58,-69,30864,1476512980
54:60:09:F2:D8:92,-79,-79,29358,1476512980
A4:77:33:F8:A1:B8,-60,-72,30927,1476513043
54:60:09:F2:D8:92,-83,-83,29421,1476513043
A4:77:33:F8:A1:B8,-58,-69,30987,1476513103
54:60:09:F2:D8:92,-81,-81,29481,1476513103
A4:77:33:F8:A1:B8,-60,-71,31047,1476513163
54:60:09:F2:D8:92,-79,-80,29541,1476513163
A4:77:33:F8:A1:B8,-57,-68,31107,1476513223
54:60:09:F2:D8:92,-85,-85,29601,1476513223
A4:77:33:F8:A1:B8,-57,-68,31167,1476513283
A4:77:33:F8:A1:B8,-60,-71,31230,1476513346
54:60:09:F2:D8:92,-82,-83,46,1476513346
A4:77:33:F8:A1:B8,-65,-76,31290,1476513406
54:60:09:F2:D8:92,-81,-82,106,1476513406
A4:77:33:F8:A1:B8,-62,-73,31350,1476513466
54:60:09:F2:D8:92,-81,-82,166,1476513466
A4:77:33:F8:A1:B8,-64,-76,31410,1476513526
54:60:09:F2:D8:92,-80,-82,226,1476513526
A4:77:33:F8:A1:B8,-65,-77,31470,1476513586
54:60:09:F2:D8:92,-80,-81,286,1476513586
A4:77:33:F8:A1:B8,-63,-74,31530,1476513646
54:60:09:F2:D8:92,-81,-82,346,1476513646
A4:77:33:F8:A1:B8,-66,-77,31590,1476513706
54:60:09:F2:D8:92,-79,-80,406,1476513706
A4:77:33:F8:A1:B8,-63,-74,31650,1476513766
54:60:09:F2:D8:92,-81,-82,466,1476513766
A4:77:33:F8:A1:B8,-63,-75,31710,1476513826
54:60:09:F2:D8:92,-81,-82,526,1476513826
A4:77:33:F8:A1:B8,-61,-72,31773,1476513889
54:60:09:F2:D8:92,-81,-82,589,1476513889
A4:77:33:F8:A1:B8,-61,-73,31833,1476513949
54:60:09:F2:D8:92,-83,-84,649,1476513949
A4:77:33:F8:A1:B8,-60,-71,31893,1476514009
54:60:09:F2:D8:92,-83,-83,709,1476514009
A4:77:33:F8:A1:B8,-59,-71,31953,1476514069
54:60:09:F2:D8:92,-83,-83,769,1476514069
A4:77:33:F8:A1:B8,-65,-77,32013,1476514129
54:60:09:F2:D8:92,-76,-78,829,1476514129
A4:77:33:F8:A1:B8,-62,-74,32076,1476514192
54:60:09:F2:D8:92,-77,-79,892,1476514192
A4:77:33:F8:A1:B8,-61,-73,32136,1476514252
54:60:09:F2:D8:92,-76,-79,952,1476514252
A4:77:33:F8:A1:B8,-62,-73,32196,1476514312
54:60:09:F2:D8:92,-76,-79,1012,1476514312
A4:77:33:F8:A1:B8,-62,-72,32256,1476514372
54:60:09:F2:D8:92,-81,-82,1072,1476514372
A4:77:33:F8:A1:B8,-62,-72,32316,1476514432
54:60:09:F2:D8:92,-84,-85,1132,1476514432
A4:77:33:F8:A1:B8,-60,-71,32379,1476514495
54:60:09:F2:D8:92,-84,-86,1195,1476514495
A4:77:33:F8:A1:B8,-59,-70,32439,1476514555
54:60:09:F2:D8:92,-84,-85,1255,1476514555
A4:77:33:F8:A1:B8,-58,-70,32499,1476514615
54:60:09:F2:D8:92,-84,-84,1315,1476514615
A4:77:33:F8:A1:B8,-59,-70,32559,1476514675
54:60:09:F2:D8:92,-84,-85,1375,1476514675
A4:77:33:F8:A1:B8,-57,-68,32619,1476514735
54:60:09:F2:D8:92,-83,-85,1435,1476514735
A4:77:33:F8:A1:B8,-60,-71,32682,1476514798
54:60:09:F2:D8:92,-83,-85,1498,1476514798
A4:77:33:F8:A1:B8,-59,-70,32742,1476514858
54:60:09:F2:D8:92,-84,-85,1558,1476514858
A4:77:33:F8:A1:B8,-57,-69,32802,1476514918
54:60:09:F2:D8:92,-83,-84,1618,1476514918
A4:77:33:F8:A1:B8,-65,-78,32863,1476514978
54:60:09:F2:D8:92,-83,-85,1679,1476514978
A4:77:33:F8:A1:B8,-61,-73,32923,1476515038
54:60:09:F2:D8:92,-83,-84,1739,1476515038
A4:77:33:F8:A1:B8,-62,-75,33016,1476515131
54:60:09:F2:D8:92,-84,-85,1832,1476515131
A4:77:33:F8:A1:B8,-58,-71,33076,1476515191
54:60:09:F2:D8:92,-83,-85,1892,1476515191
A4:77:33:F8:A1:B8,-59,-70,33136,1476515251
54:60:09:F2:D8:92,-84,-85,1952,1476515251
A4:77:33:F8:A1:B8,-57,-69,33196,1476515311
54:60:09:F2:D8:92,-84,-85,2012,1476515311
A4:77:33:F8:A1:B8,-59,-71,33256,1476515371
54:60:09:F2:D8:92,-84,-85,2072,1476515371
A4:77:33:F8:A1:B8,-57,-70,33316,1476515431
54:60:09:F2:D8:92,-84,-84,2132,1476515431
A4:77:33:F8:A1:B8,-57,-69,33376,1476515491
54:60:09:F2:D8:92,-84,-84,2192,1476515491
A4:77:33:F8:A1:B8,-57,-70,33436,1476515551
54:60:09:F2:D8:92,-84,-85,2252,1476515551
A4:77:33:F8:A1:B8,-61,-74,33496,1476515611
54:60:09:F2:D8:92,-84,-85,2312,1476515611
A4:77:33:F8:A1:B8,-62,-74,33559,1476515674
54:60:09:F2:D8:92,-83,-85,2375,1476515674
A4:77:33:F8:A1:B8,-61,-73,33619,1476515734
54:60:09:F2:D8:92,-80,-82,2435,1476515734
A4:77:33:F8:A1:B8,-64,-76,33679,1476515794
54:60:09:F2:D8:92,-83,-85,2495,1476515794
A4:77:33:F8:A1:B8,-61,-72,33739,1476515854
54:60:09:F2:D8:92,-84,-85,2555,1476515854
A4:77:33:F8:A1:B8,-63,-75,33799,1476515914
54:60:09:F2:D8:92,-83,-85,2615,1476515914
A4:77:33:F8:A1:B8,-66,-78,33862,1476515977
54:60:09:F2:D8:92,-83,-85,2678,1476515977
A4:77:33:F8:A1:B8,-62,-74,33922,1476516037
54:60:09:F2:D8:92,-83,-85,2738,1476516037
A4:77:33:F8:A1:B8,-66,-78,33982,1476516097
54:60:09:F2:D8:92,-83,-85,2798,1476516097
A4:77:33:F8:A1:B8,-63,-75,34042,1476516157
54:60:09:F2:D8:92,-84,-85,2858,1476516157
A4:77:33:F8:A1:B8,-62,-74,34102,1476516217
54:60:09:F2:D8:92,-84,-85,2918,1476516217
A4:77:33:F8:A1:B8,-65,-77,34165,1476516280
54:60:09:F2:D8:92,-84,-84,2981,1476516280
A4:77:33:F8:A1:B8,-65,-77,34225,1476516340
54:60:09:F2:D8:92,-84,-84,3041,1476516340
A4:77:33:F8:A1:B8,-60,-71,34285,1476516400
54:60:09:F2:D8:92,-82,-83,3101,1476516400
A4:77:33:F8:A1:B8,-63,-75,34345,1476516460
54:60:09:F2:D8:92,-75,-76,3161,1476516460
A4:77:33:F8:A1:B8,-60,-72,34405,1476516520
54:60:09:F2:D8:92,-75,-75,3221,1476516520
A4:77:33:F8:A1:B8,-59,-70,34468,1476516583
54:60:09:F2:D8:92,-74,-76,3284,1476516583
A4:77:33:F8:A1:B8,-61,-73,34528,1476516643
54:60:09:F2:D8:92,-80,-81,3344,1476516643
A4:77:33:F8:A1:B8,-60,-71,34588,1476516703
54:60:09:F2:D8:92,-80,-81,3404,1476516703
A4:77:33:F8:A1:B8,-61,-73,34648,1476516763
54:60:09:F2:D8:92,-82,-82,3464,1476516763
A4:77:33:F8:A1:B8,-60,-71,34708,1476516823
54:60:09:F2:D8:92,-82,-82,3524,1476516823
A4:77:33:F8:A1:B8,-62,-73,34801,1476516917
54:60:09:F2:D8:92,-79,-81,3617,1476516917
A4:77:33:F8:A1:B8,-61,-72,34861,1476516977
54:60:09:F2:D8:92,-81,-81,3677,1476516977
A4:77:33:F8:A1:B8,-61,-72,34921,1476517037
54:60:09:F2:D8:92,-81,-82,3737,1476517037
A4:77:33:F8:A1:B8,-62,-74,34981,1476517097
54:60:09:F2:D8:92,-79,-80,3797,1476517097
A4:77:33:F8:A1:B8,-65,-77,35041,1476517157
54:60:09:F2:D8:92,-81,-81,3857,1476517157
A4:77:33:F8:A1:B8,-61,-72,35101,1476517217
54:60:09:F2:D8:92,-75,-75,3917,1476517217
A4:77:33:F8:A1:B8,-60,-71,35161,1476517277
54:60:09:F2:D8:92,-81,-82,3977,1476517277
A4:77:33:F8:A1:B8,-60,-70,35221,1476517337
54:60:09:F2:D8:92,-79,-81,4037,1476517337
A4:77:33:F8:A1:B8,-62,-73,35281,1476517397
54:60:09:F2:D8:92,-80,-81,4097,1476517397
A4:77:33:F8:A1:B8,-65,-77,35344,1476517460
54:60:09:F2:D8:92,-80,-80,4160,1476517460
A4:77:33:F8:A1:B8,-62,-74,35404,1476517520
54:60:09:F2:D8:92,-77,-78,4220,1476517520
A4:77:33:F8:A1:B8,-57,-68,35464,1476517580
54:60:09:F2:D8:92,-81,-81,4280,1476517580
A4:77:33:F8:A1:B8,-59,-70,35524,1476517640
54:60:09:F2:D8:92,-84,-85,4340,1476517640
A4:77:33:F8:A1:B8,-57,-68,35584,1476517700
54:60:09:F2:D8:92,-85,-84,4400,1476517700
A4:77:33:F8:A1:B8,-59,-70,35647,1476517763
54:60:09:F2:D8:92,-84,-85,4463,1476517763
A4:77:33:F8:A1:B8,-58,-68,35707,1476517823
54:60:09:F2:D8:92,-81,-82,4523,1476517823
A4:77:33:F8:A1:B8,-63,-74,35767,1476517883
54:60:09:F2:D8:92,-80,-81,4583,1476517883
A4:77:33:F8:A1:B8,-62,-72,35827,1476517943
54:60:09:F2:D8:92,-81,-82,4643,1476517943
A4:77:33:F8:A1:B8,-63,-74,35887,1476518003
54:60:09:F2:D8:92,-84,-85,4703,1476518003
A4:77:33:F8:A1:B8,-66,-77,35950,1476518066
54:60:09:F2:D8:92,-84,-84,4766,1476518066
A4:77:33:F8:A1:B8,-62,-73,36010,1476518126
54:60:09:F2:D8:92,-81,-82,4826,1476518126
A4:77:33:F8:A1:B8,-61,-72,36070,1476518186
54:60:09:F2:D8:92,-80,-81,4886,1476518186
54:60:09:F2:D8:92,-81,-81,4946,1476518246
A4:77:33:F8:A1:B8,-61,-73,51,1476518306
54:60:09:F2:D8:92,-80,-81,5006,1476518306
A4:77:33:F8:A1:B8,-64,-76,114,1476518369
54:60:09:F2:D8:92,-81,-82,5069,1476518369
A4:77:33:F8:A1:B8,-63,-74,174,1476518429
54:60:09:F2:D8:92,-79,-80,5129,1476518429
A4:77:33:F8:A1:B8,-65,-77,234,1476518489
54:60:09:F2:D8:92,-80,-81,5189,1476518489
A4:77:33:F8:A1:B8,-63,-74,294,1476518549
54:60:09:F2:D8:92,-79,-80,5249,1476518549
A4:77:33:F8:A1:B8,-59,-70,354,1476518609
54:60:09:F2:D8:92,-79,-80,5309,1476518609
A4:77:33:F8:A1:B8,-59,-70,418,1476518672
54:60:09:F2:D8:92,-78,-79,5373,1476518672
A4:77:33:F8:A1:B8,-65,-76,478,1476518732
54:60:09:F2:D8:92,-76,-76,5433,1476518732
A4:77:33:F8:A1:B8,-63,-74,538,1476518792
54:60:09:F2:D8:92,-73,-74,5493,1476518792
A4:77:33:F8:A1:B8,-65,-76,598,1476518852
54:60:09:F2:D8:92,-83,-84,5553,1476518852
A4:77:33:F8:A1:B8,-60,-71,658,1476518912
54:60:09:F2:D8:92,-84,-85,5613,1476518912
A4:77:33:F8:A1:B8,-58,-68,718,1476518972
54:60:09:F2:D8:92,-84,-84,5673,1476518972
A4:77:33:F8:A1:B8,-60,-70,778,1476519032
54:60:09:F2:D8:92,-84,-85,5733,1476519032
A4:77:33:F8:A1:B8,-60,-70,838,1476519092
54:60:09:F2:D8:92,-81,-82,5793,1476519092
A4:77:33:F8:A1:B8,-66,-77,898,1476519152
54:60:09:F2:D8:92,-80,-81,5853,1476519152
A4:77:33:F8:A1:B8,-60,-71,961,1476519215
54:60:09:F2:D8:92,-81,-82,5916,1476519215
A4:77:33:F8:A1:B8,-59,-69,1021,1476519275
54:60:09:F2:D8:92,-84,-85,5976,1476519275
A4:77:33:F8:A1:B8,-58,-68,1081,1476519335
54:60:09:F2:D8:92,-84,-85,6036,1476519335
A4:77:33:F8:A1:B8,-60,-69,1141,1476519395
54:60:09:F2:D8:92,-84,-85,6096,1476519395
A4:77:33:F8:A1:B8,-60,-70,1201,1476519455
54:60:09:F2:D8:92,-84,-84,6156,1476519455
