Client_MAC,Rssi0,Rssi1,Connection_Time,EpocTime
80:1F:02:B6:E4:83,-83,-77,28098,1476505377
80:1F:02:B6:E4:83,-82,-77,28158,1476505437
80:1F:02:B6:E4:83,-82,-77,28218,1476505497
80:1F:02:B6:E4:83,-82,-77,28278,1476505557
80:1F:02:B6:E4:83,-82,-77,28338,1476505617
80:1F:02:B6:E4:83,-82,-77,28431,1476505711
80:1F:02:B6:E4:83,-82,-77,28491,1476505771
80:1F:02:B6:E4:83,-82,-77,28551,1476505831
80:1F:02:B6:E4:83,-82,-77,28611,1476505891
80:1F:02:B6:E4:83,-81,-77,28678,1476505958
80:1F:02:B6:E4:83,-82,-77,28738,1476506018
80:1F:02:B6:E4:83,-83,-77,28798,1476506078
80:1F:02:B6:E4:83,-82,-77,28858,1476506138
80:1F:02:B6:E4:83,-82,-77,28918,1476506198
80:1F:02:B6:E4:83,-81,-77,29010,1476506290
80:1F:02:B6:E4:83,-82,-77,29070,1476506350
80:1F:02:B6:E4:83,-81,-77,29130,1476506410
80:1F:02:B6:E4:83,-82,-77,29190,1476506470
80:1F:02:B6:E4:83,-83,-77,29250,1476506530
80:1F:02:B6:E4:83,-83,-77,29313,1476506593
80:1F:02:B6:E4:83,-82,-77,29373,1476506653
80:1F:02:B6:E4:83,-82,-77,29433,1476506713
80:1F:02:B6:E4:83,-82,-77,29493,1476506773
80:1F:02:B6:E4:83,-82,-77,29553,1476506833
80:1F:02:B6:E4:83,-82,-77,29616,1476506896
80:1F:02:B6:E4:83,-82,-77,29676,1476506956
80:1F:02:B6:E4:83,-83,-77,29736,1476507016
80:1F:02:B6:E4:83,-83,-77,29796,1476507076
80:1F:02:B6:E4:83,-82,-77,29856,1476507136
80:1F:02:B6:E4:83,-82,-77,29919,1476507199
80:1F:02:B6:E4:83,-82,-77,29979,1476507259
80:1F:02:B6:E4:83,-82,-77,30039,1476507319
80:1F:02:B6:E4:83,-83,-77,30099,1476507379
80:1F:02:B6:E4:83,-82,-77,30159,1476507439
80:1F:02:B6:E4:83,-82,-77,30223,1476507502
80:1F:02:B6:E4:83,-82,-77,30283,1476507562
80:1F:02:B6:E4:83,-82,-77,30343,1476507622
80:1F:02:B6:E4:83,-82,-77,30403,1476507682
80:1F:02:B6:E4:83,-82,-77,30463,1476507742
80:1F:02:B6:E4:83,-82,-77,30523,1476507802
80:1F:02:B6:E4:83,-82,-77,30583,1476507862
80:1F:02:B6:E4:83,-82,-77,30643,1476507922
80:1F:02:B6:E4:83,-82,-77,30703,1476507982
80:1F:02:B6:E4:83,-82,-77,30795,1476508075
80:1F:02:B6:E4:83,-82,-76,30855,1476508135
80:1F:02:B6:E4:83,-82,-77,30915,1476508195
80:1F:02:B6:E4:83,-82,-77,30975,1476508255
80:1F:02:B6:E4:83,-82,-77,31035,1476508315
80:1F:02:B6:E4:83,-82,-77,31098,1476508378
80:1F:02:B6:E4:83,-82,-77,31158,1476508438
80:1F:02:B6:E4:83,-82,-77,31218,1476508498
80:1F:02:B6:E4:83,-82,-77,31278,1476508558
80:1F:02:B6:E4:83,-82,-77,31338,1476508618
80:1F:02:B6:E4:83,-82,-77,31401,1476508681
80:1F:02:B6:E4:83,-83,-77,31461,1476508741
80:1F:02:B6:E4:83,-82,-77,31522,1476508801
80:1F:02:B6:E4:83,-82,-77,31582,1476508861
80:1F:02:B6:E4:83,-82,-77,31642,1476508921
80:1F:02:B6:E4:83,-83,-77,31705,1476508984
80:1F:02:B6:E4:83,-82,-77,31765,1476509044
80:1F:02:B6:E4:83,-82,-77,31825,1476509104
80:1F:02:B6:E4:83,-82,-77,31885,1476509164
80:1F:02:B6:E4:83,-82,-77,31945,1476509224
80:1F:02:B6:E4:83,-82,-77,32008,1476509287
80:1F:02:B6:E4:83,-82,-77,32068,1476509347
80:1F:02:B6:E4:83,-82,-77,32128,1476509407
80:1F:02:B6:E4:83,-83,-77,32188,1476509467
80:1F:02:B6:E4:83,-82,-77,32248,1476509527
80:1F:02:B6:E4:83,-82,-77,32308,1476509587
80:1F:02:B6:E4:83,-82,-77,32368,1476509647
80:1F:02:B6:E4:83,-83,-77,32428,1476509707
80:1F:02:B6:E4:83,-82,-77,32488,1476509767
80:1F:02:B6:E4:83,-82,-77,32551,1476509830
80:1F:02:B6:E4:83,-82,-77,32611,1476509890
80:1F:02:B6:E4:83,-82,-77,32671,1476509950
80:1F:02:B6:E4:83,-82,-77,32731,1476510010
80:1F:02:B6:E4:83,-82,-77,32791,1476510070
80:1F:02:B6:E4:83,-82,-77,32854,1476510133
80:1F:02:B6:E4:83,-82,-77,32914,1476510193
80:1F:02:B6:E4:83,-82,-77,32974,1476510253
80:1F:02:B6:E4:83,-82,-77,33034,1476510313
80:1F:02:B6:E4:83,-82,-77,33094,1476510373
80:1F:02:B6:E4:83,-82,-77,33157,1476510437
80:1F:02:B6:E4:83,-82,-77,33217,1476510497
80:1F:02:B6:E4:83,-82,-77,33277,1476510557
80:1F:02:B6:E4:83,-82,-76,33337,1476510617
80:1F:02:B6:E4:83,-82,-77,33397,1476510677
80:1F:02:B6:E4:83,-82,-77,33460,1476510740
80:1F:02:B6:E4:83,-81,-76,33520,1476510800
80:1F:02:B6:E4:83,-82,-77,33580,1476510860
80:1F:02:B6:E4:83,-82,-77,33641,1476510920
80:1F:02:B6:E4:83,-82,-77,33701,1476510980
80:1F:02:B6:E4:83,-81,-77,33794,1476511073
80:1F:02:B6:E4:83,-82,-76,33854,1476511133
80:1F:02:B6:E4:83,-82,-77,33914,1476511193
80:1F:02:B6:E4:83,-82,-77,33974,1476511253
80:1F:02:B6:E4:83,-81,-76,34034,1476511313
80:1F:02:B6:E4:83,-82,-77,34094,1476511373
80:1F:02:B6:E4:83,-82,-77,34154,1476511433
80:1F:02:B6:E4:83,-82,-77,34214,1476511493
80:1F:02:B6:E4:83,-82,-77,34274,1476511553
80:1F:02:B6:E4:83,-82,-77,34337,1476511616
80:1F:02:B6:E4:83,-82,-77,34397,1476511676
80:1F:02:B6:E4:83,-81,-77,34457,1476511736
80:1F:02:B6:E4:83,-82,-77,34517,1476511796
80:1F:02:B6:E4:83,-82,-77,34577,1476511856
80:1F:02:B6:E4:83,-82,-77,34640,1476511919
80:1F:02:B6:E4:83,-82,-77,34700,1476511979
80:1F:02:B6:E4:83,-82,-77,34760,1476512039
80:1F:02:B6:E4:83,-82,-77,34820,1476512099
80:1F:02:B6:E4:83,-82,-77,34880,1476512159
80:1F:02:B6:E4:83,-82,-76,34943,1476512222
80:1F:02:B6:E4:83,-82,-77,35003,1476512282
80:1F:02:B6:E4:83,-82,-77,35063,1476512342
80:1F:02:B6:E4:83,-82,-77,35123,1476512402
80:1F:02:B6:E4:83,-82,-77,35183,1476512462
80:1F:02:B6:E4:83,-82,-77,35246,1476512526
80:1F:02:B6:E4:83,-83,-77,35306,1476512586
80:1F:02:B6:E4:83,-81,-77,35366,1476512646
80:1F:02:B6:E4:83,-82,-77,35426,1476512706
80:1F:02:B6:E4:83,-82,-77,35486,1476512766
80:1F:02:B6:E4:83,-81,-77,35578,1476512858
80:1F:02:B6:E4:83,-82,-77,35639,1476512918
80:1F:02:B6:E4:83,-82,-77,35699,1476512978
80:1F:02:B6:E4:83,-82,-77,35759,1476513038
80:1F:02:B6:E4:83,-82,-77,35819,1476513098
80:1F:02:B6:E4:83,-82,-77,35879,1476513158
80:1F:02:B6:E4:83,-82,-76,35939,1476513218
80:1F:02:B6:E4:83,-82,-77,35999,1476513278
80:1F:02:B6:E4:83,-82,-77,36059,1476513338
80:1F:02:B6:E4:83,-82,-77,36122,1476513401
80:1F:02:B6:E4:83,-82,-77,36182,1476513461
80:1F:02:B6:E4:83,-82,-77,36242,1476513521
80:1F:02:B6:E4:83,-82,-77,36302,1476513581
80:1F:02:B6:E4:83,-82,-77,36362,1476513641
80:1F:02:B6:E4:83,-81,-77,36425,1476513704
80:1F:02:B6:E4:83,-82,-77,36485,1476513764
80:1F:02:B6:E4:83,-82,-77,36545,1476513824
80:1F:02:B6:E4:83,-82,-77,36605,1476513884
80:1F:02:B6:E4:83,-82,-77,36665,1476513944
80:1F:02:B6:E4:83,-82,-77,36728,1476514007
80:1F:02:B6:E4:83,-82,-77,36788,1476514067
80:1F:02:B6:E4:83,-82,-76,36848,1476514127
80:1F:02:B6:E4:83,-82,-77,36908,1476514187
80:1F:02:B6:E4:83,-82,-77,36968,1476514247
80:1F:02:B6:E4:83,-82,-77,37031,1476514310
80:1F:02:B6:E4:83,-83,-77,37091,1476514370
80:1F:02:B6:E4:83,-82,-77,37151,1476514430
80:1F:02:B6:E4:83,-82,-77,37211,1476514490
80:1F:02:B6:E4:83,-81,-76,37271,1476514550
80:1F:02:B6:E4:83,-82,-77,37334,1476514613
80:1F:02:B6:E4:83,-82,-77,37394,1476514673
80:1F:02:B6:E4:83,-83,-77,37454,1476514733
80:1F:02:B6:E4:83,-82,-77,37514,1476514793
80:1F:02:B6:E4:83,-82,-77,37574,1476514853
80:1F:02:B6:E4:83,-81,-77,37634,1476514913
80:1F:02:B6:E4:83,-82,-77,37694,1476514973
80:1F:02:B6:E4:83,-81,-76,37754,1476515033
80:1F:02:B6:E4:83,-82,-77,37814,1476515093
80:1F:02:B6:E4:83,-83,-77,37877,1476515156
80:1F:02:B6:E4:83,-81,-75,37937,1476515216
80:1F:02:B6:E4:83,-82,-77,37997,1476515276
80:1F:02:B6:E4:83,-82,-77,38057,1476515336
80:1F:02:B6:E4:83,-82,-77,38117,1476515396
80:1F:02:B6:E4:83,-82,-77,38181,1476515460
80:1F:02:B6:E4:83,-82,-77,38241,1476515520
80:1F:02:B6:E4:83,-83,-77,38301,1476515580
80:1F:02:B6:E4:83,-82,-77,38361,1476515640
80:1F:02:B6:E4:83,-82,-77,38421,1476515700
80:1F:02:B6:E4:83,-82,-77,38514,1476515793
80:1F:02:B6:E4:83,-82,-76,38574,1476515853
80:1F:02:B6:E4:83,-82,-77,38634,1476515913
80:1F:02:B6:E4:83,-82,-77,38694,1476515973
80:1F:02:B6:E4:83,-82,-77,38754,1476516033
80:1F:02:B6:E4:83,-82,-77,38817,1476516096
80:1F:02:B6:E4:83,-82,-77,38877,1476516156
80:1F:02:B6:E4:83,-82,-77,38937,1476516216
80:1F:02:B6:E4:83,-82,-77,38997,1476516276
80:1F:02:B6:E4:83,-82,-77,39057,1476516336
80:1F:02:B6:E4:83,-82,-77,39120,1476516399
80:1F:02:B6:E4:83,-82,-77,39180,1476516459
80:1F:02:B6:E4:83,-82,-77,39240,1476516519
80:1F:02:B6:E4:83,-82,-77,39300,1476516579
80:1F:02:B6:E4:83,-82,-77,39360,1476516639
80:1F:02:B6:E4:83,-82,-77,39420,1476516699
80:1F:02:B6:E4:83,-82,-77,39480,1476516759
80:1F:02:B6:E4:83,-82,-77,39540,1476516819
80:1F:02:B6:E4:83,-82,-77,39600,1476516879
80:1F:02:B6:E4:83,-82,-77,39663,1476516942
80:1F:02:B6:E4:83,-82,-77,39723,1476517002
80:1F:02:B6:E4:83,-81,-77,39783,1476517062
80:1F:02:B6:E4:83,-82,-77,39843,1476517122
80:1F:02:B6:E4:83,-82,-77,39903,1476517182
80:1F:02:B6:E4:83,-82,-77,39966,1476517246
80:1F:02:B6:E4:83,-82,-76,40026,1476517306
80:1F:02:B6:E4:83,-82,-77,40086,1476517366
80:1F:02:B6:E4:83,-83,-77,40146,1476517426
80:1F:02:B6:E4:83,-82,-77,40206,1476517486
80:1F:02:B6:E4:83,-82,-77,40269,1476517549
80:1F:02:B6:E4:83,-82,-76,40329,1476517609
80:1F:02:B6:E4:83,-82,-77,40389,1476517669
80:1F:02:B6:E4:83,-82,-77,40449,1476517729
80:1F:02:B6:E4:83,-82,-77,40509,1476517789
80:1F:02:B6:E4:83,-82,-77,40602,1476517881
80:1F:02:B6:E4:83,-82,-76,40662,1476517941
80:1F:02:B6:E4:83,-81,-77,40722,1476518001
80:1F:02:B6:E4:83,-82,-77,40782,1476518061
80:1F:02:B6:E4:83,-82,-77,40842,1476518121
80:1F:02:B6:E4:83,-82,-77,40905,1476518184
80:1F:02:B6:E4:83,-82,-77,40965,1476518244
80:1F:02:B6:E4:83,-82,-77,41025,1476518304
80:1F:02:B6:E4:83,-82,-77,41085,1476518364
80:1F:02:B6:E4:83,-82,-77,41145,1476518424
80:1F:02:B6:E4:83,-82,-76,41205,1476518484
80:1F:02:B6:E4:83,-82,-77,41265,1476518544
80:1F:02:B6:E4:83,-82,-76,41325,1476518604
80:1F:02:B6:E4:83,-82,-77,41385,1476518664
80:1F:02:B6:E4:83,-81,-76,41448,1476518727
80:1F:02:B6:E4:83,-82,-77,41508,1476518787
80:1F:02:B6:E4:83,-82,-77,41568,1476518847
80:1F:02:B6:E4:83,-82,-77,41628,1476518907
80:1F:02:B6:E4:83,-82,-77,41688,1476518967
80:1F:02:B6:E4:83,-82,-76,41751,1476519030
80:1F:02:B6:E4:83,-82,-77,41811,1476519090
80:1F:02:B6:E4:83,-82,-77,41871,1476519150
80:1F:02:B6:E4:83,-82,-77,41931,1476519210
80:1F:02:B6:E4:83,-82,-77,41991,1476519270
80:1F:02:B6:E4:83,-82,-77,42054,1476519333
80:1F:02:B6:E4:83,-82,-77,42114,1476519393
80:1F:02:B6:E4:83,-82,-77,42174,1476519453
80:1F:02:B6:E4:83,-82,-77,42234,1476519513
80:1F:02:B6:E4:83,-82,-77,42294,1476519573
