Client_MAC,Rssi0,Rssi1,Connection_Time,EpocTIME
80:1F:02:B6:E4:83,-79,-81,107,1476477386
80:1F:02:B6:E4:83,-89,-86,167,1476477446
80:1F:02:B6:E4:83,-87,-82,227,1476477506
80:1F:02:B6:E4:83,-80,-77,287,1476477566
80:1F:02:B6:E4:83,-87,-82,347,1476477626
80:1F:02:B6:E4:83,-88,-82,410,1476477689
80:1F:02:B6:E4:83,-89,-83,470,1476477749
80:1F:02:B6:E4:83,-88,-81,530,1476477809
80:1F:02:B6:E4:83,-88,-82,590,1476477869
80:1F:02:B6:E4:83,-87,-82,650,1476477929
80:1F:02:B6:E4:83,-87,-82,743,1476478023
80:1F:02:B6:E4:83,-88,-82,803,1476478083
80:1F:02:B6:E4:83,-87,-81,863,1476478143
80:1F:02:B6:E4:83,-80,-78,923,1476478203
80:1F:02:B6:E4:83,-80,-78,983,1476478263
80:1F:02:B6:E4:83,-80,-77,1046,1476478326
80:1F:02:B6:E4:83,-81,-78,1106,1476478386
80:1F:02:B6:E4:83,-80,-78,1166,1476478446
80:1F:02:B6:E4:83,-81,-78,1226,1476478506
80:1F:02:B6:E4:83,-80,-78,1286,1476478566
80:1F:02:B6:E4:83,-81,-78,1349,1476478629
80:1F:02:B6:E4:83,-80,-78,1409,1476478689
80:1F:02:B6:E4:83,-81,-78,1469,1476478749
80:1F:02:B6:E4:83,-80,-78,1529,1476478809
80:1F:02:B6:E4:83,-79,-77,1589,1476478869
80:1F:02:B6:E4:83,-80,-77,1652,1476478932
80:1F:02:B6:E4:83,-80,-78,1712,1476478992
80:1F:02:B6:E4:83,-81,-78,1772,1476479052
80:1F:02:B6:E4:83,-80,-78,1832,1476479112
80:1F:02:B6:E4:83,-80,-78,1892,1476479172
80:1F:02:B6:E4:83,-80,-77,1952,1476479232
80:1F:02:B6:E4:83,-81,-78,2012,1476479292
80:1F:02:B6:E4:83,-81,-78,2072,1476479352
80:1F:02:B6:E4:83,-80,-78,2132,1476479412
80:1F:02:B6:E4:83,-80,-77,2195,1476479475
80:1F:02:B6:E4:83,-80,-78,2255,1476479535
80:1F:02:B6:E4:83,-80,-77,2315,1476479595
80:1F:02:B6:E4:83,-81,-78,2375,1476479655
80:1F:02:B6:E4:83,-80,-78,2435,1476479715
80:1F:02:B6:E4:83,-79,-77,2499,1476479778
80:1F:02:B6:E4:83,-80,-77,2559,1476479838
80:1F:02:B6:E4:83,-80,-78,2619,1476479898
80:1F:02:B6:E4:83,-80,-78,2679,1476479958
80:1F:02:B6:E4:83,-80,-78,2739,1476480018
80:1F:02:B6:E4:83,-80,-78,2802,1476480081
80:1F:02:B6:E4:83,-81,-78,2862,1476480141
80:1F:02:B6:E4:83,-80,-78,2922,1476480201
80:1F:02:B6:E4:83,-80,-77,2982,1476480262
80:1F:02:B6:E4:83,-80,-78,3042,1476480322
80:1F:02:B6:E4:83,-80,-78,3105,1476480385
80:1F:02:B6:E4:83,-80,-78,3165,1476480445
80:1F:02:B6:E4:83,-80,-78,3225,1476480505
80:1F:02:B6:E4:83,-80,-77,3285,1476480565
80:1F:02:B6:E4:83,-80,-77,3345,1476480625
80:1F:02:B6:E4:83,-80,-78,3438,1476480717
80:1F:02:B6:E4:83,-80,-78,3498,1476480777
80:1F:02:B6:E4:83,-80,-77,3558,1476480837
80:1F:02:B6:E4:83,-81,-78,3618,1476480897
80:1F:02:B6:E4:83,-80,-77,3678,1476480957
80:1F:02:B6:E4:83,-80,-78,3738,1476481017
80:1F:02:B6:E4:83,-80,-78,3798,1476481077
80:1F:02:B6:E4:83,-80,-77,3858,1476481137
80:1F:02:B6:E4:83,-80,-77,3918,1476481197
80:1F:02:B6:E4:83,-81,-77,3981,1476481260
A4:77:33:F9:1D:EC,-80,-84,55,1476481260
80:1F:02:B6:E4:83,-81,-79,4041,1476481320
A4:77:33:F9:1D:EC,-80,-84,115,1476481320
80:1F:02:B6:E4:83,-80,-80,4101,1476481380
A4:77:33:F9:1D:EC,-79,-84,175,1476481380
80:1F:02:B6:E4:83,-80,-79,4161,1476481440
A4:77:33:F9:1D:EC,-80,-85,235,1476481440
80:1F:02:B6:E4:83,-84,-83,4221,1476481500
A4:77:33:F9:1D:EC,-80,-83,295,1476481500
80:1F:02:B6:E4:83,-80,-76,4284,1476481563
A4:77:33:F9:1D:EC,-80,-88,358,1476481563
80:1F:02:B6:E4:83,-81,-76,4344,1476481623
A4:77:33:F9:1D:EC,-79,-87,418,1476481623
80:1F:02:B6:E4:83,-80,-80,4404,1476481683
A4:77:33:F9:1D:EC,-80,-85,478,1476481683
80:1F:02:B6:E4:83,-83,-81,4464,1476481743
A4:77:33:F9:1D:EC,-80,-86,538,1476481743
80:1F:02:B6:E4:83,-81,-80,4524,1476481803
A4:77:33:F9:1D:EC,-80,-85,598,1476481803
80:1F:02:B6:E4:83,-82,-81,4587,1476481866
A4:77:33:F9:1D:EC,-81,-84,661,1476481866
80:1F:02:B6:E4:83,-86,-87,4647,1476481926
A4:77:33:F9:1D:EC,-81,-86,721,1476481926
80:1F:02:B6:E4:83,-83,-81,4707,1476481986
A4:77:33:F9:1D:EC,-81,-84,781,1476481986
80:1F:02:B6:E4:83,-82,-80,4767,1476482046
A4:77:33:F9:1D:EC,-83,-84,841,1476482046
80:1F:02:B6:E4:83,-81,-79,4827,1476482106
A4:77:33:F9:1D:EC,-80,-85,901,1476482106
80:1F:02:B6:E4:83,-81,-79,4921,1476482201
80:1F:02:B6:E4:83,-81,-80,4981,1476482261
80:1F:02:B6:E4:83,-81,-79,5041,1476482321
80:1F:02:B6:E4:83,-81,-79,5101,1476482381
80:1F:02:B6:E4:83,-82,-79,5161,1476482441
80:1F:02:B6:E4:83,-81,-80,5224,1476482504
80:1F:02:B6:E4:83,-82,-80,5284,1476482564
80:1F:02:B6:E4:83,-82,-80,5344,1476482624
80:1F:02:B6:E4:83,-82,-82,5404,1476482684
80:1F:02:B6:E4:83,-81,-80,5471,1476482750
80:1F:02:B6:E4:83,-82,-80,5531,1476482810
80:1F:02:B6:E4:83,-81,-79,5591,1476482870
80:1F:02:B6:E4:83,-81,-80,5651,1476482930
80:1F:02:B6:E4:83,-82,-80,5711,1476482990
80:1F:02:B6:E4:83,-82,-80,5774,1476483053
80:1F:02:B6:E4:83,-81,-80,5834,1476483113
80:1F:02:B6:E4:83,-82,-81,5894,1476483173
80:1F:02:B6:E4:83,-82,-80,5954,1476483233
80:1F:02:B6:E4:83,-81,-80,6014,1476483293
80:1F:02:B6:E4:83,-81,-79,6107,1476483387
80:1F:02:B6:E4:83,-81,-80,6167,1476483447
80:1F:02:B6:E4:83,-81,-81,6227,1476483507
80:1F:02:B6:E4:83,-81,-80,6287,1476483567
80:1F:02:B6:E4:83,-82,-81,6347,1476483627
80:1F:02:B6:E4:83,-81,-79,6410,1476483690
80:1F:02:B6:E4:83,-81,-80,6470,1476483750
80:1F:02:B6:E4:83,-81,-79,6530,1476483810
80:1F:02:B6:E4:83,-80,-80,6590,1476483870
80:1F:02:B6:E4:83,-81,-80,6650,1476483930
80:1F:02:B6:E4:83,-79,-79,6713,1476483993
80:1F:02:B6:E4:83,-80,-79,6773,1476484053
80:1F:02:B6:E4:83,-80,-79,6833,1476484113
80:1F:02:B6:E4:83,-80,-79,6893,1476484173
80:1F:02:B6:E4:83,-81,-79,6953,1476484233
80:1F:02:B6:E4:83,-81,-79,7016,1476484296
80:1F:02:B6:E4:83,-80,-79,7076,1476484356
80:1F:02:B6:E4:83,-80,-79,7136,1476484416
80:1F:02:B6:E4:83,-83,-84,7196,1476484476
80:1F:02:B6:E4:83,-81,-81,7263,1476484542
80:1F:02:B6:E4:83,-81,-81,7323,1476484602
80:1F:02:B6:E4:83,-83,-84,7383,1476484662
80:1F:02:B6:E4:83,-83,-84,7443,1476484722
80:1F:02:B6:E4:83,-82,-83,7503,1476484782
80:1F:02:B6:E4:83,-83,-84,7566,1476484846
80:1F:02:B6:E4:83,-82,-82,7626,1476484906
80:1F:02:B6:E4:83,-84,-84,7686,1476484966
80:1F:02:B6:E4:83,-80,-80,7746,1476485026
80:1F:02:B6:E4:83,-82,-84,7806,1476485086
80:1F:02:B6:E4:83,-82,-83,7869,1476485149
80:1F:02:B6:E4:83,-81,-80,7929,1476485209
80:1F:02:B6:E4:83,-81,-80,7989,1476485269
80:1F:02:B6:E4:83,-81,-79,8049,1476485329
80:1F:02:B6:E4:83,-81,-79,8109,1476485389
80:1F:02:B6:E4:83,-81,-80,8172,1476485452
80:1F:02:B6:E4:83,-82,-79,8232,1476485512
80:1F:02:B6:E4:83,-81,-80,8292,1476485572
80:1F:02:B6:E4:83,-81,-80,8352,1476485632
80:1F:02:B6:E4:83,-81,-79,8412,1476485692
80:1F:02:B6:E4:83,-81,-80,8476,1476485755
80:1F:02:B6:E4:83,-82,-80,8536,1476485815
80:1F:02:B6:E4:83,-81,-79,8596,1476485875
80:1F:02:B6:E4:83,-81,-79,8656,1476485935
80:1F:02:B6:E4:83,-81,-79,8716,1476485995
80:1F:02:B6:E4:83,-81,-80,8779,1476486058
80:1F:02:B6:E4:83,-81,-80,8839,1476486118
80:1F:02:B6:E4:83,-81,-80,8899,1476486178
80:1F:02:B6:E4:83,-81,-80,8959,1476486238
80:1F:02:B6:E4:83,-80,-79,9019,1476486298
80:1F:02:B6:E4:83,-80,-76,9079,1476486358
80:1F:02:B6:E4:83,-81,-76,9139,1476486418
80:1F:02:B6:E4:83,-81,-77,9199,1476486478
80:1F:02:B6:E4:83,-81,-76,9259,1476486538
80:1F:02:B6:E4:83,-81,-76,9322,1476486601
80:1F:02:B6:E4:83,-81,-77,9382,1476486661
80:1F:02:B6:E4:83,-81,-76,9442,1476486721
80:1F:02:B6:E4:83,-81,-77,9502,1476486781
80:1F:02:B6:E4:83,-81,-76,9562,1476486841
80:1F:02:B6:E4:83,-81,-76,9654,1476486934
80:1F:02:B6:E4:83,-81,-76,9714,1476486994
80:1F:02:B6:E4:83,-80,-76,9774,1476487054
80:1F:02:B6:E4:83,-81,-76,9834,1476487114
80:1F:02:B6:E4:83,-81,-76,9894,1476487174
80:1F:02:B6:E4:83,-80,-76,9957,1476487237
80:1F:02:B6:E4:83,-80,-77,10017,1476487297
80:1F:02:B6:E4:83,-81,-76,10077,1476487357
80:1F:02:B6:E4:83,-81,-77,10137,1476487417
80:1F:02:B6:E4:83,-81,-76,10197,1476487477
80:1F:02:B6:E4:83,-80,-76,10260,1476487540
80:1F:02:B6:E4:83,-81,-76,10320,1476487600
80:1F:02:B6:E4:83,-81,-76,10380,1476487660
80:1F:02:B6:E4:83,-81,-77,10440,1476487720
80:1F:02:B6:E4:83,-80,-76,10500,1476487780
80:1F:02:B6:E4:83,-80,-76,10564,1476487843
80:1F:02:B6:E4:83,-81,-77,10624,1476487903
80:1F:02:B6:E4:83,-80,-77,10684,1476487963
80:1F:02:B6:E4:83,-81,-77,10744,1476488023
80:1F:02:B6:E4:83,-80,-76,10804,1476488083
80:1F:02:B6:E4:83,-81,-77,10864,1476488143
80:1F:02:B6:E4:83,-81,-76,10924,1476488203
80:1F:02:B6:E4:83,-81,-76,10984,1476488263
80:1F:02:B6:E4:83,-81,-77,11044,1476488323
80:1F:02:B6:E4:83,-81,-77,11107,1476488386
80:1F:02:B6:E4:83,-81,-76,11167,1476488446
80:1F:02:B6:E4:83,-81,-76,11227,1476488506
80:1F:02:B6:E4:83,-81,-76,11287,1476488566
80:1F:02:B6:E4:83,-81,-77,11347,1476488627
80:1F:02:B6:E4:83,-81,-77,11410,1476488690
80:1F:02:B6:E4:83,-81,-77,11470,1476488750
80:1F:02:B6:E4:83,-81,-77,11530,1476488810
80:1F:02:B6:E4:83,-81,-77,11590,1476488870
80:1F:02:B6:E4:83,-80,-76,11650,1476488930
80:1F:02:B6:E4:83,-81,-76,11713,1476488993
80:1F:02:B6:E4:83,-81,-76,11773,1476489053
80:1F:02:B6:E4:83,-81,-77,11833,1476489113
80:1F:02:B6:E4:83,-80,-76,11893,1476489173
80:1F:02:B6:E4:83,-80,-76,11953,1476489233
80:1F:02:B6:E4:83,-81,-77,12016,1476489296
80:1F:02:B6:E4:83,-81,-77,12076,1476489356
80:1F:02:B6:E4:83,-81,-77,12136,1476489416
80:1F:02:B6:E4:83,-81,-77,12196,1476489476
80:1F:02:B6:E4:83,-80,-77,12256,1476489536
80:1F:02:B6:E4:83,-81,-77,12350,1476489630
80:1F:02:B6:E4:83,-81,-77,12410,1476489690
80:1F:02:B6:E4:83,-81,-77,12470,1476489750
80:1F:02:B6:E4:83,-81,-77,12530,1476489810
80:1F:02:B6:E4:83,-81,-77,12590,1476489870
80:1F:02:B6:E4:83,-81,-77,12650,1476489930
80:1F:02:B6:E4:83,-81,-77,12710,1476489990
80:1F:02:B6:E4:83,-81,-77,12770,1476490050
80:1F:02:B6:E4:83,-81,-77,12830,1476490110
80:1F:02:B6:E4:83,-81,-76,12923,1476490203
80:1F:02:B6:E4:83,-81,-77,12983,1476490263
80:1F:02:B6:E4:83,-81,-77,13043,1476490323
80:1F:02:B6:E4:83,-80,-76,13103,1476490383
80:1F:02:B6:E4:83,-81,-77,13163,1476490443
80:1F:02:B6:E4:83,-81,-76,13227,1476490507
80:1F:02:B6:E4:83,-81,-77,13287,1476490567
80:1F:02:B6:E4:83,-80,-77,13347,1476490627
80:1F:02:B6:E4:83,-81,-77,13407,1476490687
80:1F:02:B6:E4:83,-80,-76,13467,1476490747
80:1F:02:B6:E4:83,-81,-77,13530,1476490810
80:1F:02:B6:E4:83,-81,-77,13590,1476490870
80:1F:02:B6:E4:83,-80,-75,13650,1476490930
80:1F:02:B6:E4:83,-80,-77,13710,1476490990
80:1F:02:B6:E4:83,-81,-76,13770,1476491050
