Client_MAC,Rssi0,Rssi1,Connection_Time,EpocTime
A4:77:33:F9:1D:EC,-70,-67,14737,1476496895
A4:77:33:F9:1D:EC,-68,-68,14797,1476496955
A4:77:33:F9:1D:EC,-70,-67,14857,1476497015
A4:77:33:F9:1D:EC,-71,-67,14917,1476497075
A4:77:33:F9:1D:EC,-70,-67,14977,1476497135
A4:77:33:F9:1D:EC,-70,-67,15040,1476497198
A4:77:33:F9:1D:EC,-68,-67,15100,1476497258
A4:77:33:F9:1D:EC,-68,-67,15160,1476497318
A4:77:33:F9:1D:EC,-65,-67,15220,1476497378
A4:77:33:F9:1D:EC,-65,-67,15280,1476497438
A4:77:33:F9:1D:EC,-71,-67,15340,1476497498
A4:77:33:F9:1D:EC,-68,-67,15400,1476497558
A4:77:33:F9:1D:EC,-66,-67,15460,1476497618
A4:77:33:F9:1D:EC,-69,-67,15520,1476497678
A4:77:33:F9:1D:EC,-70,-67,15583,1476497741
A4:77:33:F9:1D:EC,-70,-67,15643,1476497801
A4:77:33:F9:1D:EC,-70,-67,15703,1476497861
A4:77:33:F9:1D:EC,-71,-67,15763,1476497921
A4:77:33:F9:1D:EC,-71,-67,15823,1476497981
A4:77:33:F9:1D:EC,-68,-67,15923,1476498081
A4:77:33:F9:1D:EC,-72,-67,15983,1476498141
A4:77:33:F9:1D:EC,-71,-67,16043,1476498201
A4:77:33:F9:1D:EC,-71,-67,16103,1476498261
A4:77:33:F9:1D:EC,-70,-67,16163,1476498321
A4:77:33:F9:1D:EC,-70,-67,16226,1476498384
A4:77:33:F9:1D:EC,-70,-67,16286,1476498444
A4:77:33:F9:1D:EC,-71,-68,16346,1476498504
A4:77:33:F9:1D:EC,-66,-67,16406,1476498564
A4:77:33:F9:1D:EC,-71,-67,16466,1476498624
A4:77:33:F9:1D:EC,-70,-67,16529,1476498687
A4:77:33:F9:1D:EC,-71,-67,16589,1476498747
A4:77:33:F9:1D:EC,-71,-67,16649,1476498807
A4:77:33:F9:1D:EC,-71,-67,16709,1476498867
A4:77:33:F9:1D:EC,-71,-67,16769,1476498927
A4:77:33:F9:1D:EC,-71,-68,16832,1476498991
A4:77:33:F9:1D:EC,-71,-68,16892,1476499051
A4:77:33:F9:1D:EC,-72,-69,16952,1476499111
A4:77:33:F9:1D:EC,-70,-67,17012,1476499171
A4:77:33:F9:1D:EC,-63,-67,17072,1476499231
A4:77:33:F9:1D:EC,-67,-67,17132,1476499291
A4:77:33:F9:1D:EC,-67,-67,17192,1476499351
A4:77:33:F9:1D:EC,-71,-68,17252,1476499411
A4:77:33:F9:1D:EC,-62,-67,17312,1476499471
A4:77:33:F9:1D:EC,-69,-67,17375,1476499534
A4:77:33:F9:1D:EC,-66,-67,17436,1476499594
A4:77:33:F9:1D:EC,-69,-67,17496,1476499654
A4:77:33:F9:1D:EC,-63,-67,17556,1476499714
A4:77:33:F9:1D:EC,-67,-67,17616,1476499774
A4:77:33:F9:1D:EC,-67,-67,17679,1476499837
A4:77:33:F9:1D:EC,-68,-67,17739,1476499897
A4:77:33:F9:1D:EC,-69,-67,17799,1476499957
A4:77:33:F9:1D:EC,-67,-66,17859,1476500017
A4:77:33:F9:1D:EC,-66,-68,17919,1476500077
A4:77:33:F9:1D:EC,-70,-67,18016,1476500174
A4:77:33:F9:1D:EC,-72,-68,18076,1476500234
A4:77:33:F9:1D:EC,-73,-68,18136,1476500294
A4:77:33:F9:1D:EC,-74,-68,18196,1476500354
A4:77:33:F9:1D:EC,-71,-67,18256,1476500414
A4:77:33:F9:1D:EC,-71,-67,18319,1476500477
A4:77:33:F9:1D:EC,-69,-67,18379,1476500537
A4:77:33:F9:1D:EC,-71,-67,18439,1476500597
A4:77:33:F9:1D:EC,-71,-67,18499,1476500657
A4:77:33:F9:1D:EC,-71,-67,18559,1476500717
A4:77:33:F9:1D:EC,-74,-68,18622,1476500780
A4:77:33:F9:1D:EC,-71,-67,18682,1476500840
A4:77:33:F9:1D:EC,-71,-67,18742,1476500900
A4:77:33:F9:1D:EC,-71,-67,18802,1476500960
A4:77:33:F9:1D:EC,-71,-67,18862,1476501020
A4:77:33:F9:1D:EC,-71,-67,18922,1476501080
A4:77:33:F9:1D:EC,-71,-67,18982,1476501140
A4:77:33:F9:1D:EC,-72,-67,19042,1476501200
A4:77:33:F9:1D:EC,-72,-68,19102,1476501260
A4:77:33:F9:1D:EC,-73,-69,19165,1476501323
A4:77:33:F9:1D:EC,-72,-68,19225,1476501383
A4:77:33:F9:1D:EC,-72,-68,19285,1476501443
A4:77:33:F9:1D:EC,-73,-69,19345,1476501503
A4:77:33:F9:1D:EC,-71,-67,19405,1476501563
A4:77:33:F9:1D:EC,-71,-67,19498,1476501656
A4:77:33:F9:1D:EC,-71,-67,19558,1476501716
A4:77:33:F9:1D:EC,-72,-68,19618,1476501776
A4:77:33:F9:1D:EC,-71,-67,19678,1476501836
A4:77:33:F9:1D:EC,-71,-67,19738,1476501896
A4:77:33:F9:1D:EC,-71,-67,19801,1476501959
A4:77:33:F9:1D:EC,-71,-67,19861,1476502019
A4:77:33:F9:1D:EC,-71,-67,19921,1476502079
A4:77:33:F9:1D:EC,-71,-67,19981,1476502139
A4:77:33:F9:1D:EC,-70,-68,20041,1476502199
A4:77:33:F9:1D:EC,-71,-68,20104,1476502262
A4:77:33:F9:1D:EC,-73,-61,20164,1476502322
A4:77:33:F9:1D:EC,-73,-69,20224,1476502382
A4:77:33:F9:1D:EC,-71,-67,20284,1476502442
A4:77:33:F9:1D:EC,-70,-67,20344,1476502502
A4:77:33:F9:1D:EC,-71,-67,20407,1476502565
A4:77:33:F9:1D:EC,-71,-67,20467,1476502625
A4:77:33:F9:1D:EC,-71,-67,20527,1476502685
A4:77:33:F9:1D:EC,-70,-68,20587,1476502745
A4:77:33:F9:1D:EC,-71,-67,20647,1476502805
A4:77:33:F9:1D:EC,-71,-67,20707,1476502865
A4:77:33:F9:1D:EC,-70,-67,20767,1476502925
A4:77:33:F9:1D:EC,-71,-67,20827,1476502985
A4:77:33:F9:1D:EC,-71,-67,20887,1476503045
A4:77:33:F9:1D:EC,-71,-67,20950,1476503108
A4:77:33:F9:1D:EC,-72,-67,21010,1476503168
A4:77:33:F9:1D:EC,-71,-67,21070,1476503228
A4:77:33:F9:1D:EC,-71,-67,21130,1476503288
A4:77:33:F9:1D:EC,-71,-67,21190,1476503348
A4:77:33:F9:1D:EC,-71,-67,21253,1476503411
A4:77:33:F9:1D:EC,-71,-67,21313,1476503471
A4:77:33:F9:1D:EC,-71,-67,21373,1476503531
A4:77:33:F9:1D:EC,-71,-67,21433,1476503591
A4:77:33:F9:1D:EC,-74,-68,21493,1476503651
A4:77:33:F9:1D:EC,-73,-68,21586,1476503744
A4:77:33:F9:1D:EC,-73,-68,21646,1476503804
A4:77:33:F9:1D:EC,-74,-68,21706,1476503864
A4:77:33:F9:1D:EC,-73,-68,21766,1476503924
A4:77:33:F9:1D:EC,-74,-69,21826,1476503984
A4:77:33:F9:1D:EC,-71,-67,21889,1476504047
A4:77:33:F9:1D:EC,-71,-67,21949,1476504107
A4:77:33:F9:1D:EC,-73,-69,22009,1476504167
A4:77:33:F9:1D:EC,-74,-68,22069,1476504227
A4:77:33:F9:1D:EC,-74,-69,22129,1476504287
A4:77:33:F9:1D:EC,-72,-68,22192,1476504351
A4:77:33:F9:1D:EC,-71,-67,22252,1476504411
A4:77:33:F9:1D:EC,-71,-67,22312,1476504471
A4:77:33:F9:1D:EC,-71,-67,22372,1476504531
A4:77:33:F9:1D:EC,-72,-68,22439,1476504597
A4:77:33:F9:1D:EC,-74,-68,22499,1476504657
A4:77:33:F9:1D:EC,-74,-68,22559,1476504717
A4:77:33:F9:1D:EC,-74,-69,22619,1476504777
A4:77:33:F9:1D:EC,-75,-70,22679,1476504837
A4:77:33:F9:1D:EC,-74,-69,22742,1476504900
A4:77:33:F9:1D:EC,-75,-71,22802,1476504960
A4:77:33:F9:1D:EC,-73,-68,22862,1476505020
A4:77:33:F9:1D:EC,-73,-68,22922,1476505080
A4:77:33:F9:1D:EC,-73,-68,22982,1476505140
A4:77:33:F9:1D:EC,-73,-69,23074,1476505232
A4:77:33:F9:1D:EC,-73,-69,23134,1476505292
A4:77:33:F9:1D:EC,-74,-68,23194,1476505352
A4:77:33:F9:1D:EC,-73,-68,23254,1476505412
A4:77:33:F9:1D:EC,-73,-69,23314,1476505472
A4:77:33:F9:1D:EC,-73,-68,23377,1476505535
A4:77:33:F9:1D:EC,-73,-68,23437,1476505595
A4:77:33:F9:1D:EC,-74,-70,23497,1476505655
A4:77:33:F9:1D:EC,-75,-71,23557,1476505715
A4:77:33:F9:1D:EC,-75,-71,23617,1476505775
A4:77:33:F9:1D:EC,-75,-71,23680,1476505838
A4:77:33:F9:1D:EC,-73,-68,23740,1476505898
A4:77:33:F9:1D:EC,-74,-68,23800,1476505958
A4:77:33:F9:1D:EC,-74,-68,23860,1476506018
A4:77:33:F9:1D:EC,-74,-68,23920,1476506078
A4:77:33:F9:1D:EC,-73,-68,23983,1476506141
A4:77:33:F9:1D:EC,-73,-68,24043,1476506201
A4:77:33:F9:1D:EC,-73,-68,24103,1476506261
A4:77:33:F9:1D:EC,-73,-68,24163,1476506321
A4:77:33:F9:1D:EC,-73,-68,24230,1476506388
A4:77:33:F9:1D:EC,-73,-68,24290,1476506448
A4:77:33:F9:1D:EC,-73,-68,24350,1476506508
A4:77:33:F9:1D:EC,-74,-69,24410,1476506568
A4:77:33:F9:1D:EC,-73,-69,24470,1476506628
A4:77:33:F9:1D:EC,-73,-68,24533,1476506691
A4:77:33:F9:1D:EC,-73,-69,24593,1476506751
A4:77:33:F9:1D:EC,-73,-68,24653,1476506811
A4:77:33:F9:1D:EC,-73,-69,24713,1476506871
A4:77:33:F9:1D:EC,-73,-68,24773,1476506931
A4:77:33:F9:1D:EC,-73,-68,24836,1476506994
A4:77:33:F9:1D:EC,-73,-68,24896,1476507054
A4:77:33:F9:1D:EC,-73,-69,24956,1476507114
A4:77:33:F9:1D:EC,-73,-68,25016,1476507174
A4:77:33:F9:1D:EC,-73,-69,25076,1476507234
A4:77:33:F9:1D:EC,-73,-69,25139,1476507297
A4:77:33:F9:1D:EC,-73,-68,25199,1476507357
A4:77:33:F9:1D:EC,-73,-69,25259,1476507417
A4:77:33:F9:1D:EC,-74,-70,25319,1476507477
A4:77:33:F9:1D:EC,-74,-70,25379,1476507537
A4:77:33:F9:1D:EC,-74,-70,25442,1476507600
A4:77:33:F9:1D:EC,-73,-69,25502,1476507660
A4:77:33:F9:1D:EC,-73,-68,25562,1476507720
A4:77:33:F9:1D:EC,-74,-68,25622,1476507780
A4:77:33:F9:1D:EC,-74,-68,25682,1476507840
A4:77:33:F9:1D:EC,-74,-68,25745,1476507903
A4:77:33:F9:1D:EC,-73,-69,25805,1476507963
A4:77:33:F9:1D:EC,-74,-68,25865,1476508023
A4:77:33:F9:1D:EC,-73,-68,25925,1476508083
A4:77:33:F9:1D:EC,-71,-67,25985,1476508143
A4:77:33:F9:1D:EC,-71,-67,26045,1476508203
A4:77:33:F9:1D:EC,-73,-68,26105,1476508263
A4:77:33:F9:1D:EC,-73,-69,26165,1476508323
A4:77:33:F9:1D:EC,-73,-68,26225,1476508383
A4:77:33:F9:1D:EC,-73,-68,26288,1476508446
A4:77:33:F9:1D:EC,-73,-68,26348,1476508506
A4:77:33:F9:1D:EC,-73,-69,26408,1476508566
A4:77:33:F9:1D:EC,-73,-69,26468,1476508626
A4:77:33:F9:1D:EC,-73,-69,26528,1476508686
A4:77:33:F9:1D:EC,-73,-68,26591,1476508749
A4:77:33:F9:1D:EC,-73,-68,26651,1476508809
A4:77:33:F9:1D:EC,-73,-68,26711,1476508869
A4:77:33:F9:1D:EC,-73,-68,26771,1476508929
A4:77:33:F9:1D:EC,-73,-69,26831,1476508989
A4:77:33:F9:1D:EC,-74,-69,26894,1476509052
A4:77:33:F9:1D:EC,-73,-69,26954,1476509112
A4:77:33:F9:1D:EC,-73,-68,27014,1476509172
A4:77:33:F9:1D:EC,-75,-71,27074,1476509232
A4:77:33:F9:1D:EC,-73,-69,27134,1476509292
A4:77:33:F9:1D:EC,-74,-69,27197,1476509355
A4:77:33:F9:1D:EC,-73,-68,27257,1476509415
A4:77:33:F9:1D:EC,-73,-68,27317,1476509475
A4:77:33:F9:1D:EC,-74,-68,27377,1476509535
A4:77:33:F9:1D:EC,-74,-69,27437,1476509595
A4:77:33:F9:1D:EC,-73,-68,27530,1476509688
A4:77:33:F9:1D:EC,-73,-68,27590,1476509748
A4:77:33:F9:1D:EC,-74,-69,27650,1476509808
A4:77:33:F9:1D:EC,-73,-69,27710,1476509868
A4:77:33:F9:1D:EC,-73,-68,27770,1476509928
A4:77:33:F9:1D:EC,-74,-70,27830,1476509988
A4:77:33:F9:1D:EC,-75,-71,27890,1476510048
A4:77:33:F9:1D:EC,-73,-68,27950,1476510108
A4:77:33:F9:1D:EC,-73,-68,28010,1476510168
A4:77:33:F9:1D:EC,-74,-68,28103,1476510261
A4:77:33:F9:1D:EC,-73,-68,28163,1476510321
A4:77:33:F9:1D:EC,-73,-68,28223,1476510381
A4:77:33:F9:1D:EC,-73,-68,28283,1476510441
A4:77:33:F9:1D:EC,-73,-68,28343,1476510501
A4:77:33:F9:1D:EC,-73,-68,28406,1476510564
A4:77:33:F9:1D:EC,-73,-68,28466,1476510624
A4:77:33:F9:1D:EC,-73,-69,28526,1476510684
A4:77:33:F9:1D:EC,-74,-69,28586,1476510745
A4:77:33:F9:1D:EC,-74,-69,28646,1476510805
A4:77:33:F9:1D:EC,-74,-70,28709,1476510868
A4:77:33:F9:1D:EC,-75,-70,28769,1476510928
A4:77:33:F9:1D:EC,-73,-68,28829,1476510988
A4:77:33:F9:1D:EC,-73,-69,28889,1476511048
A4:77:33:F9:1D:EC,-73,-68,28949,1476511108
