Client_MAC,Rssi0,Rssi1,Connection_Time,EpocTime
A4:77:33:F9:1D:EC,-71,-67,23823,1476539992
A4:77:33:F9:1D:EC,-71,-67,23883,1476540052
A4:77:33:F9:1D:EC,-71,-68,23943,1476540112
A4:77:33:F9:1D:EC,-69,-67,24003,1476540172
A4:77:33:F9:1D:EC,-70,-66,24063,1476540232
A4:77:33:F9:1D:EC,-70,-66,24123,1476540292
A4:77:33:F9:1D:EC,-70,-66,24183,1476540352
A4:77:33:F9:1D:EC,-70,-66,24243,1476540412
A4:77:33:F9:1D:EC,-71,-67,24303,1476540472
A4:77:33:F9:1D:EC,-73,-70,24396,1476540565
A4:77:33:F9:1D:EC,-71,-68,24456,1476540625
A4:77:33:F9:1D:EC,-71,-68,24516,1476540685
A4:77:33:F9:1D:EC,-70,-69,24576,1476540745
A4:77:33:F9:1D:EC,-70,-68,24636,1476540805
A4:77:33:F9:1D:EC,-71,-68,24699,1476540868
A4:77:33:F9:1D:EC,-70,-68,24759,1476540928
A4:77:33:F9:1D:EC,-70,-69,24819,1476540988
A4:77:33:F9:1D:EC,-70,-68,24879,1476541048
A4:77:33:F9:1D:EC,-70,-69,24939,1476541108
A4:77:33:F9:1D:EC,-70,-69,25002,1476541171
A4:77:33:F9:1D:EC,-71,-68,25062,1476541231
A4:77:33:F9:1D:EC,-71,-68,25122,1476541291
A4:77:33:F9:1D:EC,-71,-68,25182,1476541351
A4:77:33:F9:1D:EC,-72,-68,25242,1476541411
A4:77:33:F9:1D:EC,-70,-68,25305,1476541474
A4:77:33:F9:1D:EC,-68,-67,25365,1476541534
A4:77:33:F9:1D:EC,-71,-68,25425,1476541594
A4:77:33:F9:1D:EC,-71,-69,25485,1476541654
A4:77:33:F9:1D:EC,-71,-69,25545,1476541714
A4:77:33:F9:1D:EC,-72,-70,25608,1476541777
A4:77:33:F9:1D:EC,-73,-71,25668,1476541837
A4:77:33:F9:1D:EC,-72,-72,25728,1476541897
A4:77:33:F9:1D:EC,-71,-68,25788,1476541957
A4:77:33:F9:1D:EC,-71,-68,25848,1476542017
A4:77:33:F9:1D:EC,-71,-70,25908,1476542077
A4:77:33:F9:1D:EC,-71,-69,25968,1476542137
A4:77:33:F9:1D:EC,-70,-69,26028,1476542197
A4:77:33:F9:1D:EC,-70,-68,26089,1476542257
A4:77:33:F9:1D:EC,-71,-69,26152,1476542320
A4:77:33:F9:1D:EC,-71,-70,26212,1476542380
A4:77:33:F9:1D:EC,-71,-70,26272,1476542440
A4:77:33:F9:1D:EC,-70,-70,26332,1476542500
A4:77:33:F9:1D:EC,-71,-69,26392,1476542560
A4:77:33:F9:1D:EC,-71,-70,26455,1476542624
A4:77:33:F9:1D:EC,-70,-70,26515,1476542684
A4:77:33:F9:1D:EC,-70,-70,26575,1476542744
A4:77:33:F9:1D:EC,-70,-70,26635,1476542804
A4:77:33:F9:1D:EC,-70,-70,26695,1476542864
A4:77:33:F9:1D:EC,-71,-70,26758,1476542927
A4:77:33:F9:1D:EC,-70,-69,26818,1476542987
A4:77:33:F9:1D:EC,-70,-69,26878,1476543047
A4:77:33:F9:1D:EC,-70,-70,26938,1476543107
A4:77:33:F9:1D:EC,-71,-70,26998,1476543167
A4:77:33:F9:1D:EC,-68,-69,27061,1476543230
A4:77:33:F9:1D:EC,-68,-69,27121,1476543290
A4:77:33:F9:1D:EC,-68,-69,27181,1476543350
A4:77:33:F9:1D:EC,-68,-68,27241,1476543410
A4:77:33:F9:1D:EC,-69,-71,27301,1476543470
A4:77:33:F9:1D:EC,-69,-72,27364,1476543533
A4:77:33:F9:1D:EC,-69,-72,27424,1476543593
A4:77:33:F9:1D:EC,-67,-68,27484,1476543653
A4:77:33:F9:1D:EC,-67,-68,27544,1476543713
A4:77:33:F9:1D:EC,-68,-70,27604,1476543773
A4:77:33:F9:1D:EC,-67,-70,27664,1476543833
A4:77:33:F9:1D:EC,-67,-69,27724,1476543893
A4:77:33:F9:1D:EC,-68,-70,27784,1476543953
A4:77:33:F9:1D:EC,-67,-70,27844,1476544013
A4:77:33:F9:1D:EC,-67,-70,27907,1476544076
A4:77:33:F9:1D:EC,-67,-70,27967,1476544136
A4:77:33:F9:1D:EC,-67,-70,28027,1476544196
A4:77:33:F9:1D:EC,-68,-68,28087,1476544256
A4:77:33:F9:1D:EC,-68,-69,28147,1476544316
A4:77:33:F9:1D:EC,-66,-69,28210,1476544379
A4:77:33:F9:1D:EC,-68,-70,28270,1476544439
A4:77:33:F9:1D:EC,-67,-70,28330,1476544499
A4:77:33:F9:1D:EC,-70,-65,28390,1476544559
A4:77:33:F9:1D:EC,-70,-66,28450,1476544619
A4:77:33:F9:1D:EC,-70,-65,28513,1476544682
A4:77:33:F9:1D:EC,-69,-65,28573,1476544742
A4:77:33:F9:1D:EC,-71,-66,28633,1476544802
A4:77:33:F9:1D:EC,-71,-66,28693,1476544862
A4:77:33:F9:1D:EC,-67,-68,28753,1476544922
A4:77:33:F9:1D:EC,-69,-66,28846,1476545015
A4:77:33:F9:1D:EC,-70,-66,28906,1476545075
A4:77:33:F9:1D:EC,-70,-66,28966,1476545135
A4:77:33:F9:1D:EC,-70,-66,29026,1476545195
A4:77:33:F9:1D:EC,-70,-67,29086,1476545255
A4:77:33:F9:1D:EC,-70,-66,29149,1476545318
A4:77:33:F9:1D:EC,-70,-66,29209,1476545378
A4:77:33:F9:1D:EC,-69,-66,29269,1476545438
A4:77:33:F9:1D:EC,-69,-66,29329,1476545498
A4:77:33:F9:1D:EC,-69,-66,29389,1476545558
A4:77:33:F9:1D:EC,-70,-66,29449,1476545618
A4:77:33:F9:1D:EC,-70,-66,29509,1476545678
A4:77:33:F9:1D:EC,-70,-66,29569,1476545738
A4:77:33:F9:1D:EC,-70,-66,29629,1476545798
A4:77:33:F9:1D:EC,-69,-67,29692,1476545861
A4:77:33:F9:1D:EC,-68,-69,29752,1476545921
A4:77:33:F9:1D:EC,-71,-67,29812,1476545981
A4:77:33:F9:1D:EC,-68,-71,29872,1476546041
A4:77:33:F9:1D:EC,-66,-69,29932,1476546101
A4:77:33:F9:1D:EC,-66,-69,30026,1476546195
A4:77:33:F9:1D:EC,-66,-69,30086,1476546255
A4:77:33:F9:1D:EC,-68,-68,30146,1476546315
A4:77:33:F9:1D:EC,-73,-64,30206,1476546375
A4:77:33:F9:1D:EC,-73,-65,30266,1476546435
A4:77:33:F9:1D:EC,-74,-65,30329,1476546498
A4:77:33:F9:1D:EC,-68,-68,30389,1476546558
A4:77:33:F9:1D:EC,-73,-66,30449,1476546618
A4:77:33:F9:1D:EC,-74,-65,30509,1476546678
A4:77:33:F9:1D:EC,-74,-65,30569,1476546738
A4:77:33:F9:1D:EC,-68,-68,30632,1476546801
A4:77:33:F9:1D:EC,-69,-70,30692,1476546861
A4:77:33:F9:1D:EC,-69,-71,30752,1476546921
A4:77:33:F9:1D:EC,-67,-67,30812,1476546981
A4:77:33:F9:1D:EC,-68,-68,30872,1476547041
A4:77:33:F9:1D:EC,-69,-68,30935,1476547104
A4:77:33:F9:1D:EC,-73,-65,30995,1476547164
A4:77:33:F9:1D:EC,-68,-68,31055,1476547224
A4:77:33:F9:1D:EC,-68,-68,31115,1476547284
A4:77:33:F9:1D:EC,-68,-68,31175,1476547344
A4:77:33:F9:1D:EC,-69,-68,31235,1476547404
A4:77:33:F9:1D:EC,-69,-68,31295,1476547464
A4:77:33:F9:1D:EC,-69,-68,31355,1476547524
A4:77:33:F9:1D:EC,-68,-68,31415,1476547584
A4:77:33:F9:1D:EC,-69,-68,31479,1476547647
A4:77:33:F9:1D:EC,-69,-68,31539,1476547707
A4:77:33:F9:1D:EC,-69,-69,31599,1476547767
A4:77:33:F9:1D:EC,-68,-68,31659,1476547827
A4:77:33:F9:1D:EC,-68,-68,31719,1476547887
A4:77:33:F9:1D:EC,-69,-68,31782,1476547950
A4:77:33:F9:1D:EC,-69,-68,31842,1476548010
A4:77:33:F9:1D:EC,-69,-68,31902,1476548070
A4:77:33:F9:1D:EC,-68,-68,31962,1476548130
A4:77:33:F9:1D:EC,-68,-68,32022,1476548190
A4:77:33:F9:1D:EC,-68,-68,32085,1476548254
A4:77:33:F9:1D:EC,-68,-68,32145,1476548314
A4:77:33:F9:1D:EC,-69,-69,32205,1476548374
A4:77:33:F9:1D:EC,-71,-68,32265,1476548434
A4:77:33:F9:1D:EC,-69,-71,32325,1476548494
A4:77:33:F9:1D:EC,-70,-71,32388,1476548557
A4:77:33:F9:1D:EC,-68,-70,32448,1476548617
A4:77:33:F9:1D:EC,-72,-66,32508,1476548677
A4:77:33:F9:1D:EC,-72,-66,32568,1476548737
A4:77:33:F9:1D:EC,-70,-70,32628,1476548797
A4:77:33:F9:1D:EC,-69,-70,32721,1476548890
A4:77:33:F9:1D:EC,-70,-70,32781,1476548950
A4:77:33:F9:1D:EC,-68,-69,32841,1476549010
A4:77:33:F9:1D:EC,-69,-69,32901,1476549070
A4:77:33:F9:1D:EC,-69,-70,32961,1476549130
A4:77:33:F9:1D:EC,-70,-71,33021,1476549190
A4:77:33:F9:1D:EC,-70,-71,33081,1476549250
A4:77:33:F9:1D:EC,-69,-70,33141,1476549310
A4:77:33:F9:1D:EC,-70,-70,33201,1476549370
A4:77:33:F9:1D:EC,-70,-69,33264,1476549433
A4:77:33:F9:1D:EC,-69,-69,33324,1476549493
A4:77:33:F9:1D:EC,-69,-69,33384,1476549553
A4:77:33:F9:1D:EC,-71,-69,33444,1476549613
A4:77:33:F9:1D:EC,-72,-69,33504,1476549673
A4:77:33:F9:1D:EC,-71,-69,33596,1476549765
A4:77:33:F9:1D:EC,-71,-70,33656,1476549825
A4:77:33:F9:1D:EC,-70,-70,33716,1476549885
A4:77:33:F9:1D:EC,-70,-69,33776,1476549945
A4:77:33:F9:1D:EC,-71,-73,33836,1476550005
A4:77:33:F9:1D:EC,-71,-71,33899,1476550068
A4:77:33:F9:1D:EC,-72,-69,33959,1476550128
A4:77:33:F9:1D:EC,-68,-69,34019,1476550188
A4:77:33:F9:1D:EC,-68,-69,34079,1476550248
A4:77:33:F9:1D:EC,-69,-68,34139,1476550308
A4:77:33:F9:1D:EC,-68,-69,34202,1476550371
A4:77:33:F9:1D:EC,-71,-69,34262,1476550431
A4:77:33:F9:1D:EC,-72,-69,34322,1476550491
A4:77:33:F9:1D:EC,-72,-69,34382,1476550551
A4:77:33:F9:1D:EC,-70,-70,34442,1476550611
A4:77:33:F9:1D:EC,-72,-69,34505,1476550674
A4:77:33:F9:1D:EC,-71,-70,34565,1476550734
A4:77:33:F9:1D:EC,-71,-69,34625,1476550794
A4:77:33:F9:1D:EC,-71,-70,34685,1476550854
A4:77:33:F9:1D:EC,-70,-72,34745,1476550914
A4:77:33:F9:1D:EC,-72,-69,34805,1476550974
A4:77:33:F9:1D:EC,-71,-70,34865,1476551034
A4:77:33:F9:1D:EC,-72,-69,34925,1476551094
A4:77:33:F9:1D:EC,-71,-71,34985,1476551154
A4:77:33:F9:1D:EC,-70,-70,35048,1476551217
A4:77:33:F9:1D:EC,-71,-69,35108,1476551277
A4:77:33:F9:1D:EC,-70,-69,35168,1476551337
A4:77:33:F9:1D:EC,-70,-69,35228,1476551397
A4:77:33:F9:1D:EC,-70,-69,35288,1476551457
A4:77:33:F9:1D:EC,-70,-69,35351,1476551520
A4:77:33:F9:1D:EC,-71,-70,35411,1476551580
A4:77:33:F9:1D:EC,-72,-70,35471,1476551640
A4:77:33:F9:1D:EC,-70,-68,35531,1476551700
A4:77:33:F9:1D:EC,-70,-68,35591,1476551760
A4:77:33:F9:1D:EC,-70,-69,35655,1476551823
A4:77:33:F9:1D:EC,-70,-68,35715,1476551883
A4:77:33:F9:1D:EC,-70,-68,35775,1476551943
A4:77:33:F9:1D:EC,-70,-68,35835,1476552003
A4:77:33:F9:1D:EC,-70,-68,35895,1476552063
A4:77:33:F9:1D:EC,-71,-69,35958,1476552126
A4:77:33:F9:1D:EC,-71,-69,36018,1476552186
A4:77:33:F9:1D:EC,-70,-69,36078,1476552246
A4:77:33:F9:1D:EC,-71,-69,36138,1476552306
A4:77:33:F9:1D:EC,-70,-68,36198,1476552366
A4:77:33:F9:1D:EC,-72,-70,36290,1476552459
A4:77:33:F9:1D:EC,-70,-69,36350,1476552519
A4:77:33:F9:1D:EC,-70,-69,36410,1476552579
A4:77:33:F9:1D:EC,-70,-69,36470,1476552639
A4:77:33:F9:1D:EC,-71,-69,36530,1476552699
A4:77:33:F9:1D:EC,-75,-66,36590,1476552759
A4:77:33:F9:1D:EC,-74,-66,36650,1476552819
A4:77:33:F9:1D:EC,-75,-66,36710,1476552879
A4:77:33:F9:1D:EC,-70,-68,36770,1476552939
A4:77:33:F9:1D:EC,-71,-69,36833,1476553002
A4:77:33:F9:1D:EC,-70,-68,36893,1476553062
A4:77:33:F9:1D:EC,-70,-69,36953,1476553122
A4:77:33:F9:1D:EC,-70,-68,37013,1476553182
A4:77:33:F9:1D:EC,-70,-68,37073,1476553242
A4:77:33:F9:1D:EC,-69,-68,37136,1476553305
A4:77:33:F9:1D:EC,-69,-68,37196,1476553365
A4:77:33:F9:1D:EC,-70,-68,37256,1476553425
A4:77:33:F9:1D:EC,-67,-64,37316,1476553485
A4:77:33:F9:1D:EC,-71,-67,37376,1476553545
A4:77:33:F9:1D:EC,-74,-65,37439,1476553608
A4:77:33:F9:1D:EC,-71,-66,37499,1476553668
A4:77:33:F9:1D:EC,-71,-66,37559,1476553728
A4:77:33:F9:1D:EC,-71,-68,37619,1476553788
A4:77:33:F9:1D:EC,-73,-66,37679,1476553848
A4:77:33:F9:1D:EC,-70,-67,37772,1476553941
A4:77:33:F9:1D:EC,-72,-67,37832,1476554001
A4:77:33:F9:1D:EC,-71,-66,37892,1476554061
A4:77:33:F9:1D:EC,-72,-67,37952,1476554121
A4:77:33:F9:1D:EC,-73,-67,38012,1476554181
