Client_MAC,Rssi0,Rssi1,Connection_Time,EpocTime
E6:71:85:60:00:84,-23,-22,14608,1476397206
E6:71:85:60:00:84,-23,-22,14668,1476397266
E6:71:85:60:00:84,-23,-21,14728,1476397326
E6:71:85:60:00:84,-23,-22,14788,1476397386
E6:71:85:60:00:84,-23,-22,14848,1476397446
E6:71:85:60:00:84,-23,-21,14911,1476397509
E6:71:85:60:00:84,-23,-22,14971,1476397569
E6:71:85:60:00:84,-23,-22,15031,1476397629
E6:71:85:60:00:84,-23,-22,15091,1476397689
E6:71:85:60:00:84,-23,-22,15151,1476397749
E6:71:85:60:00:84,-23,-22,15236,1476397834
E6:71:85:60:00:84,-24,-22,15296,1476397894
E6:71:85:60:00:84,-25,-24,15356,1476397954
E6:71:85:60:00:84,-23,-22,15416,1476398014
E6:71:85:60:00:84,-23,-22,15476,1476398074
E6:71:85:60:00:84,-23,-22,15539,1476398137
E6:71:85:60:00:84,-23,-22,15599,1476398197
E6:71:85:60:00:84,-23,-22,15659,1476398257
E6:71:85:60:00:84,-22,-22,15719,1476398317
E6:71:85:60:00:84,-23,-22,15779,1476398377
E6:71:85:60:00:84,-23,-22,15839,1476398437
E6:71:85:60:00:84,-23,-22,15899,1476398497
E6:71:85:60:00:84,-23,-22,15959,1476398557
E6:71:85:60:00:84,-23,-22,16019,1476398617
E6:71:85:60:00:84,-23,-22,16082,1476398680
E6:71:85:60:00:84,-23,-22,16143,1476398740
E6:71:85:60:00:84,-23,-22,16203,1476398800
E6:71:85:60:00:84,-24,-22,16263,1476398860
E6:71:85:60:00:84,-22,-21,16323,1476398920
E6:71:85:60:00:84,-22,-21,16409,1476399007
E6:71:85:60:00:84,-21,-20,16469,1476399067
E6:71:85:60:00:84,-25,-24,16529,1476399127
E6:71:85:60:00:84,-21,-20,16589,1476399187
E6:71:85:60:00:84,-21,-20,16649,1476399247
E6:71:85:60:00:84,-23,-22,16712,1476399310
E6:71:85:60:00:84,-23,-22,16772,1476399370
E6:71:85:60:00:84,-23,-22,16832,1476399430
E6:71:85:60:00:84,-24,-22,16892,1476399490
E6:71:85:60:00:84,-23,-22,16952,1476399550
E6:71:85:60:00:84,-23,-22,17015,1476399613
E6:71:85:60:00:84,-23,-22,17075,1476399673
E6:71:85:60:00:84,-23,-22,17135,1476399733
E6:71:85:60:00:84,-23,-22,17195,1476399793
E6:71:85:60:00:84,-23,-22,17255,1476399853
E6:71:85:60:00:84,-23,-22,17318,1476399916
E6:71:85:60:00:84,-23,-22,17378,1476399976
E6:71:85:60:00:84,-23,-22,17438,1476400036
E6:71:85:60:00:84,-23,-22,17498,1476400096
E6:71:85:60:00:84,-23,-22,17558,1476400156
E6:71:85:60:00:84,-23,-22,17618,1476400216
E6:71:85:60:00:84,-23,-22,17678,1476400276
E6:71:85:60:00:84,-23,-22,17738,1476400336
E6:71:85:60:00:84,-23,-22,17798,1476400396
E6:71:85:60:00:84,-23,-22,17861,1476400459
E6:71:85:60:00:84,-23,-22,17921,1476400519
E6:71:85:60:00:84,-23,-22,17981,1476400579
E6:71:85:60:00:84,-24,-22,18041,1476400639
E6:71:85:60:00:84,-23,-22,18101,1476400699
E6:71:85:60:00:84,-23,-20,18164,1476400762
E6:71:85:60:00:84,-23,-20,18224,1476400822
E6:71:85:60:00:84,-23,-20,18284,1476400882
E6:71:85:60:00:84,-21,-19,18344,1476400942
E6:71:85:60:00:84,-23,-20,18404,1476401002
E6:71:85:60:00:84,-23,-22,18491,1476401089
E6:71:85:60:00:84,-23,-21,18551,1476401149
E6:71:85:60:00:84,-25,-23,18611,1476401209
E6:71:85:60:00:84,-24,-22,18671,1476401269
E6:71:85:60:00:84,-23,-21,18731,1476401329
E6:71:85:60:00:84,-23,-21,18794,1476401392
E6:71:85:60:00:84,-22,-21,18854,1476401452
E6:71:85:60:00:84,-22,-21,18914,1476401512
E6:71:85:60:00:84,-23,-21,18974,1476401572
E6:71:85:60:00:84,-22,-21,19034,1476401632
E6:71:85:60:00:84,-21,-19,19097,1476401695
E6:71:85:60:00:84,-23,-21,19157,1476401755
E6:71:85:60:00:84,-22,-21,19217,1476401815
E6:71:85:60:00:84,-21,-20,19277,1476401875
E6:71:85:60:00:84,-23,-21,19337,1476401935
E6:71:85:60:00:84,-21,-20,19397,1476401995
E6:71:85:60:00:84,-21,-20,19457,1476402055
E6:71:85:60:00:84,-21,-20,19517,1476402115
E6:71:85:60:00:84,-21,-20,19577,1476402175
E6:71:85:60:00:84,-21,-20,19640,1476402238
E6:71:85:60:00:84,-22,-21,19700,1476402298
E6:71:85:60:00:84,-23,-21,19760,1476402358
E6:71:85:60:00:84,-23,-21,19820,1476402418
E6:71:85:60:00:84,-23,-21,19880,1476402478
E6:71:85:60:00:84,-23,-21,19967,1476402565
E6:71:85:60:00:84,-21,-20,20027,1476402625
E6:71:85:60:00:84,-25,-23,20087,1476402685
E6:71:85:60:00:84,-21,-19,20147,1476402745
E6:71:85:60:00:84,-21,-20,20207,1476402805
E6:71:85:60:00:84,-21,-19,20270,1476402868
E6:71:85:60:00:84,-23,-21,20330,1476402928
E6:71:85:60:00:84,-23,-21,20390,1476402988
E6:71:85:60:00:84,-23,-22,20450,1476403048
E6:71:85:60:00:84,-23,-22,20510,1476403108
E6:71:85:60:00:84,-23,-22,20573,1476403171
E6:71:85:60:00:84,-23,-22,20633,1476403231
E6:71:85:60:00:84,-23,-21,20693,1476403291
E6:71:85:60:00:84,-24,-22,20753,1476403351
E6:71:85:60:00:84,-23,-21,20813,1476403411
E6:71:85:60:00:84,-22,-21,20876,1476403474
E6:71:85:60:00:84,-23,-21,20936,1476403534
E6:71:85:60:00:84,-22,-21,20996,1476403594
E6:71:85:60:00:84,-23,-21,21056,1476403654
E6:71:85:60:00:84,-23,-21,21116,1476403714
E6:71:85:60:00:84,-23,-21,21176,1476403774
E6:71:85:60:00:84,-23,-22,21236,1476403834
E6:71:85:60:00:84,-23,-21,21296,1476403894
E6:71:85:60:00:84,-23,-21,21356,1476403954
E6:71:85:60:00:84,-23,-21,21419,1476404017
E6:71:85:60:00:84,-23,-22,21479,1476404077
E6:71:85:60:00:84,-23,-22,21539,1476404137
E6:71:85:60:00:84,-21,-20,21599,1476404197
E6:71:85:60:00:84,-23,-21,21659,1476404257
E6:71:85:60:00:84,-23,-22,21722,1476404320
E6:71:85:60:00:84,-23,-22,21782,1476404380
E6:71:85:60:00:84,-23,-22,21842,1476404440
E6:71:85:60:00:84,-22,-21,21902,1476404500
E6:71:85:60:00:84,-23,-22,21962,1476404560
E6:71:85:60:00:84,-22,-21,22048,1476404646
E6:71:85:60:00:84,-23,-21,22108,1476404706
E6:71:85:60:00:84,-25,-23,22168,1476404766
E6:71:85:60:00:84,-23,-22,22228,1476404826
E6:71:85:60:00:84,-22,-21,22288,1476404886
E6:71:85:60:00:84,-23,-21,22351,1476404949
E6:71:85:60:00:84,-23,-21,22411,1476405009
E6:71:85:60:00:84,-22,-21,22471,1476405069
E6:71:85:60:00:84,-21,-20,22531,1476405129
E6:71:85:60:00:84,-21,-19,22591,1476405189
E6:71:85:60:00:84,-21,-20,22655,1476405252
E6:71:85:60:00:84,-21,-20,22715,1476405312
E6:71:85:60:00:84,-21,-20,22775,1476405372
E6:71:85:60:00:84,-23,-22,22835,1476405432
E6:71:85:60:00:84,-22,-21,22895,1476405492
E6:71:85:60:00:84,-23,-22,22955,1476405552
E6:71:85:60:00:84,-23,-22,23015,1476405612
E6:71:85:60:00:84,-22,-21,23075,1476405672
E6:71:85:60:00:84,-23,-21,23135,1476405732
E6:71:85:60:00:84,-24,-23,23198,1476405795
E6:71:85:60:00:84,-22,-21,23258,1476405855
E6:71:85:60:00:84,-23,-22,23318,1476405915
E6:71:85:60:00:84,-23,-21,23378,1476405975
E6:71:85:60:00:84,-23,-21,23438,1476406035
E6:71:85:60:00:84,-23,-21,23524,1476406122
E6:71:85:60:00:84,-22,-20,23584,1476406182
E6:71:85:60:00:84,-25,-23,23644,1476406242
E6:71:85:60:00:84,-23,-21,23704,1476406302
E6:71:85:60:00:84,-21,-20,23764,1476406362
E6:71:85:60:00:84,-23,-21,23827,1476406425
E6:71:85:60:00:84,-23,-22,23887,1476406485
E6:71:85:60:00:84,-23,-22,23947,1476406545
E6:71:85:60:00:84,-23,-22,24007,1476406605
E6:71:85:60:00:84,-23,-21,24067,1476406665
E6:71:85:60:00:84,-22,-20,24130,1476406728
E6:71:85:60:00:84,-23,-21,24190,1476406788
E6:71:85:60:00:84,-24,-22,24250,1476406848
E6:71:85:60:00:84,-24,-22,24310,1476406908
E6:71:85:60:00:84,-23,-21,24370,1476406968
E6:71:85:60:00:84,-23,-21,24433,1476407031
E6:71:85:60:00:84,-23,-21,24493,1476407091
E6:71:85:60:00:84,-23,-21,24553,1476407151
E6:71:85:60:00:84,-23,-21,24613,1476407211
E6:71:85:60:00:84,-23,-21,24673,1476407271
E6:71:85:60:00:84,-23,-21,24733,1476407331
E6:71:85:60:00:84,-23,-21,24793,1476407391
E6:71:85:60:00:84,-22,-20,24853,1476407451
E6:71:85:60:00:84,-23,-21,24913,1476407511
E6:71:85:60:00:84,-23,-21,24976,1476407574
E6:71:85:60:00:84,-23,-21,25036,1476407634
E6:71:85:60:00:84,-23,-21,25097,1476407694
E6:71:85:60:00:84,-23,-21,25157,1476407754
E6:71:85:60:00:84,-22,-21,25217,1476407814
E6:71:85:60:00:84,-23,-21,25280,1476407877
E6:71:85:60:00:84,-23,-22,25340,1476407937
E6:71:85:60:00:84,-23,-22,25400,1476407997
E6:71:85:60:00:84,-23,-21,25460,1476408057
E6:71:85:60:00:84,-24,-20,25520,1476408117
E6:71:85:60:00:84,-24,-21,25583,1476408180
E6:71:85:60:00:84,-23,-20,25643,1476408240
E6:71:85:60:00:84,-24,-21,25703,1476408300
E6:71:85:60:00:84,-24,-20,25763,1476408360
E6:71:85:60:00:84,-23,-20,25823,1476408420
E6:71:85:60:00:84,-23,-20,25886,1476408484
E6:71:85:60:00:84,-23,-20,25946,1476408544
E6:71:85:60:00:84,-23,-20,26006,1476408604
E6:71:85:60:00:84,-23,-20,26066,1476408664
E6:71:85:60:00:84,-23,-20,26126,1476408724
E6:71:85:60:00:84,-24,-21,26189,1476408787
E6:71:85:60:00:84,-22,-20,26249,1476408847
E6:71:85:60:00:84,-23,-21,26309,1476408907
E6:71:85:60:00:84,-21,-20,26369,1476408967
E6:71:85:60:00:84,-22,-20,26429,1476409027
E6:71:85:60:00:84,-23,-21,26489,1476409087
E6:71:85:60:00:84,-23,-21,26549,1476409147
E6:71:85:60:00:84,-23,-21,26609,1476409207
E6:71:85:60:00:84,-24,-20,26669,1476409267
E6:71:85:60:00:84,-24,-22,26732,1476409330
E6:71:85:60:00:84,-23,-21,26792,1476409390
E6:71:85:60:00:84,-21,-20,26852,1476409450
E6:71:85:60:00:84,-22,-21,26912,1476409510
E6:71:85:60:00:84,-20,-18,26972,1476409570
E6:71:85:60:00:84,-22,-20,27035,1476409633
E6:71:85:60:00:84,-22,-20,27095,1476409693
E6:71:85:60:00:84,-23,-21,27155,1476409753
E6:71:85:60:00:84,-23,-20,27215,1476409813
E6:71:85:60:00:84,-22,-20,27275,1476409873
E6:71:85:60:00:84,-23,-21,27338,1476409936
E6:71:85:60:00:84,-23,-21,27398,1476409996
E6:71:85:60:00:84,-23,-21,27458,1476410056
E6:71:85:60:00:84,-24,-23,27518,1476410116
E6:71:85:60:00:84,-20,-18,27578,1476410176
E6:71:85:60:00:84,-21,-18,27641,1476410239
E6:71:85:60:00:84,-22,-20,27701,1476410299
E6:71:85:60:00:84,-22,-19,27761,1476410359
E6:71:85:60:00:84,-22,-20,27821,1476410419
E6:71:85:60:00:84,-22,-20,27881,1476410479
E6:71:85:60:00:84,-22,-19,27966,1476410564
E6:71:85:60:00:84,-20,-18,28026,1476410624
E6:71:85:60:00:84,-25,-21,28086,1476410684
E6:71:85:60:00:84,-24,-20,28146,1476410744
E6:71:85:60:00:84,-23,-19,28206,1476410804
E6:71:85:60:00:84,-23,-20,28266,1476410864
E6:71:85:60:00:84,-21,-17,28326,1476410924
E6:71:85:60:00:84,-23,-19,28386,1476410984
E6:71:85:60:00:84,-23,-19,28446,1476411044
E6:71:85:60:00:84,-24,-20,28532,1476411130
E6:71:85:60:00:84,-23,-19,28592,1476411190
E6:71:85:60:00:84,-26,-21,28652,1476411250
E6:71:85:60:00:84,-24,-20,28712,1476411310
E6:71:85:60:00:84,-21,-26,28772,1476411370
