Client_MAC,Rssi0,Rssi1,Connection_Time,EpocTIME
E6:71:85:60:00:84,-23,-20,45,1476462013
E6:71:85:60:00:84,-20,-19,105,1476462073
30:75:12:BF:95:3C,-54,-46,47,1476462519
30:75:12:BF:95:3C,-53,-47,107,1476462579
30:75:12:BF:95:3C,-49,-49,170,1476462642
30:75:12:BF:95:3C,-50,-46,230,1476462702
30:75:12:BF:95:3C,-51,-53,290,1476462762
30:75:12:BF:95:3C,-49,-48,350,1476462822
30:75:12:BF:95:3C,-54,-48,410,1476462882
30:75:12:BF:95:3C,-56,-52,473,1476462945
30:75:12:BF:95:3C,-48,-48,533,1476463005
30:75:12:BF:95:3C,-46,-45,593,1476463065
30:75:12:BF:95:3C,-53,-44,653,1476463125
30:75:12:BF:95:3C,-48,-49,713,1476463185
30:75:12:BF:95:3C,-50,-48,776,1476463248
30:75:12:BF:95:3C,-48,-47,836,1476463308
30:75:12:BF:95:3C,-48,-46,896,1476463368
30:75:12:BF:95:3C,-48,-47,956,1476463428
30:75:12:BF:95:3C,-47,-47,1016,1476463488
30:75:12:BF:95:3C,-51,-53,1076,1476463548
30:75:12:BF:95:3C,-50,-51,1136,1476463608
5C:E0:C5:C8:D3:D1,-39,-43,32,1476463608
30:75:12:BF:95:3C,-48,-49,1196,1476463668
5C:E0:C5:C8:D3:D1,-45,-49,92,1476463668
30:75:12:BF:95:3C,-48,-49,1256,1476463728
5C:E0:C5:C8:D3:D1,-53,-52,152,1476463728
30:75:12:BF:95:3C,-50,-49,1319,1476463791
5C:E0:C5:C8:D3:D1,-47,-46,215,1476463791
30:75:12:BF:95:3C,-49,-50,1379,1476463851
5C:E0:C5:C8:D3:D1,-50,-52,275,1476463851
30:75:12:BF:95:3C,-48,-51,1439,1476463911
5C:E0:C5:C8:D3:D1,-51,-50,335,1476463911
30:75:12:BF:95:3C,-53,-52,1499,1476463971
5C:E0:C5:C8:D3:D1,-44,-50,395,1476463971
30:75:12:BF:95:3C,-50,-53,1559,1476464031
5C:E0:C5:C8:D3:D1,-44,-50,455,1476464031
30:75:12:BF:95:3C,-50,-50,1622,1476464094
5C:E0:C5:C8:D3:D1,-46,-46,38,1476464094
30:75:12:BF:95:3C,-50,-53,1682,1476464154
5C:E0:C5:C8:D3:D1,-47,-47,98,1476464154
30:75:12:BF:95:3C,-54,-52,1742,1476464214
5C:E0:C5:C8:D3:D1,-48,-46,158,1476464214
30:75:12:BF:95:3C,-60,-50,1802,1476464275
5C:E0:C5:C8:D3:D1,-48,-46,218,1476464275
30:75:12:BF:95:3C,-58,-55,1862,1476464335
5C:E0:C5:C8:D3:D1,-49,-50,35,1476464335
30:75:12:BF:95:3C,-54,-45,1925,1476464398
5C:E0:C5:C8:D3:D1,-44,-53,98,1476464398
30:75:12:BF:95:3C,-56,-40,1985,1476464458
5C:E0:C5:C8:D3:D1,-42,-49,158,1476464458
30:75:12:BF:95:3C,-52,-41,2045,1476464518
5C:E0:C5:C8:D3:D1,-45,-49,218,1476464518
30:75:12:BF:95:3C,-54,-41,2105,1476464578
5C:E0:C5:C8:D3:D1,-42,-44,278,1476464578
30:75:12:BF:95:3C,-51,-43,2165,1476464638
5C:E0:C5:C8:D3:D1,-39,-49,338,1476464638
30:75:12:BF:95:3C,-54,-45,2229,1476464701
5C:E0:C5:C8:D3:D1,-44,-46,402,1476464701
30:75:12:BF:95:3C,-56,-45,2289,1476464761
5C:E0:C5:C8:D3:D1,-45,-51,462,1476464761
30:75:12:BF:95:3C,-49,-42,2349,1476464821
5C:E0:C5:C8:D3:D1,-45,-50,522,1476464821
30:75:12:BF:95:3C,-51,-39,2409,1476464881
5C:E0:C5:C8:D3:D1,-45,-46,582,1476464881
30:75:12:BF:95:3C,-53,-43,2469,1476464941
5C:E0:C5:C8:D3:D1,-46,-55,642,1476464941
30:75:12:BF:95:3C,-56,-42,2554,1476465027
5C:E0:C5:C8:D3:D1,-47,-51,727,1476465027
30:75:12:BF:95:3C,-59,-47,2614,1476465087
5C:E0:C5:C8:D3:D1,-45,-44,787,1476465087
30:75:12:BF:95:3C,-52,-41,2674,1476465147
5C:E0:C5:C8:D3:D1,-48,-52,847,1476465147
30:75:12:BF:95:3C,-58,-45,2734,1476465207
5C:E0:C5:C8:D3:D1,-57,-52,907,1476465207
30:75:12:BF:95:3C,-54,-43,2794,1476465267
5C:E0:C5:C8:D3:D1,-49,-51,967,1476465267
30:75:12:BF:95:3C,-59,-44,2854,1476465327
5C:E0:C5:C8:D3:D1,-50,-51,1027,1476465327
30:75:12:BF:95:3C,-57,-40,2914,1476465387
5C:E0:C5:C8:D3:D1,-47,-49,1087,1476465387
30:75:12:BF:95:3C,-59,-45,2974,1476465447
5C:E0:C5:C8:D3:D1,-44,-45,1147,1476465447
30:75:12:BF:95:3C,-60,-45,3034,1476465507
5C:E0:C5:C8:D3:D1,-52,-53,1207,1476465507
30:75:12:BF:95:3C,-57,-43,3098,1476465570
5C:E0:C5:C8:D3:D1,-46,-47,1271,1476465570
30:75:12:BF:95:3C,-58,-43,3158,1476465630
5C:E0:C5:C8:D3:D1,-43,-50,1331,1476465630
30:75:12:BF:95:3C,-55,-44,3218,1476465690
5C:E0:C5:C8:D3:D1,-45,-43,1391,1476465690
30:75:12:BF:95:3C,-54,-43,3278,1476465750
5C:E0:C5:C8:D3:D1,-40,-36,1451,1476465750
30:75:12:BF:95:3C,-57,-45,3338,1476465810
5C:E0:C5:C8:D3:D1,-45,-43,1511,1476465810
30:75:12:BF:95:3C,-52,-43,3401,1476465873
5C:E0:C5:C8:D3:D1,-38,-35,1574,1476465873
30:75:12:BF:95:3C,-53,-43,3461,1476465933
5C:E0:C5:C8:D3:D1,-38,-35,1634,1476465933
30:75:12:BF:95:3C,-50,-40,3521,1476465993
5C:E0:C5:C8:D3:D1,-41,-38,15,1476465993
30:75:12:BF:95:3C,-49,-40,3581,1476466053
5C:E0:C5:C8:D3:D1,-42,-42,75,1476466053
30:75:12:BF:95:3C,-53,-43,3641,1476466113
5C:E0:C5:C8:D3:D1,-40,-40,135,1476466113
30:75:12:BF:95:3C,-52,-41,3704,1476466176
5C:E0:C5:C8:D3:D1,-47,-52,198,1476466176
5C:E0:C5:C8:D3:D1,-39,-39,258,1476466236
5C:E0:C5:C8:D3:D1,-40,-40,318,1476466296
30:75:12:BF:95:3C,-79,-71,36,1476466356
5C:E0:C5:C8:D3:D1,-39,-39,378,1476466356
5C:E0:C5:C8:D3:D1,-40,-40,438,1476466416
30:75:12:BF:95:3C,-50,-48,59,1476466500
5C:E0:C5:C8:D3:D1,-40,-42,522,1476466500
30:75:12:BF:95:3C,-57,-54,119,1476466560
5C:E0:C5:C8:D3:D1,-39,-40,582,1476466560
30:75:12:BF:95:3C,-53,-50,179,1476466620
5C:E0:C5:C8:D3:D1,-46,-49,642,1476466620
30:75:12:BF:95:3C,-54,-53,239,1476466680
5C:E0:C5:C8:D3:D1,-35,-35,702,1476466680
30:75:12:BF:95:3C,-54,-53,299,1476466740
5C:E0:C5:C8:D3:D1,-35,-35,762,1476466740
30:75:12:BF:95:3C,-53,-51,362,1476466803
5C:E0:C5:C8:D3:D1,-34,-35,825,1476466803
30:75:12:BF:95:3C,-54,-52,422,1476466863
5C:E0:C5:C8:D3:D1,-36,-37,885,1476466863
30:75:12:BF:95:3C,-55,-52,482,1476466923
5C:E0:C5:C8:D3:D1,-40,-40,945,1476466923
30:75:12:BF:95:3C,-52,-56,542,1476466983
5C:E0:C5:C8:D3:D1,-36,-38,1005,1476466983
E6:71:85:60:00:84,-36,-29,16,1476466983
30:75:12:BF:95:3C,-51,-44,602,1476467043
5C:E0:C5:C8:D3:D1,-42,-37,1065,1476467043
E6:71:85:60:00:84,-36,-29,76,1476467043
30:75:12:BF:95:3C,-66,-66,662,1476467103
5C:E0:C5:C8:D3:D1,-40,-38,1125,1476467103
E6:71:85:60:00:84,-64,-62,19,1476467103
5C:E0:C5:C8:D3:D1,-40,-38,1185,1476467163
E6:71:85:60:00:84,-63,-63,79,1476467163
5C:E0:C5:C8:D3:D1,-40,-38,1245,1476467223
E6:71:85:60:00:84,-63,-62,139,1476467223
5C:E0:C5:C8:D3:D1,-40,-38,1305,1476467283
E6:71:85:60:00:84,-63,-64,199,1476467283
5C:E0:C5:C8:D3:D1,-40,-38,1368,1476467346
E6:71:85:60:00:84,-64,-66,262,1476467346
E6:71:85:60:00:84,-64,-64,322,1476467406
E6:71:85:60:00:84,-68,-68,382,1476467466
E6:71:85:60:00:84,-66,-67,442,1476467526
5C:E0:C5:C8:D3:D1,-49,-47,48,1476467586
E6:71:85:60:00:84,-66,-67,502,1476467586
5C:E0:C5:C8:D3:D1,-55,-55,135,1476467673
E6:71:85:60:00:84,-68,-69,589,1476467673
5C:E0:C5:C8:D3:D1,-45,-43,195,1476467733
E6:71:85:60:00:84,-67,-67,649,1476467733
5C:E0:C5:C8:D3:D1,-45,-42,255,1476467793
E6:71:85:60:00:84,-64,-65,709,1476467793
5C:E0:C5:C8:D3:D1,-44,-42,315,1476467853
E6:71:85:60:00:84,-67,-66,769,1476467853
5C:E0:C5:C8:D3:D1,-49,-50,375,1476467913
E6:71:85:60:00:84,-67,-67,829,1476467913
5C:E0:C5:C8:D3:D1,-46,-54,438,1476467976
E6:71:85:60:00:84,-66,-66,892,1476467976
5C:E0:C5:C8:D3:D1,-49,-55,498,1476468036
E6:71:85:60:00:84,-62,-63,952,1476468036
5C:E0:C5:C8:D3:D1,-53,-56,558,1476468096
E6:71:85:60:00:84,-63,-60,1012,1476468096
5C:E0:C5:C8:D3:D1,-52,-55,618,1476468156
E6:71:85:60:00:84,-65,-62,1072,1476468156
5C:E0:C5:C8:D3:D1,-54,-57,678,1476468216
E6:71:85:60:00:84,-65,-62,1132,1476468216
5C:E0:C5:C8:D3:D1,-51,-60,741,1476468279
E6:71:85:60:00:84,-68,-64,1195,1476468279
5C:E0:C5:C8:D3:D1,-50,-56,801,1476468339
E6:71:85:60:00:84,-66,-61,1255,1476468339
5C:E0:C5:C8:D3:D1,-51,-55,861,1476468399
E6:71:85:60:00:84,-66,-63,1315,1476468399
5C:E0:C5:C8:D3:D1,-51,-55,921,1476468459
E6:71:85:60:00:84,-66,-61,1375,1476468459
5C:E0:C5:C8:D3:D1,-55,-58,981,1476468519
E6:71:85:60:00:84,-65,-61,1435,1476468519
5C:E0:C5:C8:D3:D1,-50,-55,33,1476468582
E6:71:85:60:00:84,-65,-61,1498,1476468582
5C:E0:C5:C8:D3:D1,-50,-55,93,1476468642
E6:71:85:60:00:84,-65,-63,1558,1476468642
5C:E0:C5:C8:D3:D1,-50,-55,153,1476468702
E6:71:85:60:00:84,-66,-63,1618,1476468702
5C:E0:C5:C8:D3:D1,-50,-55,213,1476468762
E6:71:85:60:00:84,-66,-64,1678,1476468762
5C:E0:C5:C8:D3:D1,-50,-55,273,1476468822
E6:71:85:60:00:84,-66,-64,1738,1476468822
E6:71:85:60:00:84,-64,-61,1798,1476468882
5C:E0:C5:C8:D3:D1,-53,-57,48,1476468942
E6:71:85:60:00:84,-69,-64,34,1476468942
5C:E0:C5:C8:D3:D1,-50,-56,108,1476469002
E6:71:85:60:00:84,-68,-64,94,1476469002
5C:E0:C5:C8:D3:D1,-54,-56,168,1476469062
E6:71:85:60:00:84,-65,-63,154,1476469062
5C:E0:C5:C8:D3:D1,-54,-58,231,1476469125
E6:71:85:60:00:84,-67,-64,217,1476469125
5C:E0:C5:C8:D3:D1,-55,-57,291,1476469185
E6:71:85:60:00:84,-67,-65,277,1476469185
5C:E0:C5:C8:D3:D1,-49,-52,351,1476469245
E6:71:85:60:00:84,-66,-63,337,1476469245
5C:E0:C5:C8:D3:D1,-56,-57,411,1476469305
E6:71:85:60:00:84,-65,-64,397,1476469305
5C:E0:C5:C8:D3:D1,-62,-66,471,1476469365
E6:71:85:60:00:84,-65,-64,457,1476469365
5C:E0:C5:C8:D3:D1,-54,-62,534,1476469428
E6:71:85:60:00:84,-66,-63,520,1476469428
5C:E0:C5:C8:D3:D1,-55,-62,594,1476469488
E6:71:85:60:00:84,-68,-65,580,1476469488
5C:E0:C5:C8:D3:D1,-50,-57,654,1476469548
E6:71:85:60:00:84,-67,-64,640,1476469548
5C:E0:C5:C8:D3:D1,-53,-56,714,1476469608
E6:71:85:60:00:84,-66,-63,700,1476469608
E6:71:85:60:00:84,-66,-66,760,1476469668
E6:71:85:60:00:84,-67,-64,823,1476469731
E6:71:85:60:00:84,-69,-64,883,1476469791
E6:71:85:60:00:84,-67,-63,943,1476469851
E6:71:85:60:00:84,-67,-63,1003,1476469911
E6:71:85:60:00:84,-68,-63,1063,1476469971
E6:71:85:60:00:84,-67,-62,1126,1476470034
E6:71:85:60:00:84,-61,-63,1186,1476470094
E6:71:85:60:00:84,-63,-65,1246,1476470154
E6:71:85:60:00:84,-62,-63,1306,1476470214
E6:71:85:60:00:84,-65,-64,1366,1476470274
E6:71:85:60:00:84,-65,-64,1429,1476470337
E6:71:85:60:00:84,-66,-65,1489,1476470397
E6:71:85:60:00:84,-66,-64,1549,1476470457
E6:71:85:60:00:84,-65,-63,1609,1476470517
E6:71:85:60:00:84,-67,-64,1675,1476470584
E6:71:85:60:00:84,-67,-64,1735,1476470644
E6:71:85:60:00:84,-65,-64,1795,1476470704
E6:71:85:60:00:84,-65,-63,1855,1476470764
E6:71:85:60:00:84,-66,-63,1915,1476470824
E6:71:85:60:00:84,-66,-62,1979,1476470887
E6:71:85:60:00:84,-67,-63,2039,1476470947
E6:71:85:60:00:84,-66,-63,2099,1476471007
E6:71:85:60:00:84,-65,-62,2159,1476471067
E6:71:85:60:00:84,-66,-63,2219,1476471127
E6:71:85:60:00:84,-66,-63,2304,1476471213
E6:71:85:60:00:84,-66,-63,2364,1476471273
E6:71:85:60:00:84,-65,-62,2424,1476471333
E6:71:85:60:00:84,-65,-62,2484,1476471393
E6:71:85:60:00:84,-65,-61,2544,1476471453
