Client_MAC,Rssi0,Rssi1,Connection_Time,EpocTIME
E6:71:85:60:00:84,-70,-58,28,1476635264
E6:71:85:60:00:84,-67,-55,88,1476635325
E6:71:85:60:00:84,-68,-56,148,1476635385
E6:71:85:60:00:84,-66,-55,208,1476635445
E6:71:85:60:00:84,-68,-56,268,1476635505
E6:71:85:60:00:84,-68,-54,19,1476635568
E6:71:85:60:00:84,-68,-54,79,1476635628
E6:71:85:60:00:84,-70,-54,139,1476635688
E6:71:85:60:00:84,-67,-56,199,1476635748
E6:71:85:60:00:84,-70,-54,259,1476635808
E6:71:85:60:00:84,-68,-57,343,1476635892
E6:71:85:60:00:84,-68,-58,403,1476635952
30:75:12:BF:95:3C,-33,-33,2,1476635952
E6:71:85:60:00:84,-65,-57,463,1476636012
E6:71:85:60:00:84,-65,-57,523,1476636072
E6:71:85:60:00:84,-69,-61,583,1476636132
E6:71:85:60:00:84,-67,-59,646,1476636195
E6:71:85:60:00:84,-68,-58,706,1476636255
E6:71:85:60:00:84,-65,-57,767,1476636315
E6:71:85:60:00:84,-64,-56,827,1476636375
E6:71:85:60:00:84,-68,-59,887,1476636435
E6:71:85:60:00:84,-67,-59,950,1476636498
E6:71:85:60:00:84,-65,-57,1010,1476636558
E6:71:85:60:00:84,-63,-55,1070,1476636618
E6:71:85:60:00:84,-63,-55,1130,1476636678
E6:71:85:60:00:84,-64,-56,1190,1476636738
E6:71:85:60:00:84,-66,-59,1253,1476636802
E6:71:85:60:00:84,-66,-58,1313,1476636862
E6:71:85:60:00:84,-66,-58,1373,1476636922
E6:71:85:60:00:84,-67,-59,1433,1476636982
E6:71:85:60:00:84,-64,-56,1493,1476637042
E6:71:85:60:00:84,-66,-59,1553,1476637102
E6:71:85:60:00:84,-63,-55,1613,1476637162
E6:71:85:60:00:84,-66,-58,1673,1476637222
E6:71:85:60:00:84,-65,-56,1733,1476637282
E6:71:85:60:00:84,-64,-57,1796,1476637345
E6:71:85:60:00:84,-64,-57,1856,1476637405
E6:71:85:60:00:84,-66,-58,1916,1476637465
E6:71:85:60:00:84,-65,-57,1976,1476637525
E6:71:85:60:00:84,-65,-58,2036,1476637585
E6:71:85:60:00:84,-65,-57,2099,1476637648
E6:71:85:60:00:84,-65,-58,2159,1476637708
E6:71:85:60:00:84,-63,-56,2219,1476637768
E6:71:85:60:00:84,-64,-57,2279,1476637828
E6:71:85:60:00:84,-64,-57,2339,1476637888
E6:71:85:60:00:84,-64,-56,2402,1476637951
E6:71:85:60:00:84,-63,-56,2462,1476638011
E6:71:85:60:00:84,-62,-55,2522,1476638071
E6:71:85:60:00:84,-65,-58,2582,1476638131
E6:71:85:60:00:84,-65,-57,2642,1476638191
E6:71:85:60:00:84,-62,-55,2705,1476638254
E6:71:85:60:00:84,-65,-59,2765,1476638314
E6:71:85:60:00:84,-65,-58,2825,1476638374
E6:71:85:60:00:84,-64,-57,2885,1476638434
E6:71:85:60:00:84,-64,-56,2945,1476638494
E6:71:85:60:00:84,-62,-55,3031,1476638580
E6:71:85:60:00:84,-64,-57,3091,1476638640
E6:71:85:60:00:84,-62,-56,3151,1476638700
E6:71:85:60:00:84,-64,-57,3211,1476638760
E6:71:85:60:00:84,-63,-57,3271,1476638820
E6:71:85:60:00:84,-61,-54,3331,1476638880
E6:71:85:60:00:84,-62,-54,3391,1476638940
E6:71:85:60:00:84,-63,-57,3451,1476639000
E6:71:85:60:00:84,-63,-56,3511,1476639060
E6:71:85:60:00:84,-63,-57,3574,1476639123
E6:71:85:60:00:84,-63,-55,3634,1476639183
E6:71:85:60:00:84,-62,-55,3694,1476639243
E6:71:85:60:00:84,-61,-55,3755,1476639303
E6:71:85:60:00:84,-63,-56,3815,1476639363
E6:71:85:60:00:84,-62,-55,3878,1476639426
E6:71:85:60:00:84,-63,-56,3938,1476639486
E6:71:85:60:00:84,-64,-57,3998,1476639546
E6:71:85:60:00:84,-62,-56,4058,1476639606
E6:71:85:60:00:84,-62,-56,4118,1476639666
E6:71:85:60:00:84,-64,-58,4181,1476639730
E6:71:85:60:00:84,-64,-57,4241,1476639790
E6:71:85:60:00:84,-63,-56,4301,1476639850
E6:71:85:60:00:84,-61,-55,4361,1476639910
E6:71:85:60:00:84,-62,-55,4421,1476639970
E6:71:85:60:00:84,-61,-55,4507,1476640055
E6:71:85:60:00:84,-63,-56,4567,1476640115
E6:71:85:60:00:84,-63,-57,4627,1476640175
E6:71:85:60:00:84,-63,-57,4687,1476640235
E6:71:85:60:00:84,-62,-56,4747,1476640295
E6:71:85:60:00:84,-64,-57,4810,1476640359
E6:71:85:60:00:84,-64,-57,4870,1476640419
E6:71:85:60:00:84,-63,-56,4930,1476640479
E6:71:85:60:00:84,-62,-55,4990,1476640539
E6:71:85:60:00:84,-63,-55,5050,1476640599
E6:71:85:60:00:84,-63,-57,5110,1476640659
E6:71:85:60:00:84,-63,-56,5170,1476640719
E6:71:85:60:00:84,-63,-56,5230,1476640779
E6:71:85:60:00:84,-63,-57,5290,1476640839
E6:71:85:60:00:84,-62,-55,5353,1476640902
E6:71:85:60:00:84,-64,-57,5413,1476640962
E6:71:85:60:00:84,-65,-57,5473,1476641022
E6:71:85:60:00:84,-66,-58,5533,1476641082
E6:71:85:60:00:84,-64,-56,5593,1476641142
E6:71:85:60:00:84,-65,-57,5677,1476641226
E6:71:85:60:00:84,-64,-55,5737,1476641286
E6:71:85:60:00:84,-64,-56,5797,1476641346
E6:71:85:60:00:84,-63,-55,5857,1476641406
E6:71:85:60:00:84,-64,-56,5917,1476641466
E6:71:85:60:00:84,-62,-54,5981,1476641529
E6:71:85:60:00:84,-65,-57,6041,1476641589
E6:71:85:60:00:84,-65,-57,6101,1476641649
E6:71:85:60:00:84,-64,-54,6161,1476641709
E6:71:85:60:00:84,-65,-56,6221,1476641769
E6:71:85:60:00:84,-65,-56,6284,1476641832
E6:71:85:60:00:84,-65,-56,6344,1476641893
E6:71:85:60:00:84,-64,-56,6404,1476641953
E6:71:85:60:00:84,-67,-57,6464,1476642013
E6:71:85:60:00:84,-64,-54,6524,1476642073
E6:71:85:60:00:84,-65,-55,6587,1476642136
E6:71:85:60:00:84,-65,-55,6647,1476642196
E6:71:85:60:00:84,-67,-58,6707,1476642256
E6:71:85:60:00:84,-67,-58,6767,1476642316
E6:71:85:60:00:84,-66,-56,6827,1476642376
E6:71:85:60:00:84,-66,-55,6887,1476642436
E6:71:85:60:00:84,-66,-55,6947,1476642496
E6:71:85:60:00:84,-66,-56,7007,1476642556
E6:71:85:60:00:84,-64,-55,7067,1476642616
E6:71:85:60:00:84,-65,-56,7130,1476642679
E6:71:85:60:00:84,-65,-52,7190,1476642739
E6:71:85:60:00:84,-64,-56,7250,1476642799
E6:71:85:60:00:84,-65,-56,7310,1476642859
E6:71:85:60:00:84,-66,-56,7370,1476642919
E6:71:85:60:00:84,-65,-54,7433,1476642982
E6:71:85:60:00:84,-64,-54,7493,1476643042
E6:71:85:60:00:84,-67,-57,7553,1476643102
E6:71:85:60:00:84,-67,-57,7613,1476643162
E6:71:85:60:00:84,-66,-56,7673,1476643222
E6:71:85:60:00:84,-66,-57,7736,1476643285
E6:71:85:60:00:84,-66,-56,7796,1476643345
E6:71:85:60:00:84,-67,-57,7856,1476643405
E6:71:85:60:00:84,-66,-56,7916,1476643465
E6:71:85:60:00:84,-66,-57,7976,1476643525
E6:71:85:60:00:84,-66,-57,8039,1476643588
E6:71:85:60:00:84,-66,-56,8099,1476643648
E6:71:85:60:00:84,-64,-56,8159,1476643708
E6:71:85:60:00:84,-65,-57,8219,1476643768
E6:71:85:60:00:84,-65,-56,8279,1476643828
E6:71:85:60:00:84,-66,-57,8342,1476643891
E6:71:85:60:00:84,-66,-58,8402,1476643951
E6:71:85:60:00:84,-67,-58,8462,1476644011
E6:71:85:60:00:84,-67,-58,8522,1476644071
E6:71:85:60:00:84,-65,-57,8588,1476644137
E6:71:85:60:00:84,-65,-57,8648,1476644197
E6:71:85:60:00:84,-65,-57,8708,1476644257
E6:71:85:60:00:84,-65,-57,8768,1476644317
E6:71:85:60:00:84,-64,-56,8828,1476644377
E6:71:85:60:00:84,-63,-55,8891,1476644440
E6:71:85:60:00:84,-62,-54,8951,1476644500
E6:71:85:60:00:84,-62,-54,9011,1476644560
E6:71:85:60:00:84,-61,-54,9071,1476644620
E6:71:85:60:00:84,-64,-56,9131,1476644680
E6:71:85:60:00:84,-65,-57,9218,1476644767
E6:71:85:60:00:84,-64,-55,9278,1476644827
E6:71:85:60:00:84,-63,-55,9338,1476644887
E6:71:85:60:00:84,-64,-56,9398,1476644947
E6:71:85:60:00:84,-63,-55,9458,1476645007
E6:71:85:60:00:84,-63,-54,9521,1476645070
E6:71:85:60:00:84,-65,-57,9581,1476645130
E6:71:85:60:00:84,-63,-55,9641,1476645190
E6:71:85:60:00:84,-64,-56,9701,1476645250
E6:71:85:60:00:84,-63,-54,9761,1476645310
E6:71:85:60:00:84,-63,-54,9824,1476645373
E6:71:85:60:00:84,-64,-56,9884,1476645433
E6:71:85:60:00:84,-66,-56,9944,1476645493
E6:71:85:60:00:84,-67,-56,10004,1476645553
E6:71:85:60:00:84,-67,-57,10064,1476645613
E6:71:85:60:00:84,-66,-55,10127,1476645676
E6:71:85:60:00:84,-65,-55,10187,1476645736
E6:71:85:60:00:84,-66,-55,10247,1476645796
E6:71:85:60:00:84,-67,-55,10307,1476645856
E6:71:85:60:00:84,-66,-56,10374,1476645922
E6:71:85:60:00:84,-66,-56,10434,1476645982
E6:71:85:60:00:84,-64,-56,10494,1476646042
E6:71:85:60:00:84,-63,-55,10554,1476646102
E6:71:85:60:00:84,-63,-55,10614,1476646162
E6:71:85:60:00:84,-61,-54,10677,1476646225
E6:71:85:60:00:84,-64,-55,10737,1476646285
E6:71:85:60:00:84,-65,-57,10797,1476646345
E6:71:85:60:00:84,-64,-56,10857,1476646405
E6:71:85:60:00:84,-66,-57,10917,1476646465
E6:71:85:60:00:84,-66,-58,10980,1476646529
E6:71:85:60:00:84,-64,-56,11040,1476646589
E6:71:85:60:00:84,-63,-55,11100,1476646649
E6:71:85:60:00:84,-65,-57,11160,1476646709
E6:71:85:60:00:84,-66,-57,11220,1476646769
E6:71:85:60:00:84,-67,-58,11283,1476646832
E6:71:85:60:00:84,-64,-55,11343,1476646892
E6:71:85:60:00:84,-66,-57,11403,1476646952
E6:71:85:60:00:84,-64,-57,11463,1476647012
E6:71:85:60:00:84,-66,-57,11523,1476647072
E6:71:85:60:00:84,-66,-58,11586,1476647135
E6:71:85:60:00:84,-65,-57,11646,1476647195
E6:71:85:60:00:84,-64,-55,11706,1476647255
E6:71:85:60:00:84,-66,-57,11766,1476647315
E6:71:85:60:00:84,-66,-56,11826,1476647375
E6:71:85:60:00:84,-65,-56,11912,1476647461
E6:71:85:60:00:84,-65,-56,11972,1476647521
E6:71:85:60:00:84,-66,-57,12032,1476647581
E6:71:85:60:00:84,-66,-57,12092,1476647641
E6:71:85:60:00:84,-65,-55,12152,1476647701
E6:71:85:60:00:84,-66,-56,12212,1476647761
E6:71:85:60:00:84,-66,-56,12272,1476647821
E6:71:85:60:00:84,-66,-56,12332,1476647881
E6:71:85:60:00:84,-66,-57,12392,1476647941
E6:71:85:60:00:84,-66,-58,12478,1476648027
E6:71:85:60:00:84,-66,-57,12538,1476648087
E6:71:85:60:00:84,-66,-58,12598,1476648147
E6:71:85:60:00:84,-65,-57,12658,1476648207
E6:71:85:60:00:84,-65,-57,12718,1476648267
E6:71:85:60:00:84,-66,-58,12781,1476648330
E6:71:85:60:00:84,-66,-58,12841,1476648390
E6:71:85:60:00:84,-66,-57,12901,1476648450
E6:71:85:60:00:84,-66,-57,12961,1476648510
E6:71:85:60:00:84,-65,-57,13021,1476648570
E6:71:85:60:00:84,-66,-58,13084,1476648633
E6:71:85:60:00:84,-66,-58,13144,1476648693
E6:71:85:60:00:84,-66,-58,13204,1476648753
E6:71:85:60:00:84,-66,-57,13264,1476648813
E6:71:85:60:00:84,-66,-58,13324,1476648873
E6:71:85:60:00:84,-67,-58,13387,1476648936
E6:71:85:60:00:84,-66,-58,13447,1476648996
E6:71:85:60:00:84,-66,-58,13507,1476649056
E6:71:85:60:00:84,-66,-58,13567,1476649116
E6:71:85:60:00:84,-65,-56,13627,1476649176
E6:71:85:60:00:84,-64,-57,13690,1476649239
E6:71:85:60:00:84,-66,-57,13750,1476649299
E6:71:85:60:00:84,-66,-57,13810,1476649359
E6:71:85:60:00:84,-65,-58,13870,1476649419
E6:71:85:60:00:84,-66,-58,13930,1476649479
E6:71:85:60:00:84,-67,-57,13990,1476649539
E6:71:85:60:00:84,-66,-56,14050,1476649599
E6:71:85:60:00:84,-64,-55,14110,1476649659
E6:71:85:60:00:84,-66,-56,14170,1476649719
