Client_MAC,Rssi0,Rssi1,Connection_Time,EpocTime
E6:71:85:60:00:84,-65,-56,28460,1476664008
E6:71:85:60:00:84,-64,-55,28520,1476664068
E6:71:85:60:00:84,-65,-57,28580,1476664128
E6:71:85:60:00:84,-66,-57,28640,1476664188
E6:71:85:60:00:84,-66,-58,28700,1476664248
E6:71:85:60:00:84,-65,-56,28763,1476664312
E6:71:85:60:00:84,-62,-54,28823,1476664372
E6:71:85:60:00:84,-68,-58,28883,1476664432
E6:71:85:60:00:84,-68,-58,28943,1476664492
E6:71:85:60:00:84,-68,-58,29003,1476664552
E6:71:85:60:00:84,-68,-59,29066,1476664615
E6:71:85:60:00:84,-68,-59,29126,1476664675
E6:71:85:60:00:84,-66,-57,29186,1476664735
E6:71:85:60:00:84,-67,-58,29246,1476664795
E6:71:85:60:00:84,-68,-58,29306,1476664855
E6:71:85:60:00:84,-68,-58,29369,1476664918
E6:71:85:60:00:84,-68,-58,29429,1476664978
E6:71:85:60:00:84,-68,-58,29489,1476665038
E6:71:85:60:00:84,-68,-58,29549,1476665098
E6:71:85:60:00:84,-66,-55,29609,1476665158
E6:71:85:60:00:84,-68,-58,29672,1476665221
E6:71:85:60:00:84,-68,-58,29732,1476665281
E6:71:85:60:00:84,-68,-58,29792,1476665341
E6:71:85:60:00:84,-68,-57,29852,1476665401
E6:71:85:60:00:84,-68,-59,29912,1476665461
E6:71:85:60:00:84,-67,-58,29972,1476665521
30:75:12:BF:95:3C,-61,-57,47,1476665521
E6:71:85:60:00:84,-67,-58,30032,1476665581
30:75:12:BF:95:3C,-59,-58,107,1476665581
E6:71:85:60:00:84,-67,-57,30092,1476665641
30:75:12:BF:95:3C,-64,-57,167,1476665641
E6:71:85:60:00:84,-67,-57,30152,1476665701
E6:71:85:60:00:84,-68,-59,30230,1476665778
E6:71:85:60:00:84,-67,-57,30290,1476665838
E6:71:85:60:00:84,-67,-57,30350,1476665898
E6:71:85:60:00:84,-67,-57,30410,1476665958
E6:71:85:60:00:84,-67,-58,30470,1476666018
E6:71:85:60:00:84,-68,-58,30533,1476666081
E6:71:85:60:00:84,-66,-57,30593,1476666141
E6:71:85:60:00:84,-67,-57,30653,1476666201
E6:71:85:60:00:84,-67,-57,30713,1476666261
E6:71:85:60:00:84,-67,-58,30773,1476666321
E6:71:85:60:00:84,-67,-58,30836,1476666385
E6:71:85:60:00:84,-66,-60,30896,1476666445
E6:71:85:60:00:84,-67,-60,30956,1476666505
5C:E0:C5:C8:D3:D1,-33,-33,42,1476666505
E6:71:85:60:00:84,-67,-60,31016,1476666565
5C:E0:C5:C8:D3:D1,-33,-30,102,1476666565
E6:71:85:60:00:84,-67,-58,31076,1476666625
5C:E0:C5:C8:D3:D1,-38,-36,162,1476666625
E6:71:85:60:00:84,-66,-63,31139,1476666688
5C:E0:C5:C8:D3:D1,-38,-36,225,1476666688
E6:71:85:60:00:84,-68,-64,31199,1476666748
5C:E0:C5:C8:D3:D1,-39,-39,285,1476666748
E6:71:85:60:00:84,-67,-66,31259,1476666808
5C:E0:C5:C8:D3:D1,-37,-39,345,1476666808
E6:71:85:60:00:84,-67,-64,31319,1476666868
5C:E0:C5:C8:D3:D1,-40,-39,405,1476666868
E6:71:85:60:00:84,-65,-60,31379,1476666928
5C:E0:C5:C8:D3:D1,-41,-40,465,1476666928
E6:71:85:60:00:84,-68,-67,31442,1476666991
5C:E0:C5:C8:D3:D1,-40,-40,528,1476666991
E6:71:85:60:00:84,-65,-65,31502,1476667051
5C:E0:C5:C8:D3:D1,-41,-42,588,1476667051
E6:71:85:60:00:84,-64,-63,31562,1476667111
5C:E0:C5:C8:D3:D1,-41,-37,648,1476667111
E6:71:85:60:00:84,-66,-66,31622,1476667171
5C:E0:C5:C8:D3:D1,-36,-31,708,1476667171
E6:71:85:60:00:84,-66,-66,31682,1476667231
5C:E0:C5:C8:D3:D1,-38,-33,768,1476667231
E6:71:85:60:00:84,-65,-64,31742,1476667291
5C:E0:C5:C8:D3:D1,-36,-31,828,1476667291
E6:71:85:60:00:84,-67,-67,31802,1476667351
5C:E0:C5:C8:D3:D1,-36,-31,888,1476667351
E6:71:85:60:00:84,-66,-66,31862,1476667411
5C:E0:C5:C8:D3:D1,-36,-32,948,1476667411
E6:71:85:60:00:84,-66,-64,31922,1476667471
5C:E0:C5:C8:D3:D1,-37,-34,1008,1476667471
E6:71:85:60:00:84,-65,-62,31985,1476667534
5C:E0:C5:C8:D3:D1,-37,-34,1071,1476667534
E6:71:85:60:00:84,-64,-67,32045,1476667594
5C:E0:C5:C8:D3:D1,-45,-42,1131,1476667594
E6:71:85:60:00:84,-63,-65,32105,1476667654
5C:E0:C5:C8:D3:D1,-37,-33,1191,1476667654
E6:71:85:60:00:84,-65,-59,32165,1476667714
5C:E0:C5:C8:D3:D1,-38,-34,1251,1476667714
E6:71:85:60:00:84,-66,-60,32225,1476667774
5C:E0:C5:C8:D3:D1,-38,-34,1311,1476667774
E6:71:85:60:00:84,-65,-60,32288,1476667837
5C:E0:C5:C8:D3:D1,-38,-34,1374,1476667837
E6:71:85:60:00:84,-65,-59,32348,1476667897
5C:E0:C5:C8:D3:D1,-38,-34,1434,1476667897
E6:71:85:60:00:84,-65,-59,32408,1476667957
5C:E0:C5:C8:D3:D1,-38,-34,1494,1476667957
E6:71:85:60:00:84,-65,-59,32468,1476668017
5C:E0:C5:C8:D3:D1,-38,-34,1554,1476668017
E6:71:85:60:00:84,-64,-58,32528,1476668077
5C:E0:C5:C8:D3:D1,-38,-34,1614,1476668077
E6:71:85:60:00:84,-65,-59,32591,1476668140
5C:E0:C5:C8:D3:D1,-38,-34,1677,1476668140
E6:71:85:60:00:84,-63,-57,32651,1476668200
5C:E0:C5:C8:D3:D1,-38,-34,1737,1476668200
E6:71:85:60:00:84,-66,-60,32711,1476668260
5C:E0:C5:C8:D3:D1,-38,-34,1797,1476668260
E6:71:85:60:00:84,-66,-59,32771,1476668320
5C:E0:C5:C8:D3:D1,-37,-35,1857,1476668320
E6:71:85:60:00:84,-64,-60,32831,1476668380
5C:E0:C5:C8:D3:D1,-38,-34,1917,1476668380
E6:71:85:60:00:84,-65,-60,32894,1476668443
5C:E0:C5:C8:D3:D1,-38,-34,1980,1476668443
E6:71:85:60:00:84,-61,-57,32954,1476668503
5C:E0:C5:C8:D3:D1,-38,-34,2040,1476668503
E6:71:85:60:00:84,-63,-57,33014,1476668563
5C:E0:C5:C8:D3:D1,-38,-34,2100,1476668563
E6:71:85:60:00:84,-63,-57,33074,1476668623
5C:E0:C5:C8:D3:D1,-38,-34,2160,1476668623
E6:71:85:60:00:84,-63,-62,33134,1476668683
5C:E0:C5:C8:D3:D1,-37,-35,2220,1476668683
E6:71:85:60:00:84,-64,-67,33219,1476668767
5C:E0:C5:C8:D3:D1,-38,-34,2305,1476668767
E6:71:85:60:00:84,-63,-67,33279,1476668827
5C:E0:C5:C8:D3:D1,-39,-36,2365,1476668827
E6:71:85:60:00:84,-65,-66,33339,1476668887
5C:E0:C5:C8:D3:D1,-38,-33,2425,1476668887
E6:71:85:60:00:84,-66,-64,33399,1476668947
5C:E0:C5:C8:D3:D1,-37,-34,2485,1476668947
E6:71:85:60:00:84,-65,-64,33459,1476669007
5C:E0:C5:C8:D3:D1,-38,-35,2545,1476669007
E6:71:85:60:00:84,-64,-64,33519,1476669067
5C:E0:C5:C8:D3:D1,-37,-35,2605,1476669067
E6:71:85:60:00:84,-64,-64,33579,1476669127
5C:E0:C5:C8:D3:D1,-37,-34,2665,1476669127
E6:71:85:60:00:84,-64,-63,33639,1476669187
5C:E0:C5:C8:D3:D1,-37,-34,2725,1476669187
E6:71:85:60:00:84,-65,-64,33699,1476669247
5C:E0:C5:C8:D3:D1,-37,-34,2785,1476669247
E6:71:85:60:00:84,-65,-65,33762,1476669310
5C:E0:C5:C8:D3:D1,-38,-33,2848,1476669310
E6:71:85:60:00:84,-64,-64,33822,1476669370
5C:E0:C5:C8:D3:D1,-37,-34,2908,1476669370
E6:71:85:60:00:84,-63,-62,33882,1476669430
5C:E0:C5:C8:D3:D1,-37,-34,2968,1476669430
E6:71:85:60:00:84,-64,-63,33942,1476669490
5C:E0:C5:C8:D3:D1,-38,-34,3028,1476669490
E6:71:85:60:00:84,-65,-60,34002,1476669550
5C:E0:C5:C8:D3:D1,-35,-31,3088,1476669550
E6:71:85:60:00:84,-63,-58,34065,1476669613
5C:E0:C5:C8:D3:D1,-37,-34,3151,1476669613
E6:71:85:60:00:84,-61,-60,34125,1476669673
5C:E0:C5:C8:D3:D1,-35,-31,3211,1476669673
E6:71:85:60:00:84,-64,-61,34185,1476669733
5C:E0:C5:C8:D3:D1,-52,-49,3271,1476669733
E6:71:85:60:00:84,-67,-62,34245,1476669793
5C:E0:C5:C8:D3:D1,-52,-46,3331,1476669793
E6:71:85:60:00:84,-66,-62,34305,1476669854
5C:E0:C5:C8:D3:D1,-58,-45,3391,1476669854
E6:71:85:60:00:84,-65,-63,34368,1476669917
5C:E0:C5:C8:D3:D1,-59,-44,3454,1476669917
E6:71:85:60:00:84,-65,-61,34428,1476669977
5C:E0:C5:C8:D3:D1,-57,-39,3514,1476669977
E6:71:85:60:00:84,-66,-64,34488,1476670037
5C:E0:C5:C8:D3:D1,-55,-48,3574,1476670037
E6:71:85:60:00:84,-62,-60,34548,1476670097
5C:E0:C5:C8:D3:D1,-44,-42,3634,1476670097
E6:71:85:60:00:84,-64,-61,34608,1476670157
5C:E0:C5:C8:D3:D1,-38,-35,3694,1476670157
E6:71:85:60:00:84,-62,-61,34671,1476670220
5C:E0:C5:C8:D3:D1,-41,-36,3757,1476670220
E6:71:85:60:00:84,-66,-64,34731,1476670280
5C:E0:C5:C8:D3:D1,-49,-37,3817,1476670280
E6:71:85:60:00:84,-64,-58,34791,1476670340
5C:E0:C5:C8:D3:D1,-50,-42,3877,1476670340
E6:71:85:60:00:84,-65,-63,34851,1476670400
5C:E0:C5:C8:D3:D1,-48,-36,3937,1476670400
E6:71:85:60:00:84,-66,-63,34911,1476670460
5C:E0:C5:C8:D3:D1,-47,-36,3997,1476670460
E6:71:85:60:00:84,-66,-65,34996,1476670545
5C:E0:C5:C8:D3:D1,-48,-42,4082,1476670545
E6:71:85:60:00:84,-65,-64,35056,1476670605
5C:E0:C5:C8:D3:D1,-43,-31,4142,1476670605
E6:71:85:60:00:84,-63,-60,35116,1476670665
5C:E0:C5:C8:D3:D1,-43,-33,4202,1476670665
E6:71:85:60:00:84,-64,-61,35176,1476670725
5C:E0:C5:C8:D3:D1,-44,-34,4262,1476670725
E6:71:85:60:00:84,-63,-62,35236,1476670785
5C:E0:C5:C8:D3:D1,-44,-34,4322,1476670785
E6:71:85:60:00:84,-63,-60,35296,1476670845
5C:E0:C5:C8:D3:D1,-40,-38,4382,1476670845
E6:71:85:60:00:84,-63,-61,35356,1476670905
5C:E0:C5:C8:D3:D1,-44,-33,4442,1476670905
E6:71:85:60:00:84,-64,-62,35416,1476670965
5C:E0:C5:C8:D3:D1,-39,-42,4502,1476670965
E6:71:85:60:00:84,-63,-61,35476,1476671025
5C:E0:C5:C8:D3:D1,-43,-33,4562,1476671025
E6:71:85:60:00:84,-66,-63,35539,1476671088
5C:E0:C5:C8:D3:D1,-42,-43,4625,1476671088
E6:71:85:60:00:84,-66,-63,35599,1476671148
5C:E0:C5:C8:D3:D1,-41,-33,4685,1476671148
E6:71:85:60:00:84,-63,-62,35659,1476671208
5C:E0:C5:C8:D3:D1,-41,-35,4745,1476671208
E6:71:85:60:00:84,-65,-61,35719,1476671268
5C:E0:C5:C8:D3:D1,-43,-40,4805,1476671268
E6:71:85:60:00:84,-65,-60,35779,1476671328
5C:E0:C5:C8:D3:D1,-45,-37,4865,1476671328
E6:71:85:60:00:84,-66,-63,35842,1476671391
5C:E0:C5:C8:D3:D1,-55,-39,4928,1476671391
E6:71:85:60:00:84,-62,-56,35902,1476671451
5C:E0:C5:C8:D3:D1,-52,-34,4988,1476671451
E6:71:85:60:00:84,-63,-57,35962,1476671511
5C:E0:C5:C8:D3:D1,-65,-33,5048,1476671511
E6:71:85:60:00:84,-64,-54,36022,1476671571
5C:E0:C5:C8:D3:D1,-58,-34,5108,1476671571
E6:71:85:60:00:84,-64,-55,36082,1476671631
5C:E0:C5:C8:D3:D1,-52,-33,5168,1476671631
E6:71:85:60:00:84,-62,-53,36145,1476671694
5C:E0:C5:C8:D3:D1,-60,-34,5231,1476671694
E6:71:85:60:00:84,-64,-55,36205,1476671754
5C:E0:C5:C8:D3:D1,-52,-33,5291,1476671754
E6:71:85:60:00:84,-64,-56,36265,1476671814
5C:E0:C5:C8:D3:D1,-53,-33,5351,1476671814
E6:71:85:60:00:84,-64,-56,36325,1476671874
5C:E0:C5:C8:D3:D1,-54,-34,5411,1476671874
E6:71:85:60:00:84,-63,-54,36385,1476671934
5C:E0:C5:C8:D3:D1,-66,-33,5471,1476671934
E6:71:85:60:00:84,-65,-56,36449,1476671997
5C:E0:C5:C8:D3:D1,-60,-33,5535,1476671997
E6:71:85:60:00:84,-64,-55,36509,1476672057
5C:E0:C5:C8:D3:D1,-60,-34,5595,1476672057
E6:71:85:60:00:84,-63,-55,36569,1476672117
5C:E0:C5:C8:D3:D1,-60,-34,5655,1476672117
E6:71:85:60:00:84,-65,-56,36629,1476672177
5C:E0:C5:C8:D3:D1,-42,-40,5715,1476672177
E6:71:85:60:00:84,-66,-60,36689,1476672237
5C:E0:C5:C8:D3:D1,-47,-38,5775,1476672237
E6:71:85:60:00:84,-66,-63,36752,1476672300
5C:E0:C5:C8:D3:D1,-48,-36,5838,1476672300
E6:71:85:60:00:84,-64,-61,36812,1476672360
5C:E0:C5:C8:D3:D1,-48,-43,5898,1476672360
E6:71:85:60:00:84,-65,-57,36872,1476672420
5C:E0:C5:C8:D3:D1,-56,-33,5958,1476672420
E6:71:85:60:00:84,-66,-60,36932,1476672480
5C:E0:C5:C8:D3:D1,-51,-33,6018,1476672480
E6:71:85:60:00:84,-62,-55,36992,1476672540
5C:E0:C5:C8:D3:D1,-56,-33,6078,1476672540
E6:71:85:60:00:84,-62,-52,37052,1476672600
5C:E0:C5:C8:D3:D1,-51,-33,6138,1476672600
E6:71:85:60:00:84,-62,-53,37112,1476672660
5C:E0:C5:C8:D3:D1,-40,-40,6198,1476672660
E6:71:85:60:00:84,-61,-54,37172,1476672720
5C:E0:C5:C8:D3:D1,-59,-32,6258,1476672720
E6:71:85:60:00:84,-64,-56,37232,1476672780
