Client_MAC,Rssi0,Rssi1,Connection_Time,EpocTime
E6:71:85:60:00:84,-66,-62,2609,1476471517
E6:71:85:60:00:84,-66,-62,2669,1476471577
E6:71:85:60:00:84,-66,-63,2729,1476471637
E6:71:85:60:00:84,-66,-63,2789,1476471697
E6:71:85:60:00:84,-66,-62,2849,1476471757
E6:71:85:60:00:84,-66,-62,2912,1476471820
E6:71:85:60:00:84,-69,-65,2972,1476471880
E6:71:85:60:00:84,-67,-63,3032,1476471940
E6:71:85:60:00:84,-67,-64,3092,1476472000
E6:71:85:60:00:84,-67,-64,3152,1476472060
E6:71:85:60:00:84,-66,-63,3215,1476472123
E6:71:85:60:00:84,-65,-61,3275,1476472183
E6:71:85:60:00:84,-66,-62,3335,1476472243
E6:71:85:60:00:84,-67,-64,3395,1476472303
E6:71:85:60:00:84,-67,-63,3461,1476472370
E6:71:85:60:00:84,-67,-64,3521,1476472430
E6:71:85:60:00:84,-65,-63,3581,1476472490
E6:71:85:60:00:84,-66,-63,3641,1476472550
E6:71:85:60:00:84,-65,-63,3701,1476472610
E6:71:85:60:00:84,-66,-63,3765,1476472673
E6:71:85:60:00:84,-66,-63,3825,1476472733
E6:71:85:60:00:84,-65,-64,3885,1476472793
E6:71:85:60:00:84,-66,-63,3945,1476472853
E6:71:85:60:00:84,-65,-62,4005,1476472913
E6:71:85:60:00:84,-66,-63,4068,1476472976
E6:71:85:60:00:84,-65,-63,4128,1476473036
E6:71:85:60:00:84,-66,-64,4188,1476473096
E6:71:85:60:00:84,-65,-63,4248,1476473156
E6:71:85:60:00:84,-65,-63,4308,1476473216
E6:71:85:60:00:84,-66,-64,4371,1476473279
E6:71:85:60:00:84,-66,-63,4431,1476473339
E6:71:85:60:00:84,-66,-64,4491,1476473399
E6:71:85:60:00:84,-66,-63,4551,1476473459
E6:71:85:60:00:84,-66,-63,4611,1476473519
E6:71:85:60:00:84,-65,-63,4674,1476473582
E6:71:85:60:00:84,-65,-63,4734,1476473642
E6:71:85:60:00:84,-65,-63,4794,1476473702
E6:71:85:60:00:84,-65,-63,4854,1476473762
E6:71:85:60:00:84,-65,-62,4914,1476473822
E6:71:85:60:00:84,-65,-62,4999,1476473907
E6:71:85:60:00:84,-68,-64,5059,1476473967
E6:71:85:60:00:84,-68,-64,5119,1476474027
E6:71:85:60:00:84,-68,-64,5179,1476474088
E6:71:85:60:00:84,-68,-64,5239,1476474148
E6:71:85:60:00:84,-66,-62,5299,1476474208
E6:71:85:60:00:84,-68,-64,5359,1476474268
E6:71:85:60:00:84,-69,-64,5419,1476474328
E6:71:85:60:00:84,-68,-64,5479,1476474388
E6:71:85:60:00:84,-69,-64,5566,1476474474
E6:71:85:60:00:84,-70,-64,5626,1476474534
E6:71:85:60:00:84,-69,-64,5686,1476474594
E6:71:85:60:00:84,-68,-64,5746,1476474654
E6:71:85:60:00:84,-66,-62,5806,1476474714
E6:71:85:60:00:84,-66,-63,5869,1476474777
E6:71:85:60:00:84,-67,-63,5929,1476474837
E6:71:85:60:00:84,-66,-63,5989,1476474897
E6:71:85:60:00:84,-66,-63,6049,1476474957
E6:71:85:60:00:84,-66,-62,6109,1476475017
E6:71:85:60:00:84,-67,-64,6172,1476475080
E6:71:85:60:00:84,-67,-64,6232,1476475140
E6:71:85:60:00:84,-68,-64,6292,1476475200
E6:71:85:60:00:84,-67,-64,6352,1476475260
E6:71:85:60:00:84,-68,-64,6412,1476475320
E6:71:85:60:00:84,-67,-64,6475,1476475383
E6:71:85:60:00:84,-68,-64,6535,1476475443
E6:71:85:60:00:84,-67,-64,6595,1476475503
E6:71:85:60:00:84,-66,-62,6655,1476475563
E6:71:85:60:00:84,-67,-63,6715,1476475623
E6:71:85:60:00:84,-66,-62,6778,1476475686
E6:71:85:60:00:84,-68,-64,6838,1476475746
E6:71:85:60:00:84,-67,-63,6898,1476475806
E6:71:85:60:00:84,-68,-64,6958,1476475866
E6:71:85:60:00:84,-66,-63,7018,1476475926
E6:71:85:60:00:84,-65,-63,7078,1476475986
E6:71:85:60:00:84,-66,-63,7138,1476476046
E6:71:85:60:00:84,-65,-63,7198,1476476106
E6:71:85:60:00:84,-64,-62,7258,1476476166
E6:71:85:60:00:84,-64,-61,7321,1476476229
E6:71:85:60:00:84,-65,-61,7381,1476476289
E6:71:85:60:00:84,-64,-61,7441,1476476349
E6:71:85:60:00:84,-64,-61,7501,1476476409
E6:71:85:60:00:84,-65,-62,7561,1476476469
E6:71:85:60:00:84,-66,-63,7624,1476476532
E6:71:85:60:00:84,-66,-63,7684,1476476592
E6:71:85:60:00:84,-66,-64,7744,1476476652
E6:71:85:60:00:84,-65,-63,7804,1476476712
E6:71:85:60:00:84,-68,-63,7864,1476476772
E6:71:85:60:00:84,-70,-64,7927,1476476835
E6:71:85:60:00:84,-69,-63,7987,1476476895
E6:71:85:60:00:84,-68,-63,8047,1476476955
E6:71:85:60:00:84,-69,-64,8107,1476477015
E6:71:85:60:00:84,-67,-61,8167,1476477075
E6:71:85:60:00:84,-66,-62,8253,1476477162
E6:71:85:60:00:84,-67,-63,8313,1476477222
E6:71:85:60:00:84,-68,-63,8373,1476477282
E6:71:85:60:00:84,-69,-64,8433,1476477342
E6:71:85:60:00:84,-68,-63,8493,1476477402
E6:71:85:60:00:84,-70,-65,8556,1476477465
E6:71:85:60:00:84,-69,-65,8616,1476477525
E6:71:85:60:00:84,-69,-64,8676,1476477585
E6:71:85:60:00:84,-70,-64,8736,1476477645
E6:71:85:60:00:84,-70,-64,8796,1476477705
E6:71:85:60:00:84,-70,-64,8856,1476477765
E6:71:85:60:00:84,-70,-64,8916,1476477825
E6:71:85:60:00:84,-68,-63,8976,1476477885
E6:71:85:60:00:84,-68,-63,9037,1476477945
E6:71:85:60:00:84,-66,-61,9100,1476478008
E6:71:85:60:00:84,-66,-62,9160,1476478068
E6:71:85:60:00:84,-67,-62,9220,1476478128
E6:71:85:60:00:84,-67,-62,9280,1476478188
E6:71:85:60:00:84,-68,-63,9340,1476478248
E6:71:85:60:00:84,-69,-63,9418,1476478326
E6:71:85:60:00:84,-69,-64,9478,1476478386
E6:71:85:60:00:84,-69,-64,9538,1476478446
E6:71:85:60:00:84,-67,-61,9598,1476478506
E6:71:85:60:00:84,-67,-62,9658,1476478566
E6:71:85:60:00:84,-67,-62,9721,1476478629
E6:71:85:60:00:84,-67,-62,9781,1476478689
E6:71:85:60:00:84,-68,-62,9841,1476478749
E6:71:85:60:00:84,-69,-63,9901,1476478809
E6:71:85:60:00:84,-68,-63,9961,1476478869
E6:71:85:60:00:84,-69,-63,10024,1476478932
E6:71:85:60:00:84,-69,-64,10084,1476478992
E6:71:85:60:00:84,-67,-62,10144,1476479052
E6:71:85:60:00:84,-68,-63,10204,1476479112
E6:71:85:60:00:84,-68,-63,10264,1476479172
E6:71:85:60:00:84,-68,-62,10327,1476479235
E6:71:85:60:00:84,-71,-63,10387,1476479295
E6:71:85:60:00:84,-67,-61,10447,1476479355
E6:71:85:60:00:84,-68,-63,10507,1476479415
E6:71:85:60:00:84,-70,-64,10567,1476479475
E6:71:85:60:00:84,-70,-65,10627,1476479535
E6:71:85:60:00:84,-70,-65,10687,1476479595
E6:71:85:60:00:84,-70,-65,10747,1476479655
E6:71:85:60:00:84,-69,-65,10807,1476479715
E6:71:85:60:00:84,-68,-64,10870,1476479778
E6:71:85:60:00:84,-69,-66,10930,1476479838
E6:71:85:60:00:84,-69,-65,10990,1476479898
E6:71:85:60:00:84,-71,-65,11050,1476479958
E6:71:85:60:00:84,-70,-64,11110,1476480018
E6:71:85:60:00:84,-69,-64,11173,1476480082
E6:71:85:60:00:84,-69,-63,11233,1476480142
E6:71:85:60:00:84,-68,-63,11293,1476480202
E6:71:85:60:00:84,-69,-63,11353,1476480262
E6:71:85:60:00:84,-68,-63,11413,1476480322
E6:71:85:60:00:84,-69,-63,11498,1476480406
E6:71:85:60:00:84,-68,-62,11558,1476480466
E6:71:85:60:00:84,-69,-63,11618,1476480526
E6:71:85:60:00:84,-69,-63,11678,1476480586
E6:71:85:60:00:84,-69,-63,11738,1476480646
E6:71:85:60:00:84,-69,-63,11801,1476480709
E6:71:85:60:00:84,-69,-64,11861,1476480769
E6:71:85:60:00:84,-66,-62,11921,1476480829
E6:71:85:60:00:84,-65,-61,11981,1476480889
E6:71:85:60:00:84,-64,-61,12041,1476480949
E6:71:85:60:00:84,-64,-61,12104,1476481013
E6:71:85:60:00:84,-67,-62,12164,1476481073
E6:71:85:60:00:84,-66,-62,12224,1476481133
E6:71:85:60:00:84,-68,-63,12284,1476481193
E6:71:85:60:00:84,-71,-67,12344,1476481253
E6:71:85:60:00:84,-68,-64,12404,1476481313
E6:71:85:60:00:84,-68,-64,12464,1476481373
E6:71:85:60:00:84,-70,-65,12524,1476481433
E6:71:85:60:00:84,-67,-62,12584,1476481493
E6:71:85:60:00:84,-67,-62,12647,1476481556
E6:71:85:60:00:84,-67,-63,12707,1476481616
E6:71:85:60:00:84,-66,-61,12767,1476481676
E6:71:85:60:00:84,-67,-64,12827,1476481736
E6:71:85:60:00:84,-68,-65,12887,1476481796
E6:71:85:60:00:84,-67,-64,12973,1476481881
E6:71:85:60:00:84,-67,-63,13033,1476481941
E6:71:85:60:00:84,-68,-65,13093,1476482001
E6:71:85:60:00:84,-67,-63,13153,1476482061
E6:71:85:60:00:84,-66,-63,13213,1476482121
E6:71:85:60:00:84,-66,-63,13276,1476482184
E6:71:85:60:00:84,-66,-63,13336,1476482244
E6:71:85:60:00:84,-67,-64,13396,1476482304
E6:71:85:60:00:84,-68,-64,13456,1476482364
E6:71:85:60:00:84,-68,-64,13516,1476482424
E6:71:85:60:00:84,-66,-63,13579,1476482487
E6:71:85:60:00:84,-68,-64,13639,1476482547
E6:71:85:60:00:84,-67,-64,13699,1476482607
E6:71:85:60:00:84,-68,-64,13759,1476482667
E6:71:85:60:00:84,-68,-64,13819,1476482727
E6:71:85:60:00:84,-69,-65,13882,1476482790
E6:71:85:60:00:84,-68,-64,13942,1476482850
E6:71:85:60:00:84,-69,-65,14002,1476482910
E6:71:85:60:00:84,-68,-64,14062,1476482970
E6:71:85:60:00:84,-68,-64,14122,1476483030
E6:71:85:60:00:84,-67,-64,14182,1476483090
E6:71:85:60:00:84,-67,-63,14242,1476483150
E6:71:85:60:00:84,-66,-63,14302,1476483210
E6:71:85:60:00:84,-66,-62,14362,1476483270
E6:71:85:60:00:84,-67,-63,14425,1476483333
E6:71:85:60:00:84,-67,-64,14485,1476483393
E6:71:85:60:00:84,-68,-64,14545,1476483453
E6:71:85:60:00:84,-67,-64,14605,1476483513
E6:71:85:60:00:84,-68,-64,14665,1476483573
E6:71:85:60:00:84,-68,-64,14728,1476483636
E6:71:85:60:00:84,-68,-64,14788,1476483696
E6:71:85:60:00:84,-66,-63,14848,1476483756
E6:71:85:60:00:84,-65,-61,14908,1476483816
E6:71:85:60:00:84,-67,-64,14968,1476483876
E6:71:85:60:00:84,-67,-64,15055,1476483963
E6:71:85:60:00:84,-67,-63,15115,1476484023
E6:71:85:60:00:84,-66,-62,15175,1476484083
E6:71:85:60:00:84,-67,-64,15235,1476484143
E6:71:85:60:00:84,-68,-64,15295,1476484203
E6:71:85:60:00:84,-67,-64,15358,1476484266
E6:71:85:60:00:84,-68,-64,15418,1476484326
E6:71:85:60:00:84,-67,-62,15478,1476484386
E6:71:85:60:00:84,-66,-62,15538,1476484446
E6:71:85:60:00:84,-66,-61,15598,1476484506
E6:71:85:60:00:84,-64,-61,15661,1476484569
E6:71:85:60:00:84,-63,-61,15721,1476484629
E6:71:85:60:00:84,-68,-63,15781,1476484689
E6:71:85:60:00:84,-69,-65,15841,1476484749
E6:71:85:60:00:84,-68,-63,15901,1476484809
E6:71:85:60:00:84,-67,-61,15961,1476484869
E6:71:85:60:00:84,-68,-63,16021,1476484929
E6:71:85:60:00:84,-68,-63,16081,1476484989
E6:71:85:60:00:84,-69,-64,16141,1476485049
E6:71:85:60:00:84,-68,-64,16204,1476485112
E6:71:85:60:00:84,-70,-65,16264,1476485172
E6:71:85:60:00:84,-65,-62,16324,1476485232
E6:71:85:60:00:84,-66,-63,16384,1476485292
E6:71:85:60:00:84,-65,-61,16444,1476485352
E6:71:85:60:00:84,-66,-62,16530,1476485439
E6:71:85:60:00:84,-66,-62,16590,1476485499
E6:71:85:60:00:84,-68,-63,16650,1476485559
E6:71:85:60:00:84,-67,-62,16710,1476485619
E6:71:85:60:00:84,-67,-62,16771,1476485679
E6:71:85:60:00:84,-66,-62,16834,1476485742
E6:71:85:60:00:84,-68,-63,16894,1476485802
E6:71:85:60:00:84,-68,-63,16954,1476485862
E6:71:85:60:00:84,-66,-62,17014,1476485922
E6:71:85:60:00:84,-67,-64,17074,1476485982
