Client_MAC,Rssi0,Rssi1,Connection_Time,EpocTime
E6:71:85:60:00:84,-66,-57,14235,1476649784
E6:71:85:60:00:84,-65,-57,14295,1476649844
E6:71:85:60:00:84,-66,-58,14355,1476649904
E6:71:85:60:00:84,-66,-57,14415,1476649964
E6:71:85:60:00:84,-66,-57,14475,1476650024
E6:71:85:60:00:84,-64,-55,14538,1476650087
E6:71:85:60:00:84,-66,-57,14598,1476650147
E6:71:85:60:00:84,-67,-58,14658,1476650207
E6:71:85:60:00:84,-66,-57,14718,1476650267
E6:71:85:60:00:84,-67,-56,14778,1476650327
E6:71:85:60:00:84,-68,-60,14841,1476650390
E6:71:85:60:00:84,-65,-56,14901,1476650450
E6:71:85:60:00:84,-66,-58,14961,1476650510
E6:71:85:60:00:84,-66,-57,15021,1476650570
E6:71:85:60:00:84,-66,-57,15081,1476650630
E6:71:85:60:00:84,-67,-59,15166,1476650715
E6:71:85:60:00:84,-66,-57,15226,1476650775
E6:71:85:60:00:84,-65,-57,15286,1476650835
E6:71:85:60:00:84,-65,-57,15346,1476650895
E6:71:85:60:00:84,-65,-58,15406,1476650955
E6:71:85:60:00:84,-66,-58,15469,1476651018
E6:71:85:60:00:84,-65,-57,15530,1476651078
E6:71:85:60:00:84,-66,-57,15590,1476651138
E6:71:85:60:00:84,-66,-57,15650,1476651198
E6:71:85:60:00:84,-66,-57,15710,1476651258
E6:71:85:60:00:84,-67,-57,15770,1476651318
E6:71:85:60:00:84,-66,-57,15830,1476651378
E6:71:85:60:00:84,-67,-58,15890,1476651438
E6:71:85:60:00:84,-65,-56,15950,1476651498
E6:71:85:60:00:84,-66,-57,16013,1476651561
E6:71:85:60:00:84,-66,-56,16073,1476651621
E6:71:85:60:00:84,-66,-56,16133,1476651681
E6:71:85:60:00:84,-67,-56,16193,1476651741
E6:71:85:60:00:84,-67,-58,16253,1476651801
E6:71:85:60:00:84,-66,-59,16338,1476651887
E6:71:85:60:00:84,-66,-59,16398,1476651947
E6:71:85:60:00:84,-66,-58,16459,1476652007
E6:71:85:60:00:84,-66,-58,16519,1476652067
E6:71:85:60:00:84,-65,-58,16579,1476652127
E6:71:85:60:00:84,-65,-57,16642,1476652190
E6:71:85:60:00:84,-66,-57,16702,1476652250
E6:71:85:60:00:84,-63,-54,16762,1476652310
E6:71:85:60:00:84,-66,-57,16822,1476652370
E6:71:85:60:00:84,-67,-57,16882,1476652430
E6:71:85:60:00:84,-67,-57,16945,1476652493
E6:71:85:60:00:84,-67,-57,17005,1476652553
E6:71:85:60:00:84,-66,-57,17065,1476652613
E6:71:85:60:00:84,-66,-57,17125,1476652673
E6:71:85:60:00:84,-66,-57,17185,1476652733
E6:71:85:60:00:84,-67,-58,17248,1476652797
E6:71:85:60:00:84,-67,-58,17308,1476652857
E6:71:85:60:00:84,-67,-57,17368,1476652917
E6:71:85:60:00:84,-67,-58,17428,1476652977
E6:71:85:60:00:84,-67,-58,17488,1476653037
E6:71:85:60:00:84,-67,-58,17548,1476653097
E6:71:85:60:00:84,-66,-57,17608,1476653157
E6:71:85:60:00:84,-67,-58,17668,1476653217
E6:71:85:60:00:84,-67,-58,17728,1476653277
E6:71:85:60:00:84,-67,-58,17791,1476653340
E6:71:85:60:00:84,-66,-57,17851,1476653400
E6:71:85:60:00:84,-67,-58,17911,1476653460
E6:71:85:60:00:84,-67,-58,17971,1476653520
E6:71:85:60:00:84,-67,-58,18031,1476653580
E6:71:85:60:00:84,-66,-58,18094,1476653643
E6:71:85:60:00:84,-67,-58,18154,1476653703
E6:71:85:60:00:84,-66,-58,18214,1476653763
E6:71:85:60:00:84,-66,-58,18274,1476653823
E6:71:85:60:00:84,-66,-57,18334,1476653883
E6:71:85:60:00:84,-67,-59,18420,1476653969
E6:71:85:60:00:84,-66,-58,18480,1476654029
E6:71:85:60:00:84,-67,-57,18540,1476654089
E6:71:85:60:00:84,-66,-57,18600,1476654149
E6:71:85:60:00:84,-67,-57,18660,1476654209
E6:71:85:60:00:84,-66,-57,18723,1476654272
E6:71:85:60:00:84,-67,-58,18783,1476654332
E6:71:85:60:00:84,-66,-57,18843,1476654392
E6:71:85:60:00:84,-66,-57,18903,1476654452
E6:71:85:60:00:84,-66,-57,18963,1476654512
E6:71:85:60:00:84,-66,-54,19026,1476654575
E6:71:85:60:00:84,-65,-55,19086,1476654635
E6:71:85:60:00:84,-64,-55,19146,1476654695
E6:71:85:60:00:84,-64,-53,19206,1476654755
E6:71:85:60:00:84,-64,-54,19266,1476654815
E6:71:85:60:00:84,-66,-57,19326,1476654875
E6:71:85:60:00:84,-65,-57,19386,1476654935
E6:71:85:60:00:84,-64,-57,19446,1476654995
E6:71:85:60:00:84,-64,-57,19506,1476655055
E6:71:85:60:00:84,-65,-58,19569,1476655118
E6:71:85:60:00:84,-64,-57,19629,1476655178
E6:71:85:60:00:84,-64,-57,19689,1476655238
E6:71:85:60:00:84,-64,-57,19749,1476655298
E6:71:85:60:00:84,-63,-56,19809,1476655358
E6:71:85:60:00:84,-66,-58,19895,1476655443
E6:71:85:60:00:84,-64,-57,19955,1476655503
E6:71:85:60:00:84,-65,-57,20015,1476655563
E6:71:85:60:00:84,-64,-57,20075,1476655623
E6:71:85:60:00:84,-65,-58,20135,1476655683
E6:71:85:60:00:84,-62,-54,20198,1476655746
E6:71:85:60:00:84,-65,-57,20258,1476655806
E6:71:85:60:00:84,-64,-56,20318,1476655866
E6:71:85:60:00:84,-64,-57,20378,1476655926
E6:71:85:60:00:84,-65,-56,20438,1476655986
E6:71:85:60:00:84,-66,-57,20501,1476656049
E6:71:85:60:00:84,-65,-57,20561,1476656109
E6:71:85:60:00:84,-65,-57,20621,1476656169
E6:71:85:60:00:84,-63,-55,20681,1476656229
E6:71:85:60:00:84,-65,-57,20741,1476656290
E6:71:85:60:00:84,-67,-59,20804,1476656353
E6:71:85:60:00:84,-67,-58,20864,1476656413
E6:71:85:60:00:84,-66,-58,20924,1476656473
E6:71:85:60:00:84,-66,-58,20984,1476656533
E6:71:85:60:00:84,-66,-57,21044,1476656593
E6:71:85:60:00:84,-66,-58,21104,1476656653
E6:71:85:60:00:84,-67,-58,21164,1476656713
E6:71:85:60:00:84,-66,-58,21224,1476656773
E6:71:85:60:00:84,-65,-58,21284,1476656833
E6:71:85:60:00:84,-64,-56,21347,1476656896
E6:71:85:60:00:84,-66,-58,21407,1476656956
E6:71:85:60:00:84,-66,-58,21467,1476657016
E6:71:85:60:00:84,-64,-56,21527,1476657076
E6:71:85:60:00:84,-65,-57,21587,1476657136
E6:71:85:60:00:84,-66,-57,21650,1476657199
E6:71:85:60:00:84,-66,-57,21710,1476657259
E6:71:85:60:00:84,-66,-57,21770,1476657319
E6:71:85:60:00:84,-65,-57,21830,1476657379
E6:71:85:60:00:84,-65,-57,21890,1476657439
E6:71:85:60:00:84,-65,-57,21976,1476657524
E6:71:85:60:00:84,-64,-56,22036,1476657585
E6:71:85:60:00:84,-64,-56,22096,1476657645
E6:71:85:60:00:84,-64,-55,22156,1476657705
E6:71:85:60:00:84,-63,-55,22216,1476657765
E6:71:85:60:00:84,-63,-55,22279,1476657828
E6:71:85:60:00:84,-63,-55,22339,1476657888
E6:71:85:60:00:84,-63,-55,22399,1476657948
E6:71:85:60:00:84,-66,-58,22459,1476658008
E6:71:85:60:00:84,-65,-58,22519,1476658068
E6:71:85:60:00:84,-65,-57,22582,1476658131
E6:71:85:60:00:84,-65,-57,22642,1476658191
E6:71:85:60:00:84,-65,-57,22702,1476658251
E6:71:85:60:00:84,-63,-56,22762,1476658311
E6:71:85:60:00:84,-65,-58,22822,1476658371
E6:71:85:60:00:84,-65,-57,22882,1476658431
E6:71:85:60:00:84,-65,-58,22942,1476658491
E6:71:85:60:00:84,-64,-55,23002,1476658551
E6:71:85:60:00:84,-65,-58,23062,1476658611
E6:71:85:60:00:84,-65,-57,23125,1476658674
E6:71:85:60:00:84,-65,-57,23185,1476658734
E6:71:85:60:00:84,-65,-56,23245,1476658794
E6:71:85:60:00:84,-65,-56,23305,1476658854
E6:71:85:60:00:84,-65,-56,23365,1476658914
E6:71:85:60:00:84,-67,-59,23450,1476658999
E6:71:85:60:00:84,-66,-57,23510,1476659059
E6:71:85:60:00:84,-66,-57,23570,1476659119
E6:71:85:60:00:84,-66,-57,23630,1476659179
E6:71:85:60:00:84,-66,-57,23690,1476659239
E6:71:85:60:00:84,-66,-57,23753,1476659302
E6:71:85:60:00:84,-66,-57,23813,1476659362
E6:71:85:60:00:84,-66,-57,23873,1476659422
E6:71:85:60:00:84,-66,-57,23933,1476659482
E6:71:85:60:00:84,-66,-58,23993,1476659542
E6:71:85:60:00:84,-63,-56,24056,1476659605
E6:71:85:60:00:84,-65,-57,24116,1476659665
E6:71:85:60:00:84,-65,-57,24176,1476659725
E6:71:85:60:00:84,-66,-57,24236,1476659785
E6:71:85:60:00:84,-65,-57,24296,1476659845
E6:71:85:60:00:84,-66,-58,24359,1476659908
E6:71:85:60:00:84,-66,-58,24419,1476659968
E6:71:85:60:00:84,-65,-57,24479,1476660028
E6:71:85:60:00:84,-66,-58,24539,1476660088
E6:71:85:60:00:84,-66,-58,24599,1476660148
E6:71:85:60:00:84,-67,-59,24659,1476660208
E6:71:85:60:00:84,-66,-58,24719,1476660268
E6:71:85:60:00:84,-66,-58,24779,1476660328
E6:71:85:60:00:84,-66,-58,24839,1476660388
E6:71:85:60:00:84,-66,-58,24902,1476660451
E6:71:85:60:00:84,-66,-58,24962,1476660511
E6:71:85:60:00:84,-67,-58,25022,1476660571
E6:71:85:60:00:84,-67,-58,25082,1476660631
E6:71:85:60:00:84,-67,-58,25142,1476660691
E6:71:85:60:00:84,-64,-56,25205,1476660754
E6:71:85:60:00:84,-65,-55,25265,1476660814
E6:71:85:60:00:84,-65,-56,25325,1476660874
E6:71:85:60:00:84,-64,-56,25385,1476660934
E6:71:85:60:00:84,-64,-54,25445,1476660994
E6:71:85:60:00:84,-63,-55,25508,1476661057
E6:71:85:60:00:84,-66,-57,25568,1476661117
E6:71:85:60:00:84,-63,-55,25628,1476661177
E6:71:85:60:00:84,-65,-58,25688,1476661237
E6:71:85:60:00:84,-66,-57,25748,1476661297
E6:71:85:60:00:84,-67,-59,25811,1476661360
E6:71:85:60:00:84,-67,-58,25871,1476661420
E6:71:85:60:00:84,-67,-58,25931,1476661480
E6:71:85:60:00:84,-66,-57,25991,1476661540
E6:71:85:60:00:84,-65,-57,26051,1476661600
E6:71:85:60:00:84,-67,-58,26114,1476661663
E6:71:85:60:00:84,-65,-57,26174,1476661723
E6:71:85:60:00:84,-66,-58,26234,1476661783
E6:71:85:60:00:84,-66,-57,26294,1476661843
E6:71:85:60:00:84,-66,-57,26354,1476661903
E6:71:85:60:00:84,-65,-57,26414,1476661963
E6:71:85:60:00:84,-67,-58,26474,1476662023
E6:71:85:60:00:84,-67,-58,26535,1476662083
E6:71:85:60:00:84,-67,-58,26595,1476662143
E6:71:85:60:00:84,-66,-58,26658,1476662206
E6:71:85:60:00:84,-66,-57,26718,1476662266
E6:71:85:60:00:84,-66,-58,26778,1476662326
E6:71:85:60:00:84,-66,-58,26838,1476662386
E6:71:85:60:00:84,-66,-58,26898,1476662446
E6:71:85:60:00:84,-66,-58,26961,1476662509
E6:71:85:60:00:84,-66,-57,27021,1476662569
E6:71:85:60:00:84,-65,-55,27081,1476662629
E6:71:85:60:00:84,-66,-57,27141,1476662689
E6:71:85:60:00:84,-65,-57,27201,1476662749
E6:71:85:60:00:84,-66,-58,27264,1476662812
E6:71:85:60:00:84,-65,-57,27324,1476662872
E6:71:85:60:00:84,-66,-57,27384,1476662932
E6:71:85:60:00:84,-66,-58,27444,1476662992
E6:71:85:60:00:84,-66,-58,27504,1476663052
E6:71:85:60:00:84,-66,-57,27567,1476663116
E6:71:85:60:00:84,-65,-57,27627,1476663176
E6:71:85:60:00:84,-65,-57,27687,1476663236
E6:71:85:60:00:84,-65,-57,27747,1476663296
E6:71:85:60:00:84,-63,-54,27807,1476663356
E6:71:85:60:00:84,-67,-58,27892,1476663440
E6:71:85:60:00:84,-66,-58,27952,1476663500
E6:71:85:60:00:84,-65,-56,28012,1476663560
E6:71:85:60:00:84,-65,-56,28072,1476663620
E6:71:85:60:00:84,-65,-57,28132,1476663680
E6:71:85:60:00:84,-65,-57,28192,1476663740
E6:71:85:60:00:84,-64,-56,28252,1476663800
E6:71:85:60:00:84,-64,-55,28312,1476663860
E6:71:85:60:00:84,-64,-55,28372,1476663920
