Client_MAC,Rssi0,Rssi1,Connection_Time,EpocTime
E6:71:85:60:00:84,-62,-62,8690,1476526743
5C:E0:C5:C8:D3:D1,-42,-52,2091,1476526743
E6:71:85:60:00:84,-62,-62,8750,1476526803
5C:E0:C5:C8:D3:D1,-44,-51,2151,1476526803
E6:71:85:60:00:84,-62,-62,8810,1476526863
5C:E0:C5:C8:D3:D1,-43,-55,2211,1476526863
E6:71:85:60:00:84,-63,-63,8870,1476526923
5C:E0:C5:C8:D3:D1,-52,-49,2271,1476526923
E6:71:85:60:00:84,-66,-64,8930,1476526983
5C:E0:C5:C8:D3:D1,-51,-46,2331,1476526983
E6:71:85:60:00:84,-71,-61,8990,1476527043
5C:E0:C5:C8:D3:D1,-53,-48,2391,1476527043
E6:71:85:60:00:84,-69,-63,9050,1476527103
5C:E0:C5:C8:D3:D1,-57,-49,2451,1476527103
E6:71:85:60:00:84,-63,-61,9110,1476527163
5C:E0:C5:C8:D3:D1,-53,-45,2511,1476527163
E6:71:85:60:00:84,-62,-61,9170,1476527223
5C:E0:C5:C8:D3:D1,-44,-42,2571,1476527223
E6:71:85:60:00:84,-59,-59,9233,1476527286
5C:E0:C5:C8:D3:D1,-41,-40,2634,1476527286
E6:71:85:60:00:84,-61,-61,9293,1476527346
5C:E0:C5:C8:D3:D1,-44,-37,2694,1476527346
E6:71:85:60:00:84,-61,-60,9353,1476527406
5C:E0:C5:C8:D3:D1,-51,-45,2754,1476527406
E6:71:85:60:00:84,-60,-59,9413,1476527466
5C:E0:C5:C8:D3:D1,-50,-46,2814,1476527466
E6:71:85:60:00:84,-59,-59,9473,1476527526
5C:E0:C5:C8:D3:D1,-50,-45,2874,1476527526
E6:71:85:60:00:84,-60,-59,9559,1476527611
5C:E0:C5:C8:D3:D1,-51,-46,2960,1476527611
E6:71:85:60:00:84,-63,-61,9619,1476527672
5C:E0:C5:C8:D3:D1,-53,-47,3020,1476527672
E6:71:85:60:00:84,-66,-63,9679,1476527732
5C:E0:C5:C8:D3:D1,-54,-46,3080,1476527732
E6:71:85:60:00:84,-63,-62,9739,1476527792
5C:E0:C5:C8:D3:D1,-53,-46,3140,1476527792
E6:71:85:60:00:84,-65,-64,9799,1476527852
5C:E0:C5:C8:D3:D1,-53,-46,3200,1476527852
E6:71:85:60:00:84,-62,-61,9862,1476527915
5C:E0:C5:C8:D3:D1,-51,-45,3263,1476527915
E6:71:85:60:00:84,-62,-60,9922,1476527975
E6:71:85:60:00:84,-62,-61,9982,1476528035
E6:71:85:60:00:84,-64,-62,10042,1476528095
E6:71:85:60:00:84,-65,-62,10102,1476528155
E6:71:85:60:00:84,-65,-62,10165,1476528218
E6:71:85:60:00:84,-65,-62,10225,1476528278
E6:71:85:60:00:84,-66,-63,10285,1476528338
E6:71:85:60:00:84,-64,-61,10345,1476528398
E6:71:85:60:00:84,-64,-63,10405,1476528458
E6:71:85:60:00:84,-67,-63,10468,1476528521
E6:71:85:60:00:84,-65,-63,10528,1476528581
E6:71:85:60:00:84,-64,-61,10588,1476528641
E6:71:85:60:00:84,-65,-60,10648,1476528701
E6:71:85:60:00:84,-66,-62,10708,1476528761
E6:71:85:60:00:84,-64,-60,10768,1476528821
E6:71:85:60:00:84,-65,-61,10828,1476528881
E6:71:85:60:00:84,-64,-60,10888,1476528941
E6:71:85:60:00:84,-63,-61,10948,1476529001
E6:71:85:60:00:84,-64,-63,11011,1476529064
E6:71:85:60:00:84,-65,-62,11071,1476529124
E6:71:85:60:00:84,-63,-62,11131,1476529184
E6:71:85:60:00:84,-63,-62,11191,1476529244
E6:71:85:60:00:84,-63,-62,11251,1476529304
E6:71:85:60:00:84,-62,-61,11314,1476529367
E6:71:85:60:00:84,-63,-63,11374,1476529427
E6:71:85:60:00:84,-65,-63,11434,1476529487
E6:71:85:60:00:84,-61,-61,11494,1476529547
E6:71:85:60:00:84,-65,-64,11554,1476529607
E6:71:85:60:00:84,-64,-63,11617,1476529670
E6:71:85:60:00:84,-63,-62,11677,1476529730
E6:71:85:60:00:84,-62,-59,11737,1476529790
E6:71:85:60:00:84,-65,-62,11797,1476529850
E6:71:85:60:00:84,-62,-59,11857,1476529910
E6:71:85:60:00:84,-60,-59,11920,1476529973
E6:71:85:60:00:84,-63,-62,11980,1476530033
E6:71:85:60:00:84,-62,-63,12040,1476530093
E6:71:85:60:00:84,-63,-62,12100,1476530153
E6:71:85:60:00:84,-67,-67,12160,1476530213
E6:71:85:60:00:84,-65,-63,12245,1476530298
E6:71:85:60:00:84,-65,-64,12305,1476530358
E6:71:85:60:00:84,-64,-63,12365,1476530418
E6:71:85:60:00:84,-63,-62,12425,1476530478
E6:71:85:60:00:84,-62,-60,12485,1476530538
E6:71:85:60:00:84,-64,-60,12545,1476530598
E6:71:85:60:00:84,-64,-62,12605,1476530658
E6:71:85:60:00:84,-63,-60,12665,1476530718
E6:71:85:60:00:84,-64,-64,12725,1476530778
E6:71:85:60:00:84,-63,-61,12811,1476530864
E6:71:85:60:00:84,-63,-64,12871,1476530924
E6:71:85:60:00:84,-64,-65,12931,1476530984
E6:71:85:60:00:84,-65,-64,12991,1476531044
E6:71:85:60:00:84,-63,-62,13051,1476531104
E6:71:85:60:00:84,-62,-63,13114,1476531167
E6:71:85:60:00:84,-64,-63,13174,1476531227
E6:71:85:60:00:84,-62,-61,13234,1476531287
E6:71:85:60:00:84,-62,-60,13294,1476531347
E6:71:85:60:00:84,-61,-61,13354,1476531407
E6:71:85:60:00:84,-63,-64,13417,1476531470
E6:71:85:60:00:84,-64,-63,13477,1476531530
E6:71:85:60:00:84,-63,-61,13537,1476531590
E6:71:85:60:00:84,-62,-62,13597,1476531650
E6:71:85:60:00:84,-66,-64,13657,1476531710
E6:71:85:60:00:84,-63,-63,13720,1476531773
E6:71:85:60:00:84,-63,-62,13780,1476531833
E6:71:85:60:00:84,-64,-62,13840,1476531893
E6:71:85:60:00:84,-63,-61,13900,1476531953
E6:71:85:60:00:84,-66,-65,13960,1476532013
E6:71:85:60:00:84,-67,-63,14023,1476532076
E6:71:85:60:00:84,-67,-64,14083,1476532136
E6:71:85:60:00:84,-65,-63,14143,1476532196
E6:71:85:60:00:84,-65,-63,14203,1476532256
E6:71:85:60:00:84,-64,-62,14263,1476532316
E6:71:85:60:00:84,-64,-62,14323,1476532376
E6:71:85:60:00:84,-62,-59,14383,1476532436
E6:71:85:60:00:84,-59,-61,14443,1476532496
E6:71:85:60:00:84,-59,-62,14503,1476532556
E6:71:85:60:00:84,-59,-61,14566,1476532619
E6:71:85:60:00:84,-61,-64,14626,1476532679
E6:71:85:60:00:84,-61,-65,14686,1476532739
E6:71:85:60:00:84,-60,-64,14746,1476532799
E6:71:85:60:00:84,-60,-64,14806,1476532859
E6:71:85:60:00:84,-60,-63,14869,1476532922
E6:71:85:60:00:84,-62,-61,14929,1476532982
E6:71:85:60:00:84,-65,-65,14989,1476533042
E6:71:85:60:00:84,-63,-62,15049,1476533102
E6:71:85:60:00:84,-64,-63,15109,1476533162
E6:71:85:60:00:84,-64,-63,15172,1476533225
E6:71:85:60:00:84,-59,-58,15232,1476533285
E6:71:85:60:00:84,-62,-59,15292,1476533345
E6:71:85:60:00:84,-60,-58,15352,1476533405
E6:71:85:60:00:84,-64,-63,15412,1476533465
E6:71:85:60:00:84,-65,-62,15502,1476533554
E6:71:85:60:00:84,-62,-62,15562,1476533614
E6:71:85:60:00:84,-61,-60,15622,1476533674
E6:71:85:60:00:84,-62,-61,15682,1476533734
E6:71:85:60:00:84,-62,-61,15742,1476533794
E6:71:85:60:00:84,-62,-61,15805,1476533857
E6:71:85:60:00:84,-60,-59,15865,1476533917
E6:71:85:60:00:84,-60,-59,15925,1476533977
E6:71:85:60:00:84,-61,-60,15985,1476534037
E6:71:85:60:00:84,-60,-59,16045,1476534097
E6:71:85:60:00:84,-60,-59,16105,1476534157
E6:71:85:60:00:84,-63,-61,16165,1476534217
E6:71:85:60:00:84,-62,-61,16225,1476534277
E6:71:85:60:00:84,-61,-61,16285,1476534337
E6:71:85:60:00:84,-62,-62,16348,1476534401
E6:71:85:60:00:84,-62,-61,16408,1476534461
E6:71:85:60:00:84,-60,-58,16468,1476534521
E6:71:85:60:00:84,-59,-58,16528,1476534581
E6:71:85:60:00:84,-60,-58,16588,1476534641
E6:71:85:60:00:84,-61,-59,16673,1476534726
E6:71:85:60:00:84,-59,-59,16733,1476534786
E6:71:85:60:00:84,-61,-60,16793,1476534846
E6:71:85:60:00:84,-61,-60,16853,1476534906
E6:71:85:60:00:84,-63,-61,16913,1476534966
E6:71:85:60:00:84,-63,-62,16976,1476535029
E6:71:85:60:00:84,-59,-58,17036,1476535089
E6:71:85:60:00:84,-62,-61,17096,1476535149
E6:71:85:60:00:84,-64,-62,17156,1476535209
E6:71:85:60:00:84,-63,-61,17216,1476535269
E6:71:85:60:00:84,-62,-61,17279,1476535332
E6:71:85:60:00:84,-62,-61,17339,1476535392
E6:71:85:60:00:84,-60,-59,17399,1476535452
E6:71:85:60:00:84,-62,-61,17459,1476535512
E6:71:85:60:00:84,-62,-61,17519,1476535572
E6:71:85:60:00:84,-63,-61,17583,1476535635
E6:71:85:60:00:84,-63,-62,17643,1476535695
E6:71:85:60:00:84,-62,-61,17703,1476535755
E6:71:85:60:00:84,-62,-61,17763,1476535815
E6:71:85:60:00:84,-62,-60,49,1476535882
E6:71:85:60:00:84,-62,-59,109,1476535942
E6:71:85:60:00:84,-62,-59,169,1476536002
E6:71:85:60:00:84,-62,-59,229,1476536062
E6:71:85:60:00:84,-63,-60,289,1476536122
E6:71:85:60:00:84,-61,-58,352,1476536185
E6:71:85:60:00:84,-60,-57,412,1476536245
E6:71:85:60:00:84,-59,-56,472,1476536305
E6:71:85:60:00:84,-59,-56,532,1476536365
E6:71:85:60:00:84,-61,-58,592,1476536425
E6:71:85:60:00:84,-63,-60,655,1476536488
E6:71:85:60:00:84,-63,-60,715,1476536548
E6:71:85:60:00:84,-60,-57,775,1476536608
E6:71:85:60:00:84,-63,-60,835,1476536668
E6:71:85:60:00:84,-63,-60,895,1476536728
E6:71:85:60:00:84,-63,-60,981,1476536814
E6:71:85:60:00:84,-62,-60,1041,1476536874
E6:71:85:60:00:84,-63,-60,1101,1476536934
E6:71:85:60:00:84,-63,-60,1161,1476536994
E6:71:85:60:00:84,-62,-60,1221,1476537054
E6:71:85:60:00:84,-62,-60,1284,1476537117
E6:71:85:60:00:84,-63,-61,1344,1476537177
E6:71:85:60:00:84,-63,-60,1404,1476537237
E6:71:85:60:00:84,-62,-59,1464,1476537297
E6:71:85:60:00:84,-63,-60,1524,1476537357
E6:71:85:60:00:84,-60,-57,1587,1476537420
E6:71:85:60:00:84,-63,-60,1647,1476537480
E6:71:85:60:00:84,-63,-60,1707,1476537540
E6:71:85:60:00:84,-62,-60,1767,1476537600
E6:71:85:60:00:84,-62,-58,1833,1476537666
E6:71:85:60:00:84,-63,-59,1893,1476537726
E6:71:85:60:00:84,-64,-60,1953,1476537786
E6:71:85:60:00:84,-62,-57,2013,1476537846
E6:71:85:60:00:84,-61,-57,2073,1476537906
E6:71:85:60:00:84,-62,-58,2136,1476537969
E6:71:85:60:00:84,-62,-58,2196,1476538029
E6:71:85:60:00:84,-63,-59,2256,1476538089
E6:71:85:60:00:84,-62,-58,2316,1476538149
E6:71:85:60:00:84,-62,-59,2376,1476538209
E6:71:85:60:00:84,-64,-60,2463,1476538296
E6:71:85:60:00:84,-64,-60,2523,1476538356
E6:71:85:60:00:84,-64,-60,2583,1476538416
E6:71:85:60:00:84,-64,-60,2643,1476538476
E6:71:85:60:00:84,-60,-57,2703,1476538536
E6:71:85:60:00:84,-63,-58,2766,1476538599
E6:71:85:60:00:84,-63,-59,2826,1476538659
E6:71:85:60:00:84,-64,-60,2886,1476538719
E6:71:85:60:00:84,-63,-59,2946,1476538779
E6:71:85:60:00:84,-62,-58,3006,1476538839
E6:71:85:60:00:84,-63,-59,3069,1476538902
E6:71:85:60:00:84,-62,-59,3129,1476538962
E6:71:85:60:00:84,-60,-57,3189,1476539022
E6:71:85:60:00:84,-63,-60,3249,1476539082
E6:71:85:60:00:84,-60,-57,3309,1476539142
E6:71:85:60:00:84,-63,-59,3372,1476539205
E6:71:85:60:00:84,-64,-61,3432,1476539265
E6:71:85:60:00:84,-64,-60,3492,1476539325
E6:71:85:60:00:84,-64,-60,3552,1476539385
E6:71:85:60:00:84,-61,-58,3612,1476539445
E6:71:85:60:00:84,-63,-60,3672,1476539505
E6:71:85:60:00:84,-62,-58,3732,1476539565
E6:71:85:60:00:84,-63,-59,3792,1476539625
E6:71:85:60:00:84,-64,-60,3852,1476539685
E6:71:85:60:00:84,-64,-59,3915,1476539748
E6:71:85:60:00:84,-65,-62,3975,1476539808
E6:71:85:60:00:84,-65,-61,4035,1476539868
E6:71:85:60:00:84,-64,-60,4095,1476539928
E6:71:85:60:00:84,-65,-61,4155,1476539988
