Client_MAC,Rssi0,Rssi1,Connection_Time,EpocTIME
E6:71:85:60:00:84,-63,-59,87,1476548528
E6:71:85:60:00:84,-62,-60,147,1476548588
E6:71:85:60:00:84,-64,-61,207,1476548648
E6:71:85:60:00:84,-65,-61,267,1476548708
E6:71:85:60:00:84,-64,-62,327,1476548768
E6:71:85:60:00:84,-62,-61,390,1476548831
E6:71:85:60:00:84,-60,-59,450,1476548891
E6:71:85:60:00:84,-65,-63,510,1476548951
E6:71:85:60:00:84,-64,-64,570,1476549011
E6:71:85:60:00:84,-63,-62,630,1476549071
E6:71:85:60:00:84,-62,-62,715,1476549156
E6:71:85:60:00:84,-63,-63,775,1476549216
E6:71:85:60:00:84,-63,-62,835,1476549276
E6:71:85:60:00:84,-63,-62,895,1476549336
E6:71:85:60:00:84,-63,-62,955,1476549396
E6:71:85:60:00:84,-63,-62,1018,1476549459
E6:71:85:60:00:84,-60,-59,1078,1476549519
E6:71:85:60:00:84,-63,-62,1138,1476549579
E6:71:85:60:00:84,-63,-62,1198,1476549639
E6:71:85:60:00:84,-64,-62,1258,1476549699
E6:71:85:60:00:84,-63,-61,1321,1476549762
E6:71:85:60:00:84,-61,-61,1381,1476549822
E6:71:85:60:00:84,-61,-61,1441,1476549882
E6:71:85:60:00:84,-63,-63,1501,1476549942
E6:71:85:60:00:84,-63,-61,1561,1476550002
E6:71:85:60:00:84,-63,-62,1624,1476550065
E6:71:85:60:00:84,-61,-60,1684,1476550125
E6:71:85:60:00:84,-62,-61,1744,1476550185
E6:71:85:60:00:84,-63,-62,1804,1476550245
E6:71:85:60:00:84,-62,-61,1864,1476550305
E6:71:85:60:00:84,-63,-61,1924,1476550365
E6:71:85:60:00:84,-61,-59,1984,1476550425
E6:71:85:60:00:84,-60,-59,2044,1476550485
E6:71:85:60:00:84,-61,-60,2104,1476550545
E6:71:85:60:00:84,-61,-60,2167,1476550608
E6:71:85:60:00:84,-62,-60,2227,1476550668
E6:71:85:60:00:84,-61,-58,2287,1476550728
E6:71:85:60:00:84,-63,-60,2347,1476550788
E6:71:85:60:00:84,-62,-60,2407,1476550848
E6:71:85:60:00:84,-64,-60,2471,1476550911
E6:71:85:60:00:84,-64,-61,2531,1476550971
E6:71:85:60:00:84,-64,-61,2591,1476551031
E6:71:85:60:00:84,-62,-59,2651,1476551091
E6:71:85:60:00:84,-66,-62,2711,1476551151
E6:71:85:60:00:84,-60,-58,2774,1476551214
E6:71:85:60:00:84,-60,-57,2834,1476551274
E6:71:85:60:00:84,-63,-59,2894,1476551334
E6:71:85:60:00:84,-60,-57,2954,1476551394
E6:71:85:60:00:84,-64,-60,3014,1476551454
E6:71:85:60:00:84,-64,-60,3077,1476551517
E6:71:85:60:00:84,-65,-60,3137,1476551577
E6:71:85:60:00:84,-65,-60,3197,1476551637
E6:71:85:60:00:84,-61,-58,3257,1476551697
E6:71:85:60:00:84,-65,-62,3317,1476551757
E6:71:85:60:00:84,-63,-61,3403,1476551844
E6:71:85:60:00:84,-64,-62,3463,1476551904
E6:71:85:60:00:84,-63,-62,3523,1476551964
E6:71:85:60:00:84,-63,-63,3583,1476552024
E6:71:85:60:00:84,-63,-64,3643,1476552084
E6:71:85:60:00:84,-63,-64,3703,1476552144
E6:71:85:60:00:84,-63,-63,3763,1476552204
E6:71:85:60:00:84,-62,-61,3823,1476552264
E6:71:85:60:00:84,-63,-59,3883,1476552324
E6:71:85:60:00:84,-64,-62,3946,1476552387
E6:71:85:60:00:84,-62,-59,4006,1476552447
E6:71:85:60:00:84,-60,-58,4066,1476552507
E6:71:85:60:00:84,-61,-58,4126,1476552567
E6:71:85:60:00:84,-62,-57,4186,1476552627
E6:71:85:60:00:84,-63,-59,4249,1476552690
E6:71:85:60:00:84,-62,-59,4309,1476552750
E6:71:85:60:00:84,-62,-58,4369,1476552810
E6:71:85:60:00:84,-61,-56,4429,1476552870
E6:71:85:60:00:84,-64,-59,4489,1476552930
E6:71:85:60:00:84,-62,-57,4552,1476552993
E6:71:85:60:00:84,-64,-57,4612,1476553053
E6:71:85:60:00:84,-65,-58,4672,1476553113
E6:71:85:60:00:84,-64,-57,4732,1476553173
E6:71:85:60:00:84,-64,-60,4792,1476553233
E6:71:85:60:00:84,-63,-58,4880,1476553321
E6:71:85:60:00:84,-64,-58,4940,1476553381
E6:71:85:60:00:84,-65,-59,5000,1476553441
E6:71:85:60:00:84,-64,-59,5060,1476553501
E6:71:85:60:00:84,-64,-60,5120,1476553561
E6:71:85:60:00:84,-65,-61,5183,1476553624
E6:71:85:60:00:84,-64,-62,5243,1476553684
E6:71:85:60:00:84,-64,-62,5303,1476553744
E6:71:85:60:00:84,-61,-59,5363,1476553804
E6:71:85:60:00:84,-62,-58,5423,1476553864
E6:71:85:60:00:84,-64,-61,5483,1476553924
E6:71:85:60:00:84,-61,-59,5543,1476553984
E6:71:85:60:00:84,-64,-61,5603,1476554044
E6:71:85:60:00:84,-65,-62,5663,1476554104
E6:71:85:60:00:84,-65,-62,5726,1476554167
E6:71:85:60:00:84,-61,-61,5786,1476554227
E6:71:85:60:00:84,-63,-60,5846,1476554287
E6:71:85:60:00:84,-61,-62,5906,1476554347
E6:71:85:60:00:84,-60,-64,5966,1476554407
E6:71:85:60:00:84,-60,-64,6052,1476554493
E6:71:85:60:00:84,-61,-65,6112,1476554553
E6:71:85:60:00:84,-60,-63,6172,1476554613
E6:71:85:60:00:84,-58,-61,6232,1476554673
E6:71:85:60:00:84,-60,-64,6292,1476554733
E6:71:85:60:00:84,-59,-63,6355,1476554796
E6:71:85:60:00:84,-60,-63,6415,1476554856
E6:71:85:60:00:84,-59,-62,6475,1476554916
E6:71:85:60:00:84,-59,-62,6535,1476554976
E6:71:85:60:00:84,-59,-63,6595,1476555036
E6:71:85:60:00:84,-59,-62,6658,1476555099
E6:71:85:60:00:84,-59,-62,6718,1476555159
E6:71:85:60:00:84,-58,-61,6778,1476555219
E6:71:85:60:00:84,-58,-61,6838,1476555279
E6:71:85:60:00:84,-58,-62,6898,1476555339
E6:71:85:60:00:84,-58,-61,6961,1476555402
E6:71:85:60:00:84,-60,-63,7021,1476555462
E6:71:85:60:00:84,-61,-64,7081,1476555522
E6:71:85:60:00:84,-60,-63,7141,1476555582
E6:71:85:60:00:84,-60,-63,7201,1476555642
E6:71:85:60:00:84,-60,-63,7261,1476555702
E6:71:85:60:00:84,-60,-63,7321,1476555762
E6:71:85:60:00:84,-60,-63,7381,1476555822
E6:71:85:60:00:84,-59,-62,7441,1476555882
E6:71:85:60:00:84,-60,-63,7504,1476555945
E6:71:85:60:00:84,-61,-64,7564,1476556005
E6:71:85:60:00:84,-56,-60,7624,1476556065
E6:71:85:60:00:84,-59,-63,7684,1476556125
E6:71:85:60:00:84,-61,-64,7744,1476556185
E6:71:85:60:00:84,-61,-63,7807,1476556248
E6:71:85:60:00:84,-62,-64,7867,1476556308
E6:71:85:60:00:84,-60,-62,7927,1476556368
E6:71:85:60:00:84,-58,-61,7987,1476556428
E6:71:85:60:00:84,-61,-64,8047,1476556488
E6:71:85:60:00:84,-60,-62,8110,1476556551
E6:71:85:60:00:84,-61,-64,8170,1476556611
E6:71:85:60:00:84,-59,-62,8230,1476556671
E6:71:85:60:00:84,-58,-61,8290,1476556731
E6:71:85:60:00:84,-58,-61,8350,1476556791
E6:71:85:60:00:84,-59,-63,8414,1476556854
E6:71:85:60:00:84,-59,-62,8474,1476556914
E6:71:85:60:00:84,-60,-63,8534,1476556974
E6:71:85:60:00:84,-60,-63,8594,1476557034
E6:71:85:60:00:84,-60,-64,8654,1476557094
E6:71:85:60:00:84,-61,-64,8717,1476557157
E6:71:85:60:00:84,-60,-63,8777,1476557217
E6:71:85:60:00:84,-60,-63,8837,1476557277
E6:71:85:60:00:84,-60,-63,8897,1476557337
E6:71:85:60:00:84,-59,-64,8963,1476557404
E6:71:85:60:00:84,-58,-63,9023,1476557464
E6:71:85:60:00:84,-59,-64,9083,1476557524
E6:71:85:60:00:84,-59,-63,9143,1476557584
E6:71:85:60:00:84,-59,-64,9203,1476557644
E6:71:85:60:00:84,-59,-63,9266,1476557707
E6:71:85:60:00:84,-59,-63,9326,1476557767
E6:71:85:60:00:84,-60,-64,9386,1476557827
E6:71:85:60:00:84,-59,-63,9446,1476557887
E6:71:85:60:00:84,-58,-63,9506,1476557947
E6:71:85:60:00:84,-57,-61,9594,1476558034
E6:71:85:60:00:84,-58,-62,9654,1476558094
E6:71:85:60:00:84,-57,-61,9714,1476558154
E6:71:85:60:00:84,-57,-61,9774,1476558214
E6:71:85:60:00:84,-57,-62,9834,1476558274
E6:71:85:60:00:84,-59,-63,9897,1476558337
E6:71:85:60:00:84,-59,-64,9957,1476558397
E6:71:85:60:00:84,-58,-62,10017,1476558458
E6:71:85:60:00:84,-59,-64,10077,1476558518
E6:71:85:60:00:84,-58,-63,10137,1476558578
E6:71:85:60:00:84,-59,-64,10200,1476558641
E6:71:85:60:00:84,-59,-64,10260,1476558701
E6:71:85:60:00:84,-59,-64,10320,1476558761
E6:71:85:60:00:84,-58,-62,10380,1476558821
E6:71:85:60:00:84,-57,-61,10440,1476558881
E6:71:85:60:00:84,-59,-63,10503,1476558944
E6:71:85:60:00:84,-60,-63,10563,1476559004
E6:71:85:60:00:84,-59,-63,10623,1476559064
E6:71:85:60:00:84,-59,-62,10683,1476559124
E6:71:85:60:00:84,-60,-64,10749,1476559190
E6:71:85:60:00:84,-59,-63,10809,1476559250
E6:71:85:60:00:84,-61,-64,10869,1476559310
E6:71:85:60:00:84,-61,-63,10929,1476559370
E6:71:85:60:00:84,-61,-64,10989,1476559430
E6:71:85:60:00:84,-60,-63,11052,1476559493
E6:71:85:60:00:84,-61,-64,11112,1476559553
E6:71:85:60:00:84,-60,-63,11172,1476559613
E6:71:85:60:00:84,-60,-63,11232,1476559673
E6:71:85:60:00:84,-60,-63,11292,1476559733
E6:71:85:60:00:84,-60,-63,11355,1476559796
E6:71:85:60:00:84,-61,-64,11415,1476559856
E6:71:85:60:00:84,-61,-64,11475,1476559916
E6:71:85:60:00:84,-61,-64,11535,1476559976
E6:71:85:60:00:84,-61,-64,11595,1476560036
E6:71:85:60:00:84,-61,-64,11658,1476560099
E6:71:85:60:00:84,-64,-66,11718,1476560159
E6:71:85:60:00:84,-61,-64,11778,1476560219
E6:71:85:60:00:84,-60,-63,11838,1476560279
E6:71:85:60:00:84,-61,-64,11898,1476560339
E6:71:85:60:00:84,-60,-63,11961,1476560402
E6:71:85:60:00:84,-60,-62,12021,1476560462
E6:71:85:60:00:84,-59,-61,12081,1476560522
E6:71:85:60:00:84,-58,-60,12141,1476560582
E6:71:85:60:00:84,-60,-62,12201,1476560642
E6:71:85:60:00:84,-60,-63,12287,1476560728
E6:71:85:60:00:84,-60,-63,12347,1476560788
E6:71:85:60:00:84,-61,-64,12407,1476560848
E6:71:85:60:00:84,-59,-63,12467,1476560908
E6:71:85:60:00:84,-61,-64,12527,1476560968
E6:71:85:60:00:84,-61,-63,12587,1476561028
E6:71:85:60:00:84,-58,-61,12647,1476561088
E6:71:85:60:00:84,-60,-62,12707,1476561148
E6:71:85:60:00:84,-59,-61,12767,1476561208
E6:71:85:60:00:84,-59,-61,12852,1476561293
E6:71:85:60:00:84,-59,-61,12912,1476561353
E6:71:85:60:00:84,-59,-62,12972,1476561413
E6:71:85:60:00:84,-59,-62,13032,1476561473
E6:71:85:60:00:84,-60,-63,13092,1476561533
E6:71:85:60:00:84,-59,-61,13155,1476561596
E6:71:85:60:00:84,-61,-63,13215,1476561656
E6:71:85:60:00:84,-61,-63,13275,1476561716
E6:71:85:60:00:84,-61,-63,13335,1476561776
E6:71:85:60:00:84,-60,-62,13395,1476561836
E6:71:85:60:00:84,-61,-63,13458,1476561899
E6:71:85:60:00:84,-59,-63,13518,1476561959
E6:71:85:60:00:84,-60,-63,13578,1476562019
E6:71:85:60:00:84,-60,-64,13638,1476562079
E6:71:85:60:00:84,-60,-63,13698,1476562139
E6:71:85:60:00:84,-58,-62,13761,1476562202
E6:71:85:60:00:84,-60,-63,13821,1476562262
E6:71:85:60:00:84,-60,-63,13881,1476562322
E6:71:85:60:00:84,-60,-63,13941,1476562382
E6:71:85:60:00:84,-60,-63,14001,1476562442
E6:71:85:60:00:84,-59,-63,14064,1476562505
E6:71:85:60:00:84,-60,-63,14124,1476562565
E6:71:85:60:00:84,-60,-63,14184,1476562625
E6:71:85:60:00:84,-60,-63,14244,1476562685
E6:71:85:60:00:84,-60,-63,14304,1476562745
E6:71:85:60:00:84,-61,-64,14364,1476562805
E6:71:85:60:00:84,-60,-63,14424,1476562865
E6:71:85:60:00:84,-59,-61,14484,1476562925
E6:71:85:60:00:84,-59,-61,14544,1476562985
