Client_MAC,Rssi0,Rssi1,Connection_Time,EpocTIME
E6:71:85:60:00:84,-18,-20,32,1476382630
E6:71:85:60:00:84,-18,-21,95,1476382693
E6:71:85:60:00:84,-20,-20,155,1476382753
E6:71:85:60:00:84,-23,-21,215,1476382813
E6:71:85:60:00:84,-20,-20,275,1476382873
E6:71:85:60:00:84,-23,-22,335,1476382933
E6:71:85:60:00:84,-23,-22,420,1476383018
E6:71:85:60:00:84,-23,-22,480,1476383078
E6:71:85:60:00:84,-25,-24,540,1476383138
E6:71:85:60:00:84,-23,-22,600,1476383198
E6:71:85:60:00:84,-24,-23,660,1476383258
E6:71:85:60:00:84,-22,-21,724,1476383321
E6:71:85:60:00:84,-22,-21,784,1476383381
E6:71:85:60:00:84,-22,-21,844,1476383441
E6:71:85:60:00:84,-23,-22,904,1476383501
E6:71:85:60:00:84,-23,-22,964,1476383561
E6:71:85:60:00:84,-23,-22,1027,1476383624
E6:71:85:60:00:84,-23,-22,1087,1476383684
E6:71:85:60:00:84,-23,-22,1147,1476383744
E6:71:85:60:00:84,-23,-22,1207,1476383805
E6:71:85:60:00:84,-23,-22,1267,1476383865
E6:71:85:60:00:84,-23,-22,1330,1476383928
E6:71:85:60:00:84,-23,-22,1390,1476383988
E6:71:85:60:00:84,-23,-22,1450,1476384048
E6:71:85:60:00:84,-23,-22,1510,1476384108
E6:71:85:60:00:84,-23,-22,1576,1476384174
E6:71:85:60:00:84,-23,-22,1636,1476384234
E6:71:85:60:00:84,-22,-22,1696,1476384294
E6:71:85:60:00:84,-23,-22,1756,1476384354
E6:71:85:60:00:84,-23,-22,1816,1476384414
E6:71:85:60:00:84,-22,-22,1879,1476384477
E6:71:85:60:00:84,-23,-23,1939,1476384537
E6:71:85:60:00:84,-23,-23,1999,1476384597
E6:71:85:60:00:84,-24,-23,2059,1476384657
E6:71:85:60:00:84,-23,-22,2119,1476384717
E6:71:85:60:00:84,-22,-22,2182,1476384780
E6:71:85:60:00:84,-23,-23,2242,1476384840
E6:71:85:60:00:84,-23,-23,2302,1476384900
E6:71:85:60:00:84,-24,-23,2362,1476384960
E6:71:85:60:00:84,-23,-22,2422,1476385020
E6:71:85:60:00:84,-23,-22,2485,1476385083
E6:71:85:60:00:84,-23,-22,2545,1476385143
E6:71:85:60:00:84,-23,-22,2605,1476385203
E6:71:85:60:00:84,-22,-22,2665,1476385263
E6:71:85:60:00:84,-22,-21,2725,1476385323
E6:71:85:60:00:84,-22,-22,2788,1476385386
E6:71:85:60:00:84,-23,-23,2848,1476385446
E6:71:85:60:00:84,-23,-23,2908,1476385506
E6:71:85:60:00:84,-23,-22,2968,1476385566
E6:71:85:60:00:84,-23,-23,3028,1476385626
E6:71:85:60:00:84,-23,-22,3114,1476385712
E6:71:85:60:00:84,-22,-22,3174,1476385772
E6:71:85:60:00:84,-25,-24,3234,1476385832
E6:71:85:60:00:84,-23,-23,3294,1476385892
E6:71:85:60:00:84,-23,-22,3361,1476385958
E6:71:85:60:00:84,-23,-22,3421,1476386018
E6:71:85:60:00:84,-23,-23,3481,1476386078
E6:71:85:60:00:84,-23,-22,3541,1476386138
E6:71:85:60:00:84,-23,-22,3601,1476386198
E6:71:85:60:00:84,-22,-21,3664,1476386262
E6:71:85:60:00:84,-23,-22,3724,1476386322
E6:71:85:60:00:84,-22,-21,3784,1476386382
E6:71:85:60:00:84,-23,-22,3844,1476386442
E6:71:85:60:00:84,-23,-22,3904,1476386502
E6:71:85:60:00:84,-23,-22,3967,1476386565
E6:71:85:60:00:84,-23,-22,4027,1476386625
E6:71:85:60:00:84,-23,-22,4087,1476386685
E6:71:85:60:00:84,-21,-20,4147,1476386745
E6:71:85:60:00:84,-21,-20,4207,1476386805
E6:71:85:60:00:84,-21,-20,4270,1476386868
E6:71:85:60:00:84,-21,-20,4330,1476386928
E6:71:85:60:00:84,-21,-20,4390,1476386988
E6:71:85:60:00:84,-22,-22,4450,1476387048
E6:71:85:60:00:84,-23,-22,4510,1476387108
E6:71:85:60:00:84,-22,-22,4595,1476387193
E6:71:85:60:00:84,-23,-22,4655,1476387253
E6:71:85:60:00:84,-25,-24,4715,1476387313
E6:71:85:60:00:84,-23,-22,4775,1476387373
E6:71:85:60:00:84,-23,-22,4835,1476387433
E6:71:85:60:00:84,-23,-22,4898,1476387496
E6:71:85:60:00:84,-22,-21,4958,1476387556
E6:71:85:60:00:84,-22,-22,5018,1476387616
E6:71:85:60:00:84,-21,-20,5078,1476387676
E6:71:85:60:00:84,-23,-22,5138,1476387736
E6:71:85:60:00:84,-22,-21,5198,1476387796
E6:71:85:60:00:84,-23,-22,5258,1476387856
E6:71:85:60:00:84,-23,-22,5318,1476387916
E6:71:85:60:00:84,-22,-22,5378,1476387976
E6:71:85:60:00:84,-23,-22,5441,1476388039
E6:71:85:60:00:84,-23,-22,5501,1476388099
E6:71:85:60:00:84,-23,-22,5561,1476388159
E6:71:85:60:00:84,-23,-22,5621,1476388219
E6:71:85:60:00:84,-23,-22,5681,1476388279
E6:71:85:60:00:84,-24,-23,5767,1476388365
E6:71:85:60:00:84,-23,-22,5827,1476388425
E6:71:85:60:00:84,-25,-24,5887,1476388485
E6:71:85:60:00:84,-23,-22,5947,1476388545
E6:71:85:60:00:84,-23,-22,6007,1476388605
E6:71:85:60:00:84,-24,-23,6070,1476388668
E6:71:85:60:00:84,-23,-23,6130,1476388728
E6:71:85:60:00:84,-23,-23,6190,1476388788
E6:71:85:60:00:84,-23,-22,6250,1476388848
E6:71:85:60:00:84,-23,-22,6310,1476388908
E6:71:85:60:00:84,-23,-22,6374,1476388971
E6:71:85:60:00:84,-23,-22,6434,1476389031
E6:71:85:60:00:84,-23,-22,6494,1476389091
E6:71:85:60:00:84,-22,-22,6554,1476389151
E6:71:85:60:00:84,-23,-22,6614,1476389211
E6:71:85:60:00:84,-23,-22,6677,1476389274
E6:71:85:60:00:84,-23,-22,6737,1476389334
E6:71:85:60:00:84,-22,-22,6797,1476389394
E6:71:85:60:00:84,-23,-22,6857,1476389454
E6:71:85:60:00:84,-23,-22,6917,1476389515
E6:71:85:60:00:84,-23,-22,6977,1476389575
E6:71:85:60:00:84,-24,-22,7037,1476389635
E6:71:85:60:00:84,-23,-22,7097,1476389695
E6:71:85:60:00:84,-22,-22,7157,1476389755
E6:71:85:60:00:84,-21,-20,7220,1476389818
E6:71:85:60:00:84,-22,-21,7280,1476389878
E6:71:85:60:00:84,-23,-22,7340,1476389938
E6:71:85:60:00:84,-22,-22,7400,1476389998
E6:71:85:60:00:84,-21,-21,7460,1476390058
E6:71:85:60:00:84,-23,-22,7523,1476390121
E6:71:85:60:00:84,-23,-23,7583,1476390181
E6:71:85:60:00:84,-23,-22,7643,1476390241
E6:71:85:60:00:84,-23,-22,7703,1476390301
E6:71:85:60:00:84,-24,-23,7763,1476390361
E6:71:85:60:00:84,-22,-21,7826,1476390424
E6:71:85:60:00:84,-21,-21,7886,1476390484
E6:71:85:60:00:84,-21,-21,7946,1476390544
E6:71:85:60:00:84,-21,-21,8006,1476390604
E6:71:85:60:00:84,-21,-21,8066,1476390664
E6:71:85:60:00:84,-21,-21,8129,1476390727
E6:71:85:60:00:84,-23,-22,8189,1476390787
E6:71:85:60:00:84,-23,-22,8249,1476390847
E6:71:85:60:00:84,-22,-21,8309,1476390907
E6:71:85:60:00:84,-23,-22,8369,1476390967
E6:71:85:60:00:84,-23,-22,8432,1476391030
E6:71:85:60:00:84,-23,-22,8492,1476391090
E6:71:85:60:00:84,-23,-22,8552,1476391150
E6:71:85:60:00:84,-23,-22,8612,1476391210
E6:71:85:60:00:84,-23,-22,8672,1476391270
E6:71:85:60:00:84,-23,-22,8732,1476391330
E6:71:85:60:00:84,-23,-22,8792,1476391390
E6:71:85:60:00:84,-23,-22,8852,1476391450
E6:71:85:60:00:84,-23,-22,8912,1476391510
E6:71:85:60:00:84,-23,-22,8975,1476391573
E6:71:85:60:00:84,-23,-22,9035,1476391633
E6:71:85:60:00:84,-23,-22,9095,1476391693
E6:71:85:60:00:84,-21,-21,9155,1476391753
E6:71:85:60:00:84,-23,-22,9215,1476391813
E6:71:85:60:00:84,-23,-22,9301,1476391899
E6:71:85:60:00:84,-24,-24,9361,1476391959
E6:71:85:60:00:84,-25,-24,9421,1476392019
E6:71:85:60:00:84,-22,-22,9481,1476392079
E6:71:85:60:00:84,-23,-22,9541,1476392139
E6:71:85:60:00:84,-23,-22,9605,1476392202
E6:71:85:60:00:84,-23,-22,9665,1476392262
E6:71:85:60:00:84,-23,-22,9725,1476392322
E6:71:85:60:00:84,-22,-21,9785,1476392382
E6:71:85:60:00:84,-22,-21,9845,1476392442
E6:71:85:60:00:84,-23,-22,9908,1476392505
E6:71:85:60:00:84,-23,-22,9968,1476392565
E6:71:85:60:00:84,-22,-21,10028,1476392625
E6:71:85:60:00:84,-23,-22,10088,1476392685
E6:71:85:60:00:84,-23,-22,10148,1476392745
E6:71:85:60:00:84,-23,-22,10211,1476392809
E6:71:85:60:00:84,-23,-22,10271,1476392869
E6:71:85:60:00:84,-21,-21,10331,1476392929
E6:71:85:60:00:84,-21,-20,10391,1476392989
E6:71:85:60:00:84,-21,-20,10451,1476393049
E6:71:85:60:00:84,-21,-20,10511,1476393109
E6:71:85:60:00:84,-21,-21,10571,1476393169
E6:71:85:60:00:84,-23,-22,10631,1476393229
E6:71:85:60:00:84,-23,-22,10691,1476393289
E6:71:85:60:00:84,-23,-22,10754,1476393352
E6:71:85:60:00:84,-23,-22,10814,1476393412
E6:71:85:60:00:84,-23,-22,10874,1476393472
E6:71:85:60:00:84,-23,-22,10934,1476393532
E6:71:85:60:00:84,-23,-22,10994,1476393592
E6:71:85:60:00:84,-23,-22,11057,1476393655
E6:71:85:60:00:84,-23,-23,11117,1476393715
E6:71:85:60:00:84,-23,-22,11177,1476393775
E6:71:85:60:00:84,-23,-22,11237,1476393835
E6:71:85:60:00:84,-23,-23,11297,1476393895
E6:71:85:60:00:84,-23,-22,11360,1476393958
E6:71:85:60:00:84,-23,-22,11420,1476394018
E6:71:85:60:00:84,-23,-22,11480,1476394078
E6:71:85:60:00:84,-23,-22,11540,1476394138
E6:71:85:60:00:84,-23,-22,11600,1476394198
E6:71:85:60:00:84,-23,-22,11663,1476394261
E6:71:85:60:00:84,-23,-22,11723,1476394321
E6:71:85:60:00:84,-22,-22,11783,1476394381
E6:71:85:60:00:84,-23,-22,11843,1476394441
E6:71:85:60:00:84,-23,-22,11903,1476394501
E6:71:85:60:00:84,-23,-22,11989,1476394587
E6:71:85:60:00:84,-23,-22,12049,1476394647
E6:71:85:60:00:84,-25,-24,12109,1476394707
E6:71:85:60:00:84,-24,-23,12169,1476394767
E6:71:85:60:00:84,-23,-22,12229,1476394827
E6:71:85:60:00:84,-23,-22,12289,1476394887
E6:71:85:60:00:84,-23,-22,12349,1476394947
E6:71:85:60:00:84,-23,-22,12409,1476395007
E6:71:85:60:00:84,-23,-22,12469,1476395067
E6:71:85:60:00:84,-23,-22,12548,1476395146
E6:71:85:60:00:84,-23,-22,12608,1476395206
E6:71:85:60:00:84,-25,-24,12668,1476395266
E6:71:85:60:00:84,-23,-22,12728,1476395326
E6:71:85:60:00:84,-23,-22,12788,1476395386
E6:71:85:60:00:84,-23,-22,12851,1476395449
E6:71:85:60:00:84,-23,-22,12911,1476395509
E6:71:85:60:00:84,-23,-22,12971,1476395569
E6:71:85:60:00:84,-23,-23,13031,1476395629
E6:71:85:60:00:84,-24,-23,13091,1476395689
E6:71:85:60:00:84,-22,-21,13154,1476395752
E6:71:85:60:00:84,-23,-22,13214,1476395812
E6:71:85:60:00:84,-23,-21,13274,1476395872
E6:71:85:60:00:84,-21,-20,13335,1476395932
E6:71:85:60:00:84,-21,-20,13395,1476395992
E6:71:85:60:00:84,-21,-21,13458,1476396055
E6:71:85:60:00:84,-21,-21,13518,1476396115
E6:71:85:60:00:84,-21,-20,13578,1476396175
E6:71:85:60:00:84,-22,-22,13638,1476396235
E6:71:85:60:00:84,-23,-22,13698,1476396295
E6:71:85:60:00:84,-23,-22,13761,1476396359
E6:71:85:60:00:84,-23,-22,13821,1476396419
E6:71:85:60:00:84,-21,-20,13881,1476396479
E6:71:85:60:00:84,-21,-21,13941,1476396539
E6:71:85:60:00:84,-22,-21,14001,1476396599
E6:71:85:60:00:84,-21,-20,14061,1476396659
E6:71:85:60:00:84,-21,-20,14121,1476396719
E6:71:85:60:00:84,-22,-21,14181,1476396779
E6:71:85:60:00:84,-23,-22,14241,1476396839
E6:71:85:60:00:84,-23,-22,14304,1476396902
E6:71:85:60:00:84,-23,-22,14364,1476396962
E6:71:85:60:00:84,-23,-23,14424,1476397022
E6:71:85:60:00:84,-24,-22,14484,1476397082
E6:71:85:60:00:84,-23,-22,14544,1476397142
