Client_MAC,Rssi0,Rssi1,Connection_Time,EpocTIME
E6:71:85:60:00:84,-59,-63,68,115
E6:71:85:60:00:84,-60,-63,128,175
E6:71:85:60:00:84,-56,-62,188,235
E6:71:85:60:00:84,-56,-61,248,295
E6:71:85:60:00:84,-60,-63,308,355
E6:71:85:60:00:84,-60,-63,371,418
E6:71:85:60:00:84,-59,-63,431,478
E6:71:85:60:00:84,-57,-62,491,538
E6:71:85:60:00:84,-55,-57,551,598
E6:71:85:60:00:84,-60,-65,611,658
E6:71:85:60:00:84,-60,-64,689,736
E6:71:85:60:00:84,-56,-61,749,796
E6:71:85:60:00:84,-57,-66,809,856
E6:71:85:60:00:84,-58,-63,869,916
E6:71:85:60:00:84,-57,-61,929,976
E6:71:85:60:00:84,-54,-60,992,1039
E6:71:85:60:00:84,-59,-64,1052,1099
E6:71:85:60:00:84,-56,-64,1112,1159
E6:71:85:60:00:84,-57,-61,1172,1219
E6:71:85:60:00:84,-60,-64,1232,1279
E6:71:85:60:00:84,-60,-64,1295,1342
E6:71:85:60:00:84,-55,-59,1355,1402
E6:71:85:60:00:84,-56,-65,1415,1462
E6:71:85:60:00:84,-54,-61,1475,1522
E6:71:85:60:00:84,-57,-68,1535,1583
E6:71:85:60:00:84,-61,-65,1598,1646
E6:71:85:60:00:84,-60,-65,1658,1706
E6:71:85:60:00:84,-55,-58,1718,1766
E6:71:85:60:00:84,-57,-61,1778,1826
E6:71:85:60:00:84,-57,-65,1838,1886
E6:71:85:60:00:84,-58,-62,1898,1946
E6:71:85:60:00:84,-56,-61,1958,2006
5C:E0:C5:C8:D3:D1,-43,-44,39,2006
E6:71:85:60:00:84,-58,-62,2018,2066
5C:E0:C5:C8:D3:D1,-43,-42,99,2066
E6:71:85:60:00:84,-61,-66,2078,2126
5C:E0:C5:C8:D3:D1,-45,-45,159,2126
E6:71:85:60:00:84,-60,-64,2141,2189
5C:E0:C5:C8:D3:D1,-51,-46,222,2189
E6:71:85:60:00:84,-59,-64,2201,2249
5C:E0:C5:C8:D3:D1,-52,-46,282,2249
E6:71:85:60:00:84,-62,-63,2261,2309
5C:E0:C5:C8:D3:D1,-53,-47,342,2309
E6:71:85:60:00:84,-61,-63,2321,2369
5C:E0:C5:C8:D3:D1,-53,-47,402,2369
E6:71:85:60:00:84,-67,-63,2381,2429
5C:E0:C5:C8:D3:D1,-52,-47,462,2429
E6:71:85:60:00:84,-60,-63,2445,2492
5C:E0:C5:C8:D3:D1,-51,-46,526,2492
E6:71:85:60:00:84,-60,-62,2505,2552
5C:E0:C5:C8:D3:D1,-51,-46,586,2552
E6:71:85:60:00:84,-64,-65,2565,2612
5C:E0:C5:C8:D3:D1,-47,-46,646,2612
E6:71:85:60:00:84,-57,-67,2625,2672
5C:E0:C5:C8:D3:D1,-47,-46,706,2672
E6:71:85:60:00:84,-59,-63,2685,2732
5C:E0:C5:C8:D3:D1,-51,-46,46,2732
E6:71:85:60:00:84,-60,-62,2748,2795
5C:E0:C5:C8:D3:D1,-54,-43,109,2795
E6:71:85:60:00:84,-61,-63,2808,2855
5C:E0:C5:C8:D3:D1,-52,-43,169,2855
E6:71:85:60:00:84,-62,-63,2868,1476520920
5C:E0:C5:C8:D3:D1,-52,-43,229,1476520920
E6:71:85:60:00:84,-59,-61,2928,1476520980
5C:E0:C5:C8:D3:D1,-53,-43,289,1476520980
E6:71:85:60:00:84,-62,-63,2988,1476521041
5C:E0:C5:C8:D3:D1,-48,-47,349,1476521041
E6:71:85:60:00:84,-69,-70,3051,1476521104
5C:E0:C5:C8:D3:D1,-55,-52,412,1476521104
E6:71:85:60:00:84,-73,-67,3111,1476521164
5C:E0:C5:C8:D3:D1,-50,-45,472,1476521164
E6:71:85:60:00:84,-62,-64,3171,1476521224
5C:E0:C5:C8:D3:D1,-51,-50,532,1476521224
E6:71:85:60:00:84,-65,-66,3231,1476521284
5C:E0:C5:C8:D3:D1,-50,-47,592,1476521284
E6:71:85:60:00:84,-66,-65,3291,1476521344
5C:E0:C5:C8:D3:D1,-48,-44,652,1476521344
E6:71:85:60:00:84,-61,-59,3377,1476521430
5C:E0:C5:C8:D3:D1,-49,-47,738,1476521430
E6:71:85:60:00:84,-65,-64,3437,1476521490
5C:E0:C5:C8:D3:D1,-51,-49,798,1476521490
E6:71:85:60:00:84,-65,-66,3497,1476521550
5C:E0:C5:C8:D3:D1,-49,-50,858,1476521550
E6:71:85:60:00:84,-65,-64,3557,1476521610
5C:E0:C5:C8:D3:D1,-51,-47,918,1476521610
E6:71:85:60:00:84,-62,-64,3617,1476521670
5C:E0:C5:C8:D3:D1,-48,-49,978,1476521670
E6:71:85:60:00:84,-63,-64,3677,1476521730
5C:E0:C5:C8:D3:D1,-49,-45,1038,1476521730
E6:71:85:60:00:84,-62,-63,3737,1476521790
5C:E0:C5:C8:D3:D1,-53,-49,1098,1476521790
E6:71:85:60:00:84,-63,-63,3797,1476521850
5C:E0:C5:C8:D3:D1,-51,-47,1158,1476521850
E6:71:85:60:00:84,-60,-68,3857,1476521910
5C:E0:C5:C8:D3:D1,-48,-43,1218,1476521910
E6:71:85:60:00:84,-64,-68,3920,1476521973
5C:E0:C5:C8:D3:D1,-48,-43,1281,1476521973
E6:71:85:60:00:84,-60,-64,3980,1476522033
5C:E0:C5:C8:D3:D1,-50,-42,18,1476522033
E6:71:85:60:00:84,-63,-68,4040,1476522093
5C:E0:C5:C8:D3:D1,-51,-47,78,1476522093
E6:71:85:60:00:84,-59,-68,4100,1476522153
5C:E0:C5:C8:D3:D1,-50,-47,138,1476522153
E6:71:85:60:00:84,-61,-61,4160,1476522213
5C:E0:C5:C8:D3:D1,-49,-45,198,1476522213
E6:71:85:60:00:84,-65,-66,4224,1476522276
5C:E0:C5:C8:D3:D1,-49,-45,262,1476522276
E6:71:85:60:00:84,-57,-61,4284,1476522336
5C:E0:C5:C8:D3:D1,-51,-48,322,1476522336
E6:71:85:60:00:84,-58,-66,4344,1476522396
5C:E0:C5:C8:D3:D1,-54,-54,382,1476522396
E6:71:85:60:00:84,-58,-64,4404,1476522456
5C:E0:C5:C8:D3:D1,-48,-52,442,1476522456
E6:71:85:60:00:84,-64,-66,4464,1476522516
5C:E0:C5:C8:D3:D1,-51,-45,502,1476522516
E6:71:85:60:00:84,-64,-62,4527,1476522580
5C:E0:C5:C8:D3:D1,-51,-45,565,1476522580
E6:71:85:60:00:84,-61,-63,4587,1476522640
5C:E0:C5:C8:D3:D1,-51,-46,28,1476522640
E6:71:85:60:00:84,-58,-66,4647,1476522700
5C:E0:C5:C8:D3:D1,-56,-47,88,1476522700
E6:71:85:60:00:84,-66,-66,4707,1476522760
5C:E0:C5:C8:D3:D1,-47,-46,148,1476522760
E6:71:85:60:00:84,-58,-69,4767,1476522820
5C:E0:C5:C8:D3:D1,-47,-46,208,1476522820
E6:71:85:60:00:84,-63,-65,4852,1476522905
5C:E0:C5:C8:D3:D1,-51,-50,53,1476522905
E6:71:85:60:00:84,-63,-66,4912,1476522965
5C:E0:C5:C8:D3:D1,-50,-49,113,1476522965
E6:71:85:60:00:84,-59,-67,4972,1476523025
5C:E0:C5:C8:D3:D1,-52,-48,173,1476523025
E6:71:85:60:00:84,-62,-63,5032,1476523085
5C:E0:C5:C8:D3:D1,-52,-47,233,1476523085
E6:71:85:60:00:84,-59,-65,5092,1476523145
5C:E0:C5:C8:D3:D1,-52,-47,293,1476523145
E6:71:85:60:00:84,-61,-65,5155,1476523208
5C:E0:C5:C8:D3:D1,-52,-47,356,1476523208
E6:71:85:60:00:84,-58,-67,5215,1476523268
5C:E0:C5:C8:D3:D1,-51,-46,416,1476523268
E6:71:85:60:00:84,-58,-66,5275,1476523328
5C:E0:C5:C8:D3:D1,-49,-50,476,1476523328
E6:71:85:60:00:84,-58,-67,5335,1476523388
5C:E0:C5:C8:D3:D1,-50,-51,536,1476523388
E6:71:85:60:00:84,-58,-63,5395,1476523448
5C:E0:C5:C8:D3:D1,-53,-44,596,1476523448
E6:71:85:60:00:84,-60,-62,5455,1476523508
5C:E0:C5:C8:D3:D1,-49,-53,656,1476523508
E6:71:85:60:00:84,-57,-64,5515,1476523568
5C:E0:C5:C8:D3:D1,-51,-51,716,1476523568
E6:71:85:60:00:84,-64,-63,5575,1476523628
5C:E0:C5:C8:D3:D1,-46,-45,776,1476523628
E6:71:85:60:00:84,-61,-63,5635,1476523688
5C:E0:C5:C8:D3:D1,-48,-50,836,1476523688
E6:71:85:60:00:84,-57,-65,5698,1476523751
5C:E0:C5:C8:D3:D1,-52,-47,899,1476523751
E6:71:85:60:00:84,-57,-63,5758,1476523811
5C:E0:C5:C8:D3:D1,-48,-43,959,1476523811
E6:71:85:60:00:84,-60,-64,5818,1476523871
5C:E0:C5:C8:D3:D1,-47,-42,1019,1476523871
E6:71:85:60:00:84,-64,-64,5878,1476523931
5C:E0:C5:C8:D3:D1,-47,-42,1079,1476523931
E6:71:85:60:00:84,-60,-57,5938,1476523991
5C:E0:C5:C8:D3:D1,-45,-45,1139,1476523991
E6:71:85:60:00:84,-58,-62,6023,1476524076
5C:E0:C5:C8:D3:D1,-52,-44,1224,1476524076
E6:71:85:60:00:84,-58,-60,6083,1476524136
5C:E0:C5:C8:D3:D1,-53,-45,1284,1476524136
E6:71:85:60:00:84,-59,-60,6143,1476524196
5C:E0:C5:C8:D3:D1,-51,-49,1344,1476524196
E6:71:85:60:00:84,-63,-62,6203,1476524256
5C:E0:C5:C8:D3:D1,-49,-49,1404,1476524256
E6:71:85:60:00:84,-57,-59,6263,1476524316
5C:E0:C5:C8:D3:D1,-49,-44,1464,1476524316
E6:71:85:60:00:84,-62,-64,6327,1476524379
5C:E0:C5:C8:D3:D1,-50,-45,1528,1476524379
E6:71:85:60:00:84,-59,-59,6387,1476524439
5C:E0:C5:C8:D3:D1,-50,-45,1588,1476524439
E6:71:85:60:00:84,-65,-65,6447,1476524499
5C:E0:C5:C8:D3:D1,-53,-49,1648,1476524499
E6:71:85:60:00:84,-66,-63,6507,1476524559
5C:E0:C5:C8:D3:D1,-49,-49,1708,1476524559
E6:71:85:60:00:84,-60,-64,6567,1476524619
5C:E0:C5:C8:D3:D1,-49,-49,1768,1476524619
E6:71:85:60:00:84,-66,-65,6630,1476524683
5C:E0:C5:C8:D3:D1,-49,-47,31,1476524683
E6:71:85:60:00:84,-66,-63,6690,1476524743
5C:E0:C5:C8:D3:D1,-53,-49,91,1476524743
E6:71:85:60:00:84,-59,-64,6750,1476524803
5C:E0:C5:C8:D3:D1,-50,-43,151,1476524803
E6:71:85:60:00:84,-61,-62,6810,1476524863
5C:E0:C5:C8:D3:D1,-47,-56,211,1476524863
E6:71:85:60:00:84,-66,-64,6870,1476524923
5C:E0:C5:C8:D3:D1,-52,-45,271,1476524923
E6:71:85:60:00:84,-67,-64,6933,1476524986
5C:E0:C5:C8:D3:D1,-54,-51,334,1476524986
E6:71:85:60:00:84,-65,-61,6993,1476525046
5C:E0:C5:C8:D3:D1,-44,-43,394,1476525046
E6:71:85:60:00:84,-67,-65,7053,1476525106
5C:E0:C5:C8:D3:D1,-50,-49,454,1476525106
E6:71:85:60:00:84,-67,-65,7113,1476525166
5C:E0:C5:C8:D3:D1,-51,-47,514,1476525166
E6:71:85:60:00:84,-65,-64,7173,1476525226
5C:E0:C5:C8:D3:D1,-55,-47,574,1476525226
E6:71:85:60:00:84,-59,-59,7233,1476525286
5C:E0:C5:C8:D3:D1,-50,-48,634,1476525286
E6:71:85:60:00:84,-61,-59,7293,1476525346
5C:E0:C5:C8:D3:D1,-50,-47,694,1476525346
E6:71:85:60:00:84,-62,-61,7353,1476525406
5C:E0:C5:C8:D3:D1,-47,-42,754,1476525406
E6:71:85:60:00:84,-63,-59,7413,1476525466
5C:E0:C5:C8:D3:D1,-53,-52,814,1476525466
E6:71:85:60:00:84,-59,-64,7476,1476525529
5C:E0:C5:C8:D3:D1,-52,-53,877,1476525529
E6:71:85:60:00:84,-64,-62,7536,1476525589
5C:E0:C5:C8:D3:D1,-52,-49,937,1476525589
E6:71:85:60:00:84,-60,-65,7596,1476525649
5C:E0:C5:C8:D3:D1,-48,-48,997,1476525649
E6:71:85:60:00:84,-60,-64,7656,1476525709
5C:E0:C5:C8:D3:D1,-47,-45,1057,1476525709
E6:71:85:60:00:84,-67,-65,7716,1476525769
5C:E0:C5:C8:D3:D1,-57,-46,1117,1476525769
E6:71:85:60:00:84,-66,-64,7779,1476525832
5C:E0:C5:C8:D3:D1,-53,-45,1180,1476525832
E6:71:85:60:00:84,-64,-60,7839,1476525892
5C:E0:C5:C8:D3:D1,-50,-49,1240,1476525892
E6:71:85:60:00:84,-60,-62,7899,1476525952
5C:E0:C5:C8:D3:D1,-54,-46,1300,1476525952
E6:71:85:60:00:84,-61,-59,7959,1476526012
5C:E0:C5:C8:D3:D1,-55,-47,1360,1476526012
E6:71:85:60:00:84,-61,-58,8019,1476526072
5C:E0:C5:C8:D3:D1,-46,-44,1420,1476526072
E6:71:85:60:00:84,-59,-60,8082,1476526135
5C:E0:C5:C8:D3:D1,-47,-44,1483,1476526135
E6:71:85:60:00:84,-62,-64,8142,1476526195
5C:E0:C5:C8:D3:D1,-48,-45,1543,1476526195
E6:71:85:60:00:84,-68,-65,8202,1476526255
5C:E0:C5:C8:D3:D1,-47,-42,1603,1476526255
E6:71:85:60:00:84,-60,-59,8262,1476526315
5C:E0:C5:C8:D3:D1,-50,-49,1663,1476526315
E6:71:85:60:00:84,-66,-64,8322,1476526375
5C:E0:C5:C8:D3:D1,-50,-43,1723,1476526375
E6:71:85:60:00:84,-64,-63,8385,1476526438
5C:E0:C5:C8:D3:D1,-47,-44,1786,1476526438
E6:71:85:60:00:84,-64,-64,8445,1476526498
5C:E0:C5:C8:D3:D1,-56,-50,1846,1476526498
E6:71:85:60:00:84,-65,-64,8505,1476526558
5C:E0:C5:C8:D3:D1,-50,-47,1906,1476526558
E6:71:85:60:00:84,-61,-61,8565,1476526618
5C:E0:C5:C8:D3:D1,-44,-48,1966,1476526618
E6:71:85:60:00:84,-60,-60,8625,1476526678
5C:E0:C5:C8:D3:D1,-45,-55,2026,1476526678
