Client_MAC,Rssi0,Rssi1,Connection_Time,EpocTime
E6:71:85:60:00:84,-61,-63,14609,1476563050
E6:71:85:60:00:84,-62,-64,14669,1476563110
E6:71:85:60:00:84,-61,-63,14729,1476563170
E6:71:85:60:00:84,-61,-64,14789,1476563230
E6:71:85:60:00:84,-60,-63,14849,1476563290
E6:71:85:60:00:84,-61,-63,14912,1476563353
E6:71:85:60:00:84,-62,-65,14972,1476563413
E6:71:85:60:00:84,-60,-63,15032,1476563473
E6:71:85:60:00:84,-61,-64,15092,1476563533
E6:71:85:60:00:84,-60,-63,15152,1476563593
E6:71:85:60:00:84,-59,-62,15215,1476563656
E6:71:85:60:00:84,-61,-63,15275,1476563716
E6:71:85:60:00:84,-60,-63,15335,1476563776
E6:71:85:60:00:84,-60,-63,15395,1476563836
E6:71:85:60:00:84,-61,-63,15455,1476563896
E6:71:85:60:00:84,-58,-60,15542,1476563983
E6:71:85:60:00:84,-58,-61,15602,1476564043
E6:71:85:60:00:84,-58,-60,15662,1476564103
E6:71:85:60:00:84,-58,-61,15722,1476564163
E6:71:85:60:00:84,-59,-62,15782,1476564223
E6:71:85:60:00:84,-59,-62,15845,1476564286
E6:71:85:60:00:84,-59,-61,15905,1476564346
E6:71:85:60:00:84,-58,-60,15965,1476564406
E6:71:85:60:00:84,-58,-61,16025,1476564466
E6:71:85:60:00:84,-57,-60,16085,1476564526
E6:71:85:60:00:84,-58,-61,16145,1476564586
E6:71:85:60:00:84,-59,-62,16205,1476564646
E6:71:85:60:00:84,-60,-63,16265,1476564706
E6:71:85:60:00:84,-61,-64,16325,1476564766
E6:71:85:60:00:84,-60,-63,16388,1476564829
E6:71:85:60:00:84,-61,-64,16448,1476564889
E6:71:85:60:00:84,-61,-63,16508,1476564949
E6:71:85:60:00:84,-60,-63,16568,1476565009
E6:71:85:60:00:84,-61,-64,16628,1476565069
E6:71:85:60:00:84,-60,-63,16714,1476565155
E6:71:85:60:00:84,-62,-64,16774,1476565215
E6:71:85:60:00:84,-61,-64,16834,1476565275
E6:71:85:60:00:84,-60,-63,16894,1476565335
E6:71:85:60:00:84,-61,-64,16954,1476565395
E6:71:85:60:00:84,-61,-63,17017,1476565458
E6:71:85:60:00:84,-61,-63,17077,1476565518
E6:71:85:60:00:84,-60,-63,17137,1476565578
E6:71:85:60:00:84,-59,-61,17197,1476565638
E6:71:85:60:00:84,-60,-63,17257,1476565698
E6:71:85:60:00:84,-60,-63,17320,1476565761
E6:71:85:60:00:84,-61,-64,17380,1476565821
E6:71:85:60:00:84,-59,-62,17440,1476565881
E6:71:85:60:00:84,-60,-63,17500,1476565941
E6:71:85:60:00:84,-60,-63,17560,1476566001
E6:71:85:60:00:84,-61,-64,17624,1476566064
E6:71:85:60:00:84,-60,-63,17684,1476566124
E6:71:85:60:00:84,-59,-62,17744,1476566184
E6:71:85:60:00:84,-61,-63,17804,1476566244
E6:71:85:60:00:84,-60,-63,17864,1476566304
E6:71:85:60:00:84,-60,-63,17924,1476566364
E6:71:85:60:00:84,-60,-62,17984,1476566424
E6:71:85:60:00:84,-61,-63,18044,1476566484
E6:71:85:60:00:84,-60,-63,18104,1476566544
E6:71:85:60:00:84,-62,-64,18167,1476566607
E6:71:85:60:00:84,-64,-66,18227,1476566667
E6:71:85:60:00:84,-61,-64,18287,1476566727
E6:71:85:60:00:84,-61,-64,18347,1476566787
E6:71:85:60:00:84,-60,-63,18407,1476566847
E6:71:85:60:00:84,-61,-64,18470,1476566910
E6:71:85:60:00:84,-61,-63,18530,1476566970
E6:71:85:60:00:84,-60,-63,18590,1476567031
E6:71:85:60:00:84,-61,-63,18650,1476567091
E6:71:85:60:00:84,-61,-64,18710,1476567151
E6:71:85:60:00:84,-60,-63,18797,1476567237
E6:71:85:60:00:84,-57,-60,18857,1476567297
E6:71:85:60:00:84,-57,-60,18917,1476567357
E6:71:85:60:00:84,-57,-60,18977,1476567417
E6:71:85:60:00:84,-57,-60,19037,1476567477
E6:71:85:60:00:84,-61,-63,19100,1476567541
E6:71:85:60:00:84,-61,-63,19160,1476567601
E6:71:85:60:00:84,-61,-64,19220,1476567661
E6:71:85:60:00:84,-61,-64,19280,1476567721
E6:71:85:60:00:84,-61,-64,19340,1476567781
E6:71:85:60:00:84,-60,-63,19403,1476567844
E6:71:85:60:00:84,-60,-63,19463,1476567904
E6:71:85:60:00:84,-60,-62,19523,1476567964
E6:71:85:60:00:84,-60,-63,19583,1476568024
E6:71:85:60:00:84,-60,-63,19643,1476568084
E6:71:85:60:00:84,-59,-62,19703,1476568144
E6:71:85:60:00:84,-60,-62,19763,1476568204
E6:71:85:60:00:84,-61,-63,19823,1476568264
E6:71:85:60:00:84,-59,-62,19883,1476568324
E6:71:85:60:00:84,-60,-63,19946,1476568387
E6:71:85:60:00:84,-60,-63,20006,1476568447
E6:71:85:60:00:84,-59,-63,20066,1476568507
E6:71:85:60:00:84,-60,-63,20126,1476568567
E6:71:85:60:00:84,-60,-63,20186,1476568627
E6:71:85:60:00:84,-60,-63,20271,1476568712
E6:71:85:60:00:84,-58,-60,20331,1476568772
E6:71:85:60:00:84,-60,-63,20391,1476568832
E6:71:85:60:00:84,-59,-62,20451,1476568892
E6:71:85:60:00:84,-60,-63,20511,1476568952
E6:71:85:60:00:84,-60,-63,20574,1476569015
E6:71:85:60:00:84,-61,-64,20634,1476569075
E6:71:85:60:00:84,-60,-63,20694,1476569135
E6:71:85:60:00:84,-61,-64,20754,1476569195
E6:71:85:60:00:84,-59,-62,20814,1476569255
E6:71:85:60:00:84,-61,-64,20878,1476569318
E6:71:85:60:00:84,-60,-63,20938,1476569378
E6:71:85:60:00:84,-60,-63,20998,1476569438
E6:71:85:60:00:84,-61,-64,21058,1476569498
E6:71:85:60:00:84,-61,-64,21118,1476569558
E6:71:85:60:00:84,-59,-62,21181,1476569621
E6:71:85:60:00:84,-60,-63,21241,1476569681
E6:71:85:60:00:84,-58,-61,21301,1476569741
E6:71:85:60:00:84,-60,-63,21361,1476569801
E6:71:85:60:00:84,-61,-64,21421,1476569861
E6:71:85:60:00:84,-60,-63,21481,1476569921
E6:71:85:60:00:84,-59,-62,21541,1476569981
E6:71:85:60:00:84,-60,-63,21601,1476570041
E6:71:85:60:00:84,-60,-63,21661,1476570101
E6:71:85:60:00:84,-60,-62,21724,1476570164
E6:71:85:60:00:84,-62,-65,21784,1476570224
E6:71:85:60:00:84,-61,-64,21844,1476570285
E6:71:85:60:00:84,-61,-63,21904,1476570345
E6:71:85:60:00:84,-60,-63,21964,1476570405
E6:71:85:60:00:84,-61,-63,22027,1476570468
E6:71:85:60:00:84,-61,-63,22087,1476570528
E6:71:85:60:00:84,-61,-63,22147,1476570588
E6:71:85:60:00:84,-60,-63,22207,1476570648
E6:71:85:60:00:84,-60,-64,22267,1476570708
E6:71:85:60:00:84,-60,-63,22354,1476570795
E6:71:85:60:00:84,-60,-63,22414,1476570855
E6:71:85:60:00:84,-60,-63,22474,1476570915
E6:71:85:60:00:84,-60,-63,22534,1476570975
E6:71:85:60:00:84,-60,-63,22594,1476571035
E6:71:85:60:00:84,-60,-63,22657,1476571098
E6:71:85:60:00:84,-58,-61,22717,1476571158
E6:71:85:60:00:84,-60,-63,22777,1476571218
E6:71:85:60:00:84,-60,-64,22837,1476571278
E6:71:85:60:00:84,-60,-63,22897,1476571338
E6:71:85:60:00:84,-60,-63,22960,1476571401
E6:71:85:60:00:84,-61,-64,23020,1476571461
E6:71:85:60:00:84,-60,-63,23080,1476571521
E6:71:85:60:00:84,-60,-63,23140,1476571581
E6:71:85:60:00:84,-61,-64,23200,1476571641
E6:71:85:60:00:84,-61,-64,23260,1476571701
E6:71:85:60:00:84,-61,-64,23320,1476571761
E6:71:85:60:00:84,-61,-64,23380,1476571821
E6:71:85:60:00:84,-61,-63,23440,1476571881
E6:71:85:60:00:84,-60,-63,23503,1476571944
E6:71:85:60:00:84,-61,-63,23563,1476572004
E6:71:85:60:00:84,-60,-63,23623,1476572064
E6:71:85:60:00:84,-61,-63,23683,1476572124
E6:71:85:60:00:84,-60,-64,23743,1476572184
E6:71:85:60:00:84,-59,-63,23824,1476572264
E6:71:85:60:00:84,-60,-63,23884,1476572324
E6:71:85:60:00:84,-60,-63,23944,1476572384
E6:71:85:60:00:84,-60,-63,24004,1476572444
E6:71:85:60:00:84,-60,-63,24064,1476572504
E6:71:85:60:00:84,-59,-62,24127,1476572567
E6:71:85:60:00:84,-59,-62,24187,1476572627
E6:71:85:60:00:84,-59,-62,24247,1476572687
E6:71:85:60:00:84,-59,-62,24307,1476572747
E6:71:85:60:00:84,-58,-61,24367,1476572807
E6:71:85:60:00:84,-60,-63,24430,1476572871
E6:71:85:60:00:84,-60,-63,24490,1476572931
E6:71:85:60:00:84,-60,-63,24550,1476572991
E6:71:85:60:00:84,-60,-63,24610,1476573051
E6:71:85:60:00:84,-59,-62,24670,1476573111
E6:71:85:60:00:84,-60,-64,24733,1476573174
E6:71:85:60:00:84,-61,-64,24793,1476573234
E6:71:85:60:00:84,-61,-64,24853,1476573294
E6:71:85:60:00:84,-60,-63,24913,1476573354
E6:71:85:60:00:84,-61,-64,24973,1476573414
E6:71:85:60:00:84,-62,-65,25033,1476573474
E6:71:85:60:00:84,-60,-64,25093,1476573534
E6:71:85:60:00:84,-60,-63,25153,1476573594
E6:71:85:60:00:84,-61,-64,25213,1476573654
E6:71:85:60:00:84,-60,-63,25276,1476573717
E6:71:85:60:00:84,-61,-65,25336,1476573777
E6:71:85:60:00:84,-60,-64,25396,1476573837
E6:71:85:60:00:84,-59,-62,25456,1476573897
E6:71:85:60:00:84,-59,-64,25516,1476573957
E6:71:85:60:00:84,-60,-64,25579,1476574020
E6:71:85:60:00:84,-59,-61,25639,1476574080
E6:71:85:60:00:84,-60,-64,25699,1476574140
E6:71:85:60:00:84,-59,-62,25759,1476574200
E6:71:85:60:00:84,-60,-63,25819,1476574260
E6:71:85:60:00:84,-60,-63,25882,1476574323
E6:71:85:60:00:84,-61,-64,25942,1476574383
E6:71:85:60:00:84,-60,-63,26002,1476574443
E6:71:85:60:00:84,-60,-63,26062,1476574503
E6:71:85:60:00:84,-59,-62,26122,1476574563
E6:71:85:60:00:84,-60,-64,26185,1476574626
E6:71:85:60:00:84,-61,-64,26245,1476574686
E6:71:85:60:00:84,-60,-64,26305,1476574746
E6:71:85:60:00:84,-60,-64,26365,1476574806
E6:71:85:60:00:84,-61,-64,26425,1476574866
E6:71:85:60:00:84,-60,-64,26488,1476574929
E6:71:85:60:00:84,-60,-63,26548,1476574989
E6:71:85:60:00:84,-60,-64,26608,1476575049
E6:71:85:60:00:84,-60,-64,26668,1476575109
E6:71:85:60:00:84,-60,-63,26728,1476575169
E6:71:85:60:00:84,-59,-64,26788,1476575229
E6:71:85:60:00:84,-61,-64,26848,1476575289
E6:71:85:60:00:84,-61,-64,26908,1476575349
E6:71:85:60:00:84,-61,-64,26968,1476575409
E6:71:85:60:00:84,-60,-63,27031,1476575472
E6:71:85:60:00:84,-60,-63,27091,1476575532
E6:71:85:60:00:84,-59,-61,27151,1476575592
E6:71:85:60:00:84,-60,-63,27211,1476575652
E6:71:85:60:00:84,-59,-61,27271,1476575712
E6:71:85:60:00:84,-58,-60,27334,1476575775
E6:71:85:60:00:84,-58,-60,27394,1476575835
E6:71:85:60:00:84,-60,-63,27454,1476575895
E6:71:85:60:00:84,-60,-63,27514,1476575955
E6:71:85:60:00:84,-60,-63,27574,1476576015
E6:71:85:60:00:84,-60,-63,27637,1476576078
E6:71:85:60:00:84,-60,-64,27697,1476576138
E6:71:85:60:00:84,-60,-64,27757,1476576198
E6:71:85:60:00:84,-60,-64,27817,1476576258
E6:71:85:60:00:84,-60,-64,27877,1476576318
E6:71:85:60:00:84,-60,-64,27940,1476576381
E6:71:85:60:00:84,-60,-63,28000,1476576441
E6:71:85:60:00:84,-60,-64,28060,1476576501
E6:71:85:60:00:84,-60,-63,28120,1476576561
E6:71:85:60:00:84,-60,-63,28180,1476576621
E6:71:85:60:00:84,-59,-63,28267,1476576708
E6:71:85:60:00:84,-59,-63,28327,1476576768
E6:71:85:60:00:84,-60,-63,28387,1476576828
E6:71:85:60:00:84,-60,-63,28447,1476576888
E6:71:85:60:00:84,-60,-63,28507,1476576948
E6:71:85:60:00:84,-62,-66,28567,1476577008
E6:71:85:60:00:84,-60,-64,28627,1476577068
E6:71:85:60:00:84,-60,-63,28687,1476577128
E6:71:85:60:00:84,-60,-63,28747,1476577188
